,Step,Method,Value
0,2,al,96.5
1,2,al,201.0
2,2,al,69.0
3,2,al,42.0
4,2,al,167.0
5,2,al,161.0
6,2,al,163.5
7,2,al,44.0
8,2,al,142.0
9,2,al,150.5
10,2,rand,15.0
11,2,rand,106.5
12,2,rand,128.0
13,2,rand,117.5
14,2,rand,33.5
15,2,rand,85.5
16,2,rand,27.0
17,2,rand,74.0
18,2,rand,131.5
19,2,rand,51.5
20,3,al,206.0
21,3,al,61.0
22,3,al,206.0
23,3,al,32.0
24,3,al,61.0
25,3,al,206.0
26,3,al,145.0
27,3,al,145.0
28,3,al,216.0
29,3,al,206.0
30,3,rand,128.0
31,3,rand,108.0
32,3,rand,7.0
33,3,rand,216.0
34,3,rand,117.0
35,3,rand,32.0
36,3,rand,50.0
37,3,rand,67.0
38,3,rand,32.0
39,3,rand,47.0
40,4,al,81.0
41,4,al,56.0
42,4,al,29.0
43,4,al,88.0
44,4,al,32.0
45,4,al,117.0
46,4,al,32.0
47,4,al,61.0
48,4,al,155.0
49,4,al,145.0
50,4,rand,10.0
51,4,rand,47.0
52,4,rand,121.0
53,4,rand,88.0
54,4,rand,125.0
55,4,rand,88.0
56,4,rand,68.0
57,4,rand,56.0
58,4,rand,155.0
59,4,rand,20.0
60,5,al,47.0
61,5,al,88.0
62,5,al,32.0
63,5,al,11.0
64,5,al,88.0
65,5,al,11.0
66,5,al,88.0
67,5,al,29.0
68,5,al,67.0
69,5,al,32.0
70,5,rand,216.0
71,5,rand,145.0
72,5,rand,89.0
73,5,rand,50.0
74,5,rand,3.0
75,5,rand,79.0
76,5,rand,88.0
77,5,rand,39.0
78,5,rand,99.0
79,5,rand,3.0
80,6,al,49.0
81,6,al,99.0
82,6,al,67.0
83,6,al,20.0
84,6,al,9.0
85,6,al,20.0
86,6,al,11.0
87,6,al,88.0
88,6,al,99.0
89,6,al,88.0
90,6,rand,108.0
91,6,rand,177.0
92,6,rand,8.0
93,6,rand,17.0
94,6,rand,50.0
95,6,rand,47.0
96,6,rand,47.0
97,6,rand,128.0
98,6,rand,11.0
99,6,rand,8.0
100,7,al,167.0
101,7,al,20.0
102,7,al,11.0
103,7,al,17.0
104,7,al,17.0
105,7,al,30.0
106,7,al,20.0
107,7,al,9.0
108,7,al,88.0
109,7,al,11.0
110,7,rand,9.0
111,7,rand,96.0
112,7,rand,17.0
113,7,rand,56.0
114,7,rand,17.0
115,7,rand,61.0
116,7,rand,145.0
117,7,rand,10.0
118,7,rand,78.0
119,7,rand,39.0
120,8,al,20.0
121,8,al,30.0
122,8,al,9.0
123,8,al,47.0
124,8,al,47.0
125,8,al,47.0
126,8,al,17.0
127,8,al,30.0
128,8,al,9.0
129,8,al,50.0
130,8,rand,88.0
131,8,rand,71.0
132,8,rand,108.0
133,8,rand,9.0
134,8,rand,32.0
135,8,rand,128.0
136,8,rand,177.0
137,8,rand,20.0
138,8,rand,121.0
139,8,rand,128.0
140,9,al,155.0
141,9,al,47.0
142,9,al,17.0
143,9,al,7.0
144,9,al,118.0
145,9,al,91.0
146,9,al,47.0
147,9,al,47.0
148,9,al,17.0
149,9,al,30.0
150,9,rand,167.0
151,9,rand,118.0
152,9,rand,128.0
153,9,rand,17.0
154,9,rand,167.0
155,9,rand,68.0
156,9,rand,88.0
157,9,rand,71.0
158,9,rand,85.0
159,9,rand,206.0
160,10,al,56.0
161,10,al,40.0
162,10,al,40.0
163,10,al,111.0
164,10,al,111.0
165,10,al,20.0
166,10,al,118.0
167,10,al,40.0
168,10,al,71.0
169,10,al,17.0
170,10,rand,68.0
171,10,rand,39.0
172,10,rand,99.0
173,10,rand,71.0
174,10,rand,10.0
175,10,rand,118.0
176,10,rand,117.0
177,10,rand,40.0
178,10,rand,78.0
179,10,rand,85.0
180,11,al,11.0
181,11,al,131.0
182,11,al,131.0
183,11,al,20.0
184,11,al,131.0
185,11,al,111.0
186,11,al,20.0
187,11,al,131.0
188,11,al,111.0
189,11,al,71.0
190,11,rand,43.0
191,11,rand,99.0
192,11,rand,32.0
193,11,rand,111.0
194,11,rand,98.0
195,11,rand,128.0
196,11,rand,216.0
197,11,rand,56.0
198,11,rand,30.0
199,11,rand,131.0
