,Step,Method,Value
0,2,al,161.5
1,2,al,17.5
2,2,al,138.0
3,2,al,43.5
4,2,al,84.5
5,2,al,78.0
6,2,al,43.5
7,2,al,68.5
8,2,al,81.5
9,2,al,201.0
10,2,rand,24.0
11,2,rand,14.5
12,2,rand,44.5
13,2,rand,53.5
14,2,rand,122.5
15,2,rand,84.0
16,2,rand,38.5
17,2,rand,78.0
18,2,rand,62.0
19,2,rand,117.5
20,3,al,61.0
21,3,al,61.0
22,3,al,32.0
23,3,al,11.0
24,3,al,128.0
25,3,al,128.0
26,3,al,11.0
27,3,al,61.0
28,3,al,61.0
29,3,al,61.0
30,3,rand,79.0
31,3,rand,23.0
32,3,rand,47.0
33,3,rand,196.0
34,3,rand,206.0
35,3,rand,118.0
36,3,rand,3.0
37,3,rand,20.0
38,3,rand,23.0
39,3,rand,196.0
40,4,al,67.0
41,4,al,117.0
42,4,al,61.0
43,4,al,89.0
44,4,al,11.0
45,4,al,61.0
46,4,al,117.0
47,4,al,56.0
48,4,al,67.0
49,4,al,56.0
50,4,rand,167.0
51,4,rand,40.0
52,4,rand,40.0
53,4,rand,111.0
54,4,rand,10.0
55,4,rand,10.0
56,4,rand,40.0
57,4,rand,47.0
58,4,rand,20.0
59,4,rand,125.0
60,5,al,99.0
61,5,al,89.0
62,5,al,117.0
63,5,al,206.0
64,5,al,88.0
65,5,al,56.0
66,5,al,29.0
67,5,al,32.0
68,5,al,99.0
69,5,al,88.0
70,5,rand,177.0
71,5,rand,71.0
72,5,rand,56.0
73,5,rand,121.0
74,5,rand,71.0
75,5,rand,145.0
76,5,rand,85.0
77,5,rand,56.0
78,5,rand,78.0
79,5,rand,81.0
80,6,al,49.0
81,6,al,128.0
82,6,al,9.0
83,6,al,29.0
84,6,al,96.0
85,6,al,88.0
86,6,al,56.0
87,6,al,43.0
88,6,al,88.0
89,6,al,99.0
90,6,rand,206.0
91,6,rand,79.0
92,6,rand,29.0
93,6,rand,78.0
94,6,rand,91.0
95,6,rand,64.0
96,6,rand,78.0
97,6,rand,88.0
98,6,rand,206.0
99,6,rand,128.0
100,7,al,7.0
101,7,al,7.0
102,7,al,30.0
103,7,al,49.0
104,7,al,81.0
105,7,al,177.0
106,7,al,121.0
107,7,al,78.0
108,7,al,99.0
109,7,al,50.0
110,7,rand,85.0
111,7,rand,39.0
112,7,rand,206.0
113,7,rand,88.0
114,7,rand,131.0
115,7,rand,3.0
116,7,rand,49.0
117,7,rand,56.0
118,7,rand,125.0
119,7,rand,39.0
120,8,al,40.0
121,8,al,40.0
122,8,al,47.0
123,8,al,47.0
124,8,al,121.0
125,8,al,128.0
126,8,al,81.0
127,8,al,128.0
128,8,al,10.0
129,8,al,47.0
130,8,rand,24.0
131,8,rand,17.0
132,8,rand,98.0
133,8,rand,99.0
134,8,rand,7.0
135,8,rand,128.0
136,8,rand,32.0
137,8,rand,7.0
138,8,rand,96.0
139,8,rand,56.0
140,9,al,17.0
141,9,al,17.0
142,9,al,40.0
143,9,al,40.0
144,9,al,7.0
145,9,al,47.0
146,9,al,47.0
147,9,al,47.0
148,9,al,98.0
149,9,al,17.0
150,9,rand,64.0
151,9,rand,145.0
152,9,rand,108.0
153,9,rand,8.0
154,9,rand,49.0
155,9,rand,117.0
156,9,rand,135.0
157,9,rand,128.0
158,9,rand,88.0
159,9,rand,24.0
160,10,al,108.0
161,10,al,108.0
162,10,al,111.0
163,10,al,111.0
164,10,al,118.0
165,10,al,17.0
166,10,al,118.0
167,10,al,71.0
168,10,al,17.0
169,10,al,23.0
170,10,rand,91.0
171,10,rand,78.0
172,10,rand,155.0
173,10,rand,64.0
174,10,rand,32.0
175,10,rand,88.0
176,10,rand,88.0
177,10,rand,81.0
178,10,rand,79.0
179,10,rand,131.0
180,11,al,20.0
181,11,al,20.0
182,11,al,20.0
183,11,al,20.0
184,11,al,23.0
185,11,al,20.0
186,11,al,20.0
187,11,al,71.0
188,11,al,131.0
189,11,rand,88.0
190,11,rand,128.0
191,11,rand,135.0
192,11,rand,47.0
193,11,rand,47.0
194,11,rand,98.0
195,11,rand,125.0
196,11,rand,135.0
197,11,rand,108.0
