,Step,Method,Value
0,1,al,65.5
1,1,al,22.0
2,1,al,73.0
3,1,al,93.0
4,1,al,133.5
5,1,al,65.5
6,1,al,42.0
7,1,al,79.5
8,1,al,0.0
9,1,al,35.0
10,1,rand,31.0
11,1,rand,104.5
12,1,rand,66.5
13,1,rand,14.0
14,1,rand,37.5
15,1,rand,87.0
16,1,rand,24.0
17,1,rand,79.5
18,1,rand,22.0
19,1,rand,101.0
20,2,al,56.0
21,2,al,67.0
22,2,al,117.0
23,2,al,71.0
24,2,al,117.0
25,2,al,135.0
26,2,al,67.0
27,2,al,196.0
28,2,al,145.0
29,2,al,32.0
30,2,rand,111.0
31,2,rand,49.0
32,2,rand,71.0
33,2,rand,8.0
34,2,rand,40.0
35,2,rand,111.0
36,2,rand,91.0
37,2,rand,128.0
38,2,rand,145.0
39,2,rand,145.0
40,3,al,89.0
41,3,al,99.0
42,3,al,88.0
43,3,al,17.0
44,3,al,11.0
45,3,al,196.0
46,3,al,11.0
47,3,al,216.0
48,3,al,64.0
49,3,al,56.0
50,3,rand,135.0
51,3,rand,118.0
52,3,rand,167.0
53,3,rand,40.0
54,3,rand,47.0
55,3,rand,10.0
56,3,rand,108.0
57,3,rand,39.0
58,3,rand,10.0
59,3,rand,135.0
60,4,al,206.0
61,4,al,167.0
62,4,al,99.0
63,4,al,108.0
64,4,al,88.0
65,4,al,117.0
66,4,al,88.0
67,4,al,155.0
68,4,al,17.0
69,4,al,39.0
70,4,rand,145.0
71,4,rand,68.0
72,4,rand,177.0
73,4,rand,121.0
74,4,rand,128.0
75,4,rand,177.0
76,4,rand,79.0
77,4,rand,32.0
78,4,rand,99.0
79,4,rand,68.0
80,5,al,29.0
81,5,al,10.0
82,5,al,50.0
83,5,al,187.0
84,5,al,187.0
85,5,al,88.0
86,5,al,49.0
87,5,al,24.0
88,5,al,23.0
89,5,al,128.0
90,5,rand,128.0
91,5,rand,43.0
92,5,rand,145.0
93,5,rand,206.0
94,5,rand,10.0
95,5,rand,96.0
96,5,rand,29.0
97,5,rand,56.0
98,5,rand,79.0
99,5,rand,88.0
100,6,al,167.0
101,6,al,89.0
102,6,al,118.0
103,6,al,99.0
104,6,al,167.0
105,6,al,56.0
106,6,al,7.0
107,6,al,43.0
108,6,al,7.0
109,6,al,121.0
110,6,rand,47.0
111,6,rand,85.0
112,6,rand,17.0
113,6,rand,61.0
114,6,rand,20.0
115,6,rand,17.0
116,6,rand,61.0
117,6,rand,187.0
118,6,rand,167.0
119,6,rand,187.0
120,7,al,20.0
121,7,al,32.0
122,7,al,71.0
123,7,al,43.0
124,7,al,71.0
125,7,al,131.0
126,7,al,23.0
127,7,al,11.0
128,7,al,49.0
129,7,al,111.0
130,7,rand,8.0
131,7,rand,117.0
132,7,rand,50.0
133,7,rand,155.0
134,7,rand,187.0
135,7,rand,47.0
136,7,rand,145.0
137,7,rand,155.0
138,7,rand,79.0
139,7,rand,29.0
140,8,al,108.0
141,8,al,23.0
142,8,al,91.0
143,8,al,7.0
144,8,al,17.0
145,8,al,108.0
146,8,al,88.0
147,8,al,39.0
148,8,al,29.0
149,8,al,88.0
150,8,rand,88.0
151,8,rand,8.0
152,8,rand,20.0
153,8,rand,187.0
154,8,rand,29.0
155,8,rand,61.0
156,8,rand,10.0
157,8,rand,135.0
158,8,rand,20.0
159,8,rand,117.0
160,9,al,23.0
161,9,al,17.0
162,9,al,10.0
163,9,al,39.0
164,9,al,23.0
165,9,al,98.0
166,9,al,71.0
167,9,al,128.0
168,9,al,117.0
169,9,al,17.0
170,9,rand,187.0
171,9,rand,17.0
172,9,rand,23.0
173,9,rand,167.0
174,9,rand,108.0
175,9,rand,78.0
176,9,rand,118.0
177,9,rand,88.0
178,9,rand,3.0
179,9,rand,39.0
180,10,al,7.0
181,10,al,91.0
182,10,al,98.0
183,10,al,56.0
184,10,al,7.0
185,10,al,128.0
186,10,al,91.0
187,10,al,177.0
188,10,al,11.0
189,10,al,91.0
190,10,rand,88.0
191,10,rand,108.0
192,10,rand,131.0
193,10,rand,88.0
194,10,rand,47.0
195,10,rand,39.0
196,10,rand,50.0
197,10,rand,108.0
198,10,rand,40.0
199,10,rand,30.0
