,images,gt_confluence,pred_confluence,relative_delta_confluence,iou,precision,recall,f1,true_negative,accuracy,step,method,dAbsConf,dAbsAbsConf
2,total,0.35496256,0.35115048,0.019774023,0.4702243,0.6431363,0.63622767,0.6396628,1277276.0,0.74556196,0.0,rand,-0.0038120698,0.0038120698
2,total,0.35496256,0.47292295,0.3341387,0.43443546,0.53018147,0.70636874,0.6057228,1039196.0,0.6735844,0.0,al,0.11796039,0.11796039
2,total,0.35496256,0.4545587,0.28167677,0.42286,0.529265,0.6777657,0.59437984,1059376.0,0.67164266,1.0,al,0.099596135,0.099596135
2,total,0.35496256,0.3705621,0.04458497,0.46823773,0.6243984,0.6518371,0.6378223,1243187.0,0.73723185,1.0,rand,0.015599552,0.015599552
2,total,0.35496256,0.37473366,0.056970656,0.38519335,0.5414874,0.5716462,0.5561577,1162980.0,0.6761308,2.0,al,0.019771101,0.019771101
2,total,0.35496256,0.34416482,0.034834594,0.5015359,0.67851084,0.65786904,0.66803,1313323.0,0.7679114,2.0,rand,-0.0107977465,0.0107977465
2,total,0.35496256,0.2788755,0.21453181,0.3860995,0.63310194,0.49739328,0.5571016,1333786.0,0.7192749,3.0,rand,-0.07608705,0.07608705
2,total,0.35496256,0.32918394,0.07204448,0.41570586,0.6102732,0.5659513,0.5872767,1269955.0,0.71763754,3.0,al,-0.025778623,0.025778623
2,total,0.35496256,0.28629902,0.1935823,0.42681038,0.67001563,0.54040664,0.59827155,1353065.0,0.7423877,4.0,rand,-0.06866355,0.06866355
2,total,0.35496256,0.33406106,0.058642503,0.4380372,0.62827504,0.5912781,0.6092149,1280063.0,0.73074055,4.0,al,-0.020901507,0.020901507
2,total,0.35496256,0.33284807,0.061251305,0.45714745,0.6483004,0.6079089,0.6274548,1297552.0,0.74376017,5.0,al,-0.022114478,0.022114478
2,total,0.35496256,0.34496844,0.029039964,0.5126529,0.6876392,0.6682765,0.6778191,1320427.0,0.77449626,5.0,rand,-0.009994118,0.009994118
2,total,0.35496256,0.333928,0.058975987,0.45632693,0.6464207,0.608113,0.6266815,1295076.0,0.7428251,6.0,al,-0.021034563,0.021034563
2,total,0.35496256,0.28007832,0.21092057,0.4102803,0.6596268,0.5204676,0.5818417,1350959.0,0.73445314,6.0,rand,-0.07488425,0.07488425
2,total,0.35496256,0.34437802,0.05449396,0.5334638,0.70645636,0.68538874,0.69576263,1336806.0,0.7872351,7.0,rand,-0.01058453,0.01058453
2,total,0.35496256,0.30638814,0.13597931,0.43200263,0.65118325,0.56207097,0.60335404,1322593.0,0.73767865,7.0,al,-0.04857444,0.04857444
2,total,0.35496256,0.34840634,0.018656695,0.51945335,0.69017136,0.6774218,0.6837367,1319956.0,0.7775509,8.0,rand,-0.00655621,0.00655621
2,total,0.35496256,0.27490783,0.22529933,0.42747656,0.68613297,0.5313874,0.5989257,1373192.0,0.7473759,8.0,al,-0.080054745,0.080054745
2,total,0.35496256,0.32950377,0.072629675,0.5084189,0.7001516,0.64993304,0.67410785,1342431.0,0.7769385,9.0,rand,-0.025458798,0.025458798
2,total,0.35496256,0.27136657,0.23466454,0.41324624,0.6748982,0.51595336,0.58481795,1368431.0,0.73996013,9.0,al,-0.083596006,0.083596006
2,total,0.35496256,0.30773294,0.13476057,0.5153335,0.7323538,0.6349082,0.680158,1382828.0,0.7880428,10.0,rand,-0.047229633,0.047229633
2,total,0.35496256,0.28298196,0.20265667,0.46812573,0.71882683,0.5730585,0.6377184,1389701.0,0.7688851,10.0,al,-0.07198061,0.07198061
2,total,0.35496256,0.25047016,0.29454437,0.45746547,0.7587015,0.535356,0.62775433,1436712.0,0.77463096,11.0,al,-0.10449241,0.10449241
2,total,0.35496256,0.29195657,0.17845224,0.5027117,0.7412691,0.60969144,0.6690723,1399602.0,0.78591716,11.0,rand,-0.063006,0.063006
2,total,0.35496256,0.23954731,0.32529664,0.426551,0.7420831,0.5007944,0.59801674,1433406.0,0.7610177,12.0,rand,-0.11541526,0.11541526
2,total,0.35496256,0.26019144,0.26701573,0.4723527,0.75848395,0.55597484,0.64162934,1430808.0,0.7795475,12.0,al,-0.09477113,0.09477113
2,total,0.35496256,0.24972796,0.29664835,0.4393089,0.7390656,0.51995516,0.6104437,1425101.0,0.7644397,13.0,al,-0.10523459,0.10523459
2,total,0.35496256,0.31243876,0.12057298,0.47584945,0.68873227,0.60622156,0.64484775,1346238.0,0.7629716,13.0,rand,-0.04252382,0.04252382
