,images,gt_confluence,pred_confluence,relative_delta_confluence,iou,precision,recall,f1,true_negative,accuracy,step,method,dAbsConf,dAbsAbsConf
139,total,0.5766645,0.121245205,0.7365383,0.16438043,0.81263,0.17085615,0.28234804,20385492.0,0.4991446,0.0,rand,-0.45541933,0.45541933
139,total,0.5766645,0.0034403747,0.993177,0.0052563474,0.88192874,0.005260049,0.010457713,21520812.0,0.42596266,0.0,al,-0.5732242,0.5732242
139,total,0.5766645,0.0011476023,0.99754053,0.0019291966,0.9703145,0.0019293105,0.00385096,21539744.0,0.42441398,10.0,al,-0.57551694,0.57551694
139,total,0.5766645,0.018493224,0.9600602,0.02932552,0.916928,0.029403642,0.05698001,21463308.0,0.4387553,10.0,rand,-0.55817133,0.55817133
139,total,0.5766645,8.251629e-06,0.99997723,1.2541046e-05,0.99728996,1.2541046e-05,2.5081752e-05,21541476.0,0.42334267,20.0,al,-0.5766563,0.5766563
139,total,0.5766645,0.0009383467,0.9978331,0.0014145229,0.87041116,0.0014148209,0.0028250464,21535296.0,0.4240299,20.0,rand,-0.5757262,0.5757262
139,total,0.5766645,0.008736245,0.9792327,0.0141150905,0.9327685,0.014129465,0.027837226,21511592.0,0.43089613,30.0,rand,-0.5679283,0.5679283
139,total,0.5766645,0.015821068,0.9628808,0.01949204,0.71604806,0.019643879,0.038238674,21312892.0,0.43017125,30.0,al,-0.56084347,0.56084347
139,total,0.5766645,0.0038745096,0.9886931,0.0054334234,0.80992776,0.0054403604,0.010808108,21504012.0,0.4257365,40.0,rand,-0.57279,0.57279
139,total,0.5766645,0.0021738552,0.99629825,0.003528098,0.9365628,0.0035289414,0.007031381,21534462.0,0.42523265,40.0,al,-0.57449067,0.57449067
139,total,0.5766645,0.0036377017,0.99159443,0.004917404,0.7808207,0.004924201,0.00978667,21500916.0,0.425378,50.0,rand,-0.57302684,0.57302684
139,total,0.5766645,0.00013339627,0.99972683,0.00021956835,0.9563604,0.00021957055,0.00043903984,21541182.0,0.4234563,50.0,al,-0.5765311,0.5765311
139,total,0.5766645,0.0011663898,0.9965373,0.0018388716,0.91008586,0.0018392057,0.0036709888,21536144.0,0.42429128,60.0,rand,-0.57549816,0.57549816
139,total,0.5766645,0.014517562,0.9703509,0.023479454,0.9342554,0.023518313,0.045881584,21492912.0,0.43594325,60.0,al,-0.56214696,0.56214696
139,total,0.5766645,0.0022190157,0.9949491,0.0030413189,0.79135066,0.0030437596,0.0060641873,21517928.0,0.4246279,70.0,al,-0.57444555,0.57444555
139,total,0.5766645,0.00026665724,0.9990894,0.00044417745,0.9641959,0.00044418479,0.00088795956,21540992.0,0.4235821,70.0,rand,-0.5763979,0.5763979
139,total,0.5766645,0.00051417557,0.9987548,0.0008202568,0.9218014,0.00082031393,0.0016391674,21539434.0,0.42376837,80.0,rand,-0.57615036,0.57615036
139,total,0.5766645,0.00039803158,0.9991208,0.0006577372,0.95535314,0.00065775745,0.0013146084,21540574.0,0.42369705,80.0,al,-0.5762665,0.5762665
139,total,0.5766645,0.003055154,0.99286586,0.00453287,0.85651594,0.0045363144,0.009024821,21519176.0,0.42551318,90.0,al,-0.57360935,0.57360935
139,total,0.5766645,7.9175425e-06,0.99998176,9.133128e-06,0.7613636,9.133153e-06,1.8266064e-05,21541392.0,0.42333907,90.0,rand,-0.57665664,0.57665664
139,total,0.5766645,0.0018644917,0.9956164,0.003119749,0.9655256,0.0031200964,0.0062200865,21538208.0,0.42507046,100.0,rand,-0.5748,0.5748
139,total,0.5766645,0.00026657863,0.9993824,0.000398767,0.86591685,0.00039879166,0.0007972152,21539664.0,0.42352983,100.0,al,-0.57639796,0.57639796
139,total,0.5766645,0.0005154333,0.998545,0.0007934838,0.8895595,0.000793562,0.0015857075,21538584.0,0.42373627,110.0,al,-0.5761491,0.5761491
139,total,0.5766645,4.930422e-06,0.9999851,6.781707e-06,0.995,6.7817073e-06,1.3563308e-05,21541476.0,0.42333937,110.0,rand,-0.5766596,0.5766596
139,total,0.5766645,7.031299e-05,0.99977684,0.000115765615,0.9631415,0.000115766125,0.0002315042,21541346.0,0.42339966,120.0,rand,-0.57659423,0.57659423
139,total,0.5766645,0.00071649405,0.9982102,0.0010807087,0.87115467,0.0010808815,0.0021590816,21536784.0,0.42386657,120.0,al,-0.57594806,0.57594806
139,total,0.5766645,3.9596744e-05,0.99987257,5.7047564e-05,0.8523421,5.7048128e-05,0.00011408849,21541186.0,0.42336267,130.0,al,-0.57662493,0.57662493
139,total,0.5766645,0.00051026477,0.998546,0.00086074637,0.9746855,0.00086076563,0.0017200105,21540820.0,0.42381895,130.0,rand,-0.5761543,0.5761543
139,total,0.5766645,0.017396871,0.9618141,0.028720653,0.9534134,0.028761016,0.055837557,21500238.0,0.43911052,140.0,rand,-0.55926764,0.55926764
139,total,0.5766645,0.0002802565,0.9992507,0.00043032554,0.88866997,0.00043034874,0.0008602799,21539894.0,0.42355254,140.0,al,-0.5763843,0.5763843
139,total,0.5766645,0.0019314071,0.9951159,0.0032074016,0.95827097,0.0032078498,0.0063942876,21537376.0,0.42510477,150.0,rand,-0.57473314,0.57473314
139,total,0.5766645,8.192673e-06,0.9999688,9.473914e-06,0.75956285,9.473943e-06,1.8947623e-05,21541388.0,0.4233392,150.0,al,-0.57665634,0.57665634
139,total,0.5766645,0.00315367,0.9919377,0.005209367,0.9531055,0.0052107023,0.010364729,21533952.0,0.42619246,160.0,rand,-0.5735109,0.5735109
139,total,0.5766645,0.0020575738,0.9945773,0.0030356103,0.85163736,0.0030372166,0.0060528396,21525950.0,0.4247818,160.0,al,-0.57460696,0.57460696
139,total,0.5766645,7.752532e-05,0.9998032,0.00012431889,0.9368259,0.00012431994,0.0002486066,21541230.0,0.4234023,170.0,al,-0.576587,0.576587
139,total,0.5766645,0.0009711854,0.99750775,0.0016364292,0.97271514,0.0016365043,0.003267508,21540128.0,0.42425272,170.0,rand,-0.57569337,0.57569337
139,total,0.5766645,0.0014190767,0.9961177,0.00228357,0.9287823,0.00228397,0.0045567295,21536336.0,0.42455155,180.0,rand,-0.57524544,0.57524544
139,total,0.5766645,0.00023790619,0.9995661,0.00038330926,0.93305683,0.0003833198,0.000766324,21540668.0,0.42354065,180.0,al,-0.5764266,0.5764266
139,total,0.5766645,0.0010365483,0.99743605,0.001739393,0.96866816,0.0017394909,0.003472742,21539824.0,0.42430612,190.0,rand,-0.575628,0.575628
139,total,0.5766645,2.6507773e-06,0.99998933,2.828551e-06,0.9880952,2.8285513e-06,5.6570807e-06,21541476.0,0.42333707,190.0,al,-0.5766619,0.5766619
139,total,0.5766645,2.5466878e-05,0.99989676,3.5918958e-05,0.84658635,3.591919e-05,7.183525e-05,21541284.0,0.42335242,200.0,al,-0.57663906,0.57663906
139,total,0.5766645,0.003143176,0.9926996,0.0051994612,0.95446247,0.0052007516,0.010345123,21534196.0,0.42619148,200.0,rand,-0.5735214,0.5735214
139,total,0.5766645,2.5721688e-06,0.9999916,2.5559193e-06,0.9375,2.5559198e-06,5.11182e-06,21541472.0,0.42333683,210.0,al,-0.57666194,0.57666194
139,total,0.5766645,0.010649771,0.9751758,0.017672086,0.95774585,0.017685873,0.034730375,21518580.0,0.43308434,210.0,rand,-0.56601477,0.56601477
139,total,0.5766645,1e-06,0.9999975,0.0,0.0,0.0,0.0,21541476.0,0.42333546,220.0,al,-0.57666355,0.57666355
139,total,0.5766645,0.0015223877,0.9958076,0.0024974302,0.9467552,0.002497781,0.0049824123,21537354.0,0.42469484,220.0,rand,-0.57514215,0.57514215
139,total,0.5766645,0.00023344516,0.999063,0.00037124404,0.9210348,0.00037125585,0.00074221176,21540542.0,0.4235312,230.0,al,-0.5764311,0.5764311
139,total,0.5766645,0.019992758,0.9586118,0.033724397,0.97367203,0.03375518,0.06524827,21514692.0,0.44227454,230.0,rand,-0.5566718,0.5566718
139,total,0.5766645,3.8928574e-05,0.9998938,6.3250336e-05,0.961658,6.3250496e-05,0.00012649254,21541402.0,0.42337048,240.0,al,-0.5766256,0.5766256
139,total,0.5766645,0.02006775,0.95368344,0.033274017,0.95761627,0.033323094,0.06440496,21498198.0,0.4417012,240.0,rand,-0.55659676,0.55659676
139,total,0.5766645,0.002024735,0.9948451,0.0033997858,0.96887684,0.0034001572,0.0067765256,21538272.0,0.42523324,250.0,rand,-0.5746398,0.5746398
139,total,0.5766645,0.00024682825,0.99934196,0.00037638302,0.88296425,0.0003764018,0.0007524819,21540012.0,0.42352375,250.0,al,-0.5764177,0.5764177
139,total,0.5766645,0.003907093,0.99023443,0.00661782,0.9771536,0.006618844,0.013148611,21536936.0,0.42706308,260.0,rand,-0.5727574,0.5727574
139,total,0.5766645,0.0011426304,0.99707633,0.0019313301,0.97560763,0.0019314233,0.0038552105,21540060.0,0.4244214,260.0,al,-0.5755219,0.5755219
139,total,0.5766645,1.4304479e-05,0.9999678,1.4210788e-05,0.61595273,1.4210914e-05,2.8421126e-05,21541216.0,0.42333856,270.0,al,-0.5766502,0.5766502
139,total,0.5766645,0.016883716,0.96285284,0.02815166,0.9626309,0.028182458,0.05476163,21509372.0,0.4389564,270.0,rand,-0.55978084,0.55978084
139,total,0.5766645,0.0002304384,0.9992927,0.00038733703,0.9735332,0.00038734113,0.00077437336,21541168.0,0.42355275,280.0,al,-0.5764341,0.5764341
139,total,0.5766645,0.0030650196,0.9926992,0.005192288,0.9773335,0.005192913,0.010330924,21537942.0,0.4262606,280.0,rand,-0.5735995,0.5735995
139,total,0.5766645,0.0017315452,0.99519336,0.0028236557,0.941085,0.0028241551,0.0056314045,21536288.0,0.4248621,290.0,rand,-0.574933,0.574933
139,total,0.5766645,0.00043246208,0.99868137,0.0007056765,0.943202,0.0007057065,0.0014103563,21540228.0,0.42371792,290.0,al,-0.5762321,0.5762321
139,total,0.5766645,5.3294265e-05,0.9998622,8.823013e-05,0.97294253,8.823035e-05,0.00017644452,21541404.0,0.42338493,300.0,rand,-0.5766112,0.5766112
139,total,0.5766645,0.16250691,0.6487429,0.23896705,0.8773112,0.24722911,0.38575172,20526946.0,0.5459661,300.0,al,-0.41415763,0.41415763
139,total,0.5766645,0.22162665,0.54501534,0.30950207,0.8513304,0.32718617,0.47270152,19864862.0,0.5790631,310.0,al,-0.35503787,0.35503787
139,total,0.5766645,0.00031787064,0.9990584,0.00052166573,0.9493922,0.0005216803,0.0010427864,21540660.0,0.42362025,310.0,rand,-0.57634664,0.57634664
139,total,0.5766645,0.13574652,0.6956836,0.18056665,0.8026969,0.18895301,0.30589795,20178620.0,0.505515,320.0,al,-0.44091803,0.44091803
139,total,0.5766645,0.000725986,0.99824154,0.0012370744,0.98400694,0.0012370993,0.0024710894,21540886.0,0.42403725,320.0,rand,-0.5759385,0.5759385
139,total,0.5766645,0.3403729,0.34309897,0.45993593,0.84878254,0.5009875,0.6300764,18922410.0,0.660767,330.0,al,-0.23629163,0.23629163
139,total,0.5766645,0.19691472,0.58905506,0.26203185,0.8156655,0.27852538,0.41525358,19694448.0,0.5476532,330.0,rand,-0.3797498,0.3797498
