,images,gt_confluence,pred_confluence,relative_delta_confluence,iou,precision,recall,f1,true_negative,accuracy,step,method,dAbsConf,dAbsAbsConf
3,total,0.15109126,0.15958759,0.368058,0.21450585,0.34383765,0.36317042,0.3532392,585258.0,0.7990659,0.0,al,0.008496331,0.008496331
3,total,0.15109126,0.05302275,0.6266399,0.1094669,0.37982637,0.1332907,0.19733205,641749.0,0.83616513,0.0,rand,-0.098068506,0.098068506
3,total,0.15109126,0.13651757,0.4384483,0.100084625,0.19167109,0.17318197,0.18195756,580826.0,0.76472473,1.0,rand,-0.014573687,0.014573687
3,total,0.15109126,0.16579029,0.3664905,0.22972499,0.3570585,0.39179283,0.37361962,583781.0,0.8015124,1.0,al,0.014699029,0.014699029
3,total,0.15109126,0.3254214,1.2348559,0.21389122,0.25801322,0.5557089,0.3524055,477719.0,0.6914139,2.0,al,0.17433012,0.17433012
3,total,0.15109126,0.0544558,0.59784573,0.120819844,0.40688848,0.1466467,0.21559152,642209.0,0.838768,2.0,rand,-0.09663545,0.09663545
3,total,0.15109126,0.12650399,0.16908668,0.21821499,0.39307037,0.32910296,0.35825318,607228.0,0.8218549,3.0,al,-0.024587266,0.024587266
3,total,0.15109126,0.10425286,0.30092683,0.17686704,0.36809495,0.2539828,0.3005722,615801.0,0.82140607,3.0,rand,-0.046838395,0.046838395
3,total,0.15109126,0.07600884,0.42281637,0.09842922,0.26773736,0.13468772,0.17921768,623838.0,0.8136012,4.0,rand,-0.075082414,0.075082414
3,total,0.15109126,0.2024597,0.40205643,0.23961426,0.3375518,0.45231143,0.38659438,562134.0,0.78313065,4.0,al,0.05136844,0.05136844
3,total,0.15109126,0.22661436,0.62095124,0.22073497,0.30138147,0.4520253,0.36164227,543104.0,0.7588895,5.0,al,0.07552311,0.07552311
3,total,0.15109126,0.18837202,0.3703982,0.20830995,0.310677,0.3873324,0.34479505,565492.0,0.7775828,5.0,rand,0.037280764,0.037280764
3,total,0.15109126,0.031572707,0.75411457,0.089444704,0.47500905,0.09925688,0.1642021,654574.0,0.84733075,6.0,al,-0.11951855,0.11951855
3,total,0.15109126,0.21377282,0.5925384,0.20216519,0.2870263,0.40609983,0.33633465,547746.0,0.7578532,6.0,rand,0.06268156,0.06268156
3,total,0.15109126,0.10658364,0.2933764,0.18388367,0.37550703,0.2648898,0.31064436,615264.0,0.8223712,7.0,al,-0.044507615,0.044507615
3,total,0.15109126,0.065287,0.5338527,0.18705834,0.52227175,0.2256718,0.31516242,643081.0,0.85181683,7.0,rand,-0.085804254,0.085804254
3,total,0.15109126,0.05373737,0.61038476,0.09913002,0.3437766,0.12226589,0.18037868,639877.0,0.832119,8.0,al,-0.09735389,0.09735389
3,total,0.15109126,0.021111535,0.81732655,0.048051324,0.37399107,0.052254193,0.09169629,657216.0,0.84358853,8.0,rand,-0.12997973,0.12997973
3,total,0.15109126,0.10418801,0.26700196,0.21741477,0.43757322,0.3017345,0.35717404,621526.0,0.8359006,9.0,rand,-0.046903245,0.046903245
3,total,0.15109126,0.021612532,0.8391924,0.067902155,0.5081196,0.072679535,0.12716903,659249.0,0.8492597,9.0,al,-0.12947872,0.12947872
