,images,gt_confluence,pred_confluence,relative_delta_confluence,iou,precision,recall,f1,true_negative,accuracy,step,method,dAbsConf,dAbsAbsConf
2,total,0.35496256,0.46082214,0.29751825,0.537911,0.61918706,0.80384386,0.6995341,1153968.0,0.75488526,0.0,rand,0.10585956,0.10585956
2,total,0.35496256,0.43050432,0.21441586,0.39336005,0.51508355,0.62470025,0.5646203,1072200.0,0.6580245,0.0,al,0.07554177,0.07554177
2,total,0.35496256,0.36681822,0.03372541,0.31261823,0.46863082,0.48428166,0.4763272,1106220.0,0.62202394,1.0,al,0.011855655,0.011855655
2,total,0.35496256,0.39653218,0.1175429,0.48186535,0.6162614,0.68842995,0.6503492,1211285.0,0.73724,1.0,rand,0.0415696,0.0415696
2,total,0.35496256,0.37444803,0.056204613,0.38297716,0.5394348,0.5690452,0.55384403,1161413.0,0.6745699,2.0,al,0.019485457,0.019485457
2,total,0.35496256,0.3853778,0.085014366,0.48469493,0.6271574,0.680894,0.65292144,1232124.0,0.74304444,2.0,rand,0.030415226,0.030415226
2,total,0.35496256,0.31762674,0.1066736,0.48070946,0.68745846,0.61514795,0.6492956,1341275.0,0.7641207,3.0,rand,-0.03733583,0.03733583
2,total,0.35496256,0.32210347,0.09225062,0.40816113,0.6092782,0.5528752,0.5797075,1275949.0,0.71543497,3.0,al,-0.032859106,0.032859106
2,total,0.35496256,0.30172667,0.15086259,0.4828699,0.70871896,0.60242605,0.65126354,1369253.0,0.7709892,4.0,rand,-0.053235896,0.053235896
2,total,0.35496256,0.336581,0.05136843,0.44337124,0.6311318,0.5984472,0.6143546,1280124.0,0.73331016,4.0,al,-0.018381568,0.018381568
2,total,0.35496256,0.3179783,0.10342149,0.44774625,0.6545151,0.58631796,0.61854196,1315261.0,0.743302,5.0,al,-0.03698427,0.03698427
2,total,0.35496256,0.3315045,0.06719173,0.5099022,0.6993088,0.6530923,0.6754104,1340270.0,0.7771806,5.0,rand,-0.023458065,0.023458065
2,total,0.35496256,0.34239602,0.0348759,0.46352515,0.6450616,0.622223,0.633436,1286574.0,0.7443742,6.0,al,-0.012566546,0.012566546
2,total,0.35496256,0.35133034,0.019163728,0.5433778,0.7077819,0.7005374,0.7041405,1332935.0,0.7910372,6.0,rand,-0.0036322195,0.0036322195
2,total,0.35496256,0.30034077,0.15462418,0.4905696,0.7180873,0.60758567,0.65823054,1377160.0,0.776038,7.0,rand,-0.054621805,0.054621805
2,total,0.35496256,0.2957908,0.16606934,0.43529764,0.66723204,0.5560035,0.6065603,1343344.0,0.7439685,7.0,al,-0.05917177,0.05917177
2,total,0.35496256,0.3526377,0.013442733,0.5273577,0.69282633,0.68828666,0.69054854,1319035.0,0.78103274,8.0,rand,-0.0023248463,0.0023248463
2,total,0.35496256,0.28761616,0.18967596,0.42995206,0.6717574,0.54430413,0.6013512,1353228.0,0.7438375,8.0,al,-0.06734641,0.06734641
2,total,0.35496256,0.35453266,0.012739181,0.5288148,0.69221747,0.69137716,0.69179654,1317074.0,0.7813318,9.0,rand,-0.0004299082,0.0004299082
2,total,0.35496256,0.2686143,0.24229981,0.40561384,0.6698978,0.5069364,0.5771336,1367329.0,0.736311,9.0,al,-0.08634828,0.08634828
2,total,0.35496256,0.3785048,0.0660037,0.5383651,0.6781526,0.72312796,0.69991803,1285858.0,0.7799003,10.0,rand,0.023542259,0.023542259
2,total,0.35496256,0.2739048,0.22849542,0.45820922,0.72144675,0.5566982,0.6284542,1397737.0,0.76634765,10.0,al,-0.08105776,0.08105776
2,total,0.35496256,0.2620888,0.2619462,0.47412324,0.757236,0.5591077,0.64326084,1428878.0,0.77987427,11.0,al,-0.09287376,0.09287376
2,total,0.35496256,0.31371072,0.11756154,0.5267963,0.7354395,0.64996856,0.69006705,1381275.0,0.79275674,11.0,rand,-0.04125185,0.04125185
2,total,0.35496256,0.27776957,0.21740212,0.48843426,0.7475024,0.5849424,0.6563056,1412878.0,0.7825342,12.0,rand,-0.07719301,0.07719301
2,total,0.35496256,0.25570413,0.27959016,0.47114894,0.7648373,0.55096316,0.64051783,1437464.0,0.78047687,12.0,al,-0.09925844,0.09925844
2,total,0.35496256,0.25918394,0.2701759,0.44419238,0.7288043,0.53215086,0.61514246,1412501.0,0.7636418,13.0,al,-0.09577862,0.09577862
2,total,0.35496256,0.2792584,0.21432625,0.4744237,0.7307676,0.5749121,0.64353734,1400469.0,0.7739246,13.0,rand,-0.07570416,0.07570416
