,images,gt_confluence,pred_confluence,relative_delta_confluence,iou,precision,recall,f1,true_negative,accuracy,step,method,dAbsConf,dAbsAbsConf
3,total,0.15109126,0.06370263,0.48423126,0.15614691,0.45539653,0.19199987,0.2701156,640326.0,0.84322613,0.0,al,-0.08738863,0.08738863
3,total,0.15109126,0.13855843,0.2615716,0.17425485,0.31021604,0.28448197,0.2967917,592446.0,0.7963168,0.0,rand,-0.012532824,0.012532824
3,total,0.15109126,0.11986006,0.36779475,0.21932992,0.40662628,0.32257223,0.35975435,611677.0,0.8265254,1.0,rand,-0.031231198,0.031231198
3,total,0.15109126,0.20681354,0.43677655,0.24799146,0.34388605,0.47070852,0.39742443,560896.0,0.7843361,1.0,al,0.05572228,0.05572228
3,total,0.15109126,0.11566898,0.23168173,0.15403192,0.3078217,0.23565303,0.26694518,604645.0,0.804451,2.0,al,-0.03542228,0.03542228
3,total,0.15109126,0.13636117,0.37368527,0.18017939,0.32183555,0.29045725,0.30534187,594884.0,0.8003197,2.0,rand,-0.014730089,0.014730089
3,total,0.15109126,0.0675008,0.51116794,0.17557716,0.4836674,0.2160777,0.2987076,640200.0,0.8467038,3.0,al,-0.08359046,0.08359046
3,total,0.15109126,0.10666756,0.27106884,0.20916347,0.41800776,0.2951028,0.34596345,618788.0,0.8314171,3.0,rand,-0.044423692,0.044423692
3,total,0.15109126,0.017586755,0.8488756,0.065751314,0.59175706,0.06887555,0.12338941,661963.0,0.85213596,4.0,rand,-0.13350451,0.13350451
3,total,0.15109126,0.11152749,0.23469985,0.23645344,0.4503124,0.33239356,0.38246995,619397.0,0.8378258,4.0,al,-0.039563768,0.039563768
3,total,0.15109126,0.1266464,0.17987745,0.22026995,0.39586136,0.33181286,0.3610179,607438.0,0.8225314,5.0,al,-0.024444852,0.024444852
3,total,0.15109126,0.08604277,0.40515438,0.18146916,0.4233145,0.24106444,0.3071919,628587.0,0.83571243,5.0,rand,-0.065048486,0.065048486
3,total,0.15109126,0.10085905,0.32097146,0.2013278,0.41864395,0.2794577,0.33517498,621497.0,0.8324979,6.0,al,-0.050232206,0.050232206
3,total,0.15109126,0.04926146,0.6711729,0.11865815,0.43141454,0.1406546,0.21214335,645582.0,0.84215164,6.0,rand,-0.1018298,0.1018298
3,total,0.15109126,0.08688836,0.43975076,0.18027598,0.418346,0.24057633,0.30548057,627864.0,0.83471936,7.0,al,-0.0642029,0.0642029
3,total,0.15109126,0.043165572,0.6792894,0.11833475,0.47619748,0.13604268,0.21162637,649828.0,0.8468539,7.0,rand,-0.10792568,0.10792568
3,total,0.15109126,0.07181141,0.53332216,0.13672736,0.37335765,0.17744881,0.24056272,632220.0,0.83072025,8.0,al,-0.079279855,0.079279855
3,total,0.15109126,0.0788686,0.47144422,0.12434876,0.32247195,0.16832599,0.22119205,625586.0,0.82090634,8.0,rand,-0.072222665,0.072222665
3,total,0.15109126,0.023900079,0.8260137,0.07423424,0.5059856,0.08003501,0.13820843,658324.0,0.8491948,9.0,rand,-0.12719119,0.12719119
3,total,0.15109126,0.115249366,0.20969231,0.25493836,0.46947646,0.35810408,0.40629575,619525.0,0.84187317,9.0,al,-0.035841897,0.035841897
