,images,gt_confluence,pred_confluence,relative_delta_confluence,iou,precision,recall,f1,true_negative,accuracy,step,method,dAbsConf,dAbsAbsConf
2,total,0.26927653,0.3662392,0.36120117,0.28127822,0.38093832,0.5181074,0.4390583,1238629.0,0.6435136,0.0,rand,0.09696267,0.09696267
2,total,0.26927653,0.41204527,0.5327906,0.31534567,0.39641926,0.6065968,0.47948667,1184616.0,0.64536375,0.0,al,0.14276874,0.14276874
2,total,0.26927653,0.22932677,0.14556067,0.23732874,0.41702938,0.3551575,0.38361418,1467269.0,0.69266886,1.0,rand,-0.039949764,0.039949764
2,total,0.26927653,0.2508087,0.06648754,0.25785223,0.42508334,0.3959282,0.40998763,1441456.0,0.69314414,1.0,al,-0.01846783,0.01846783
2,total,0.26927653,0.33605283,0.25078747,0.28931457,0.40419987,0.5044335,0.4487877,1303766.0,0.6663359,2.0,rand,0.06677631,0.06677631
2,total,0.26927653,0.29627258,0.10227189,0.28946608,0.4285163,0.47147515,0.44896996,1379719.0,0.6883663,2.0,al,0.026996035,0.026996035
2,total,0.26927653,0.2436863,0.092995405,0.26588437,0.4421346,0.40011546,0.42007637,1461731.0,0.70252156,3.0,al,-0.025590228,0.025590228
2,total,0.26927653,0.27654722,0.0781769,0.24546465,0.3889927,0.39949438,0.39417312,1380561.0,0.6693262,3.0,rand,0.007270694,0.007270694
2,total,0.26927653,0.28065124,0.062958464,0.25970998,0.4039778,0.421041,0.41233248,1384734.0,0.6768262,4.0,rand,0.011374698,0.011374698
2,total,0.26927653,0.24506895,0.087759286,0.26057005,0.43383548,0.39483267,0.4134157,1454837.0,0.69829386,4.0,al,-0.024207577,0.024207577
2,total,0.26927653,0.26216367,0.031820424,0.25589693,0.41304162,0.40212974,0.40751213,1417654.0,0.685129,5.0,al,-0.007112851,0.007112851
2,total,0.26927653,0.19601703,0.27014285,0.23084764,0.4452005,0.3240774,0.37510303,1528563.0,0.7092403,5.0,rand,-0.073259495,0.073259495
2,total,0.26927653,0.1786273,0.33592686,0.21513982,0.44394886,0.2944963,0.35409838,1551724.0,0.7106991,6.0,rand,-0.090649225,0.090649225
2,total,0.26927653,0.2327366,0.13406862,0.24631912,0.42630482,0.36845508,0.39527404,1467689.0,0.6964205,6.0,al,-0.036539935,0.036539935
2,total,0.26927653,0.20186624,0.24837996,0.23653129,0.44645074,0.33468527,0.38257176,1521208.0,0.709104,7.0,rand,-0.0674103,0.0674103
2,total,0.26927653,0.21147154,0.21332538,0.23031649,0.4255739,0.3342153,0.37440154,1497291.0,0.69924563,7.0,al,-0.05780499,0.05780499
2,total,0.26927653,0.24346942,0.09335574,0.2581907,0.43216825,0.3907482,0.41041532,1456065.0,0.6976937,8.0,rand,-0.025807105,0.025807105
2,total,0.26927653,0.19422585,0.27746665,0.22176173,0.43315798,0.31242993,0.3630191,1525257.0,0.7047587,8.0,al,-0.075050674,0.075050674
2,total,0.26927653,0.17164773,0.36156973,0.21027425,0.44630298,0.28448987,0.34748152,1562255.0,0.71228963,9.0,al,-0.0976288,0.0976288
2,total,0.26927653,0.22632831,0.15698852,0.2513996,0.43991247,0.36974707,0.401789,1484293.0,0.7035246,9.0,rand,-0.04294822,0.04294822
2,total,0.26927653,0.2124831,0.20893227,0.24955674,0.45281464,0.35730928,0.3994319,1510088.0,0.71067137,10.0,rand,-0.056793433,0.056793433
2,total,0.26927653,0.1718353,0.3603028,0.20124726,0.43006632,0.2744396,0.33506337,1555143.0,0.7066895,10.0,al,-0.09744122,0.09744122
2,total,0.26927653,0.16141945,0.39993018,0.20126155,0.4470333,0.26797518,0.3350832,1576463.0,0.7136239,11.0,al,-0.10785707,0.10785707
2,total,0.26927653,0.1631142,0.3938874,0.20392933,0.44901925,0.27199164,0.33877245,1574956.0,0.7140922,11.0,rand,-0.10616233,0.10616233
2,total,0.26927653,0.17511737,0.34828678,0.22024225,0.45803106,0.29786754,0.36098072,1562581.0,0.7160246,12.0,al,-0.094159156,0.094159156
2,total,0.26927653,0.17712584,0.3410479,0.22271484,0.4590606,0.3019611,0.36429515,1560354.0,0.7162207,12.0,rand,-0.092150696,0.092150696
2,total,0.26927653,0.17882627,0.3342247,0.22240376,0.45590594,0.30276498,0.3638789,1556707.0,0.7149532,13.0,rand,-0.09045025,0.09045025
2,total,0.26927653,0.19638406,0.2681885,0.23511559,0.4513759,0.3291879,0.38071787,1531043.0,0.7116256,13.0,al,-0.07289247,0.07289247
