,images,gt_confluence,pred_confluence,relative_delta_confluence,iou,precision,recall,f1,true_negative,accuracy,step,method,dAbsConf,dAbsAbsConf
3,total,0.15109126,0.25403696,0.94686645,0.1556556,0.21479914,0.36115062,0.26938012,510740.0,0.7040062,0.0,al,0.10294569,0.10294569
3,total,0.15109126,0.07072422,0.4390847,0.13560139,0.3745123,0.17530276,0.2388182,632820.0,0.83115894,0.0,rand,-0.08036704,0.08036704
3,total,0.15109126,0.23452096,0.6094995,0.217792,0.29406184,0.4564352,0.35768294,537410.0,0.7523155,1.0,rand,0.0834297,0.0834297
3,total,0.15109126,0.104418166,0.5399359,0.06255057,0.14405057,0.09955143,0.11773615,597321.0,0.7745743,1.0,al,-0.046673093,0.046673093
3,total,0.15109126,0.10500817,0.3136376,0.20802294,0.41997555,0.2918795,0.3444018,619710.0,0.8321025,2.0,al,-0.046083085,0.046083085
3,total,0.15109126,0.024431594,0.8057838,0.04861095,0.33305573,0.05385321,0.092714705,654795.0,0.84075165,2.0,rand,-0.12665966,0.12665966
3,total,0.15109126,0.08206913,0.37358794,0.21070702,0.49444538,0.26856753,0.34807223,634980.0,0.847997,3.0,al,-0.069022134,0.069022134
3,total,0.15109126,0.117091864,0.48874366,0.16867997,0.3305786,0.25618777,0.28866702,605966.0,0.80923337,3.0,rand,-0.0339994,0.0339994
3,total,0.15109126,0.11137236,0.32924092,0.14567919,0.29965976,0.22088316,0.25431013,606269.0,0.8042844,4.0,rand,-0.0397189,0.0397189
3,total,0.15109126,0.019612359,0.8476415,0.055044718,0.45412695,0.058944818,0.10434555,659190.0,0.8471095,4.0,al,-0.1314789,0.1314789
3,total,0.15109126,0.024862655,0.8167354,0.06548856,0.43499386,0.07157705,0.122926585,656562.0,0.8456764,5.0,al,-0.1262286,0.1262286
3,total,0.15109126,0.07783354,0.47722,0.1525505,0.38929912,0.20054199,0.2647177,630228.0,0.8316765,5.0,rand,-0.073257715,0.073257715
3,total,0.15109126,0.110797614,0.24744385,0.1616169,0.3288613,0.24115701,0.27826148,609130.0,0.81098557,6.0,al,-0.04029365,0.04029365
3,total,0.15109126,0.16193998,0.6309512,0.0774082,0.1388806,0.14885165,0.14369287,557942.0,0.7319501,6.0,rand,0.010848727,0.010848727
3,total,0.15109126,0.07226536,0.49889484,0.15079568,0.40500784,0.19370829,0.26207158,633795.0,0.8351796,7.0,al,-0.078825906,0.078825906
3,total,0.15109126,0.055717196,0.6078895,0.12665129,0.41725814,0.15386751,0.22482745,642075.0,0.8396886,7.0,rand,-0.09537406,0.09537406
3,total,0.15109126,0.02353514,0.8152094,0.07253813,0.501837,0.078166686,0.1352642,658389.0,0.8489952,8.0,al,-0.12755612,0.12755612
3,total,0.15109126,0.04931105,0.65153843,0.12302529,0.4452152,0.14530015,0.21909583,646095.0,0.84350586,8.0,rand,-0.101780206,0.101780206
3,total,0.15109126,0.041064944,0.70177263,0.09431325,0.40329474,0.10960841,0.17236942,648339.0,0.8409665,9.0,rand,-0.110026315,0.110026315
3,total,0.15109126,0.022831963,0.8143966,0.07384668,0.5238652,0.07915976,0.13753651,659060.0,0.8499985,9.0,al,-0.1282593,0.1282593
