,images,gt_confluence,pred_confluence,relative_delta_confluence,iou,precision,recall,f1,true_negative,accuracy,step,method,dAbsConf,dAbsAbsConf
2,total,0.26927653,0.3196718,0.19064257,0.2923695,0.41679153,0.4947928,0.4524545,1337644.0,0.6775248,0.0,rand,0.050395288,0.050395288
2,total,0.26927653,0.39005715,0.45157805,0.3192988,0.409102,0.5925981,0.48404273,1229390.0,0.6598128,0.0,al,0.120780624,0.120780624
2,total,0.26927653,0.25669006,0.09736619,0.25296783,0.41369033,0.39435214,0.40378934,1425959.0,0.686414,1.0,rand,-0.012586484,0.012586484
2,total,0.26927653,0.2617942,0.061005637,0.27165028,0.43334687,0.42130396,0.42724004,1431251.0,0.6958248,1.0,al,-0.0074823173,0.0074823173
2,total,0.26927653,0.31210306,0.16096641,0.26920265,0.3951034,0.4579403,0.42420703,1331857.0,0.6652466,2.0,rand,0.042826522,0.042826522
2,total,0.26927653,0.3180792,0.18270202,0.28118846,0.40527612,0.47872537,0.4389489,1330925.0,0.6704643,2.0,al,0.048802678,0.048802678
2,total,0.26927653,0.22159769,0.1753522,0.24508338,0.43603516,0.35882795,0.39368138,1488693.0,0.7023747,3.0,al,-0.04767885,0.04767885
2,total,0.26927653,0.20938088,0.22068386,0.22625072,0.42179325,0.3279715,0.3690117,1498297.0,0.6979736,3.0,rand,-0.059895646,0.059895646
2,total,0.26927653,0.25857928,0.05006099,0.2549953,0.41477492,0.3982961,0.40636802,1423926.0,0.6866488,4.0,rand,-0.010697242,0.010697242
2,total,0.26927653,0.2619761,0.053303134,0.2629394,0.4221953,0.41074747,0.4163922,1423818.0,0.6899577,4.0,al,-0.0073004323,0.0073004323
2,total,0.26927653,0.21743792,0.19104843,0.23390703,0.4243272,0.34263813,0.37913182,1488202.0,0.69781536,5.0,al,-0.0518386,0.0518386
2,total,0.26927653,0.23936135,0.10933139,0.26552746,0.44585484,0.3963211,0.41963077,1469849.0,0.70480305,5.0,rand,-0.029915178,0.029915178
2,total,0.26927653,0.22955504,0.14514045,0.24666046,0.4299515,0.36652693,0.39571345,1474232.0,0.69856364,6.0,rand,-0.039721493,0.039721493
2,total,0.26927653,0.24316344,0.09543624,0.25016254,0.42169794,0.3808022,0.40020755,1450235.0,0.6926432,6.0,al,-0.026113095,0.026113095
2,total,0.26927653,0.2570359,0.09098753,0.26026756,0.42287105,0.40364686,0.4130349,1431260.0,0.69107383,7.0,rand,-0.012240618,0.012240618
2,total,0.26927653,0.18961567,0.29529765,0.2122529,0.42373878,0.29838133,0.35017875,1527290.0,0.70180297,7.0,al,-0.07966086,0.07966086
2,total,0.26927653,0.24090229,0.10276674,0.25136283,0.42540273,0.38057554,0.401742,1455642.0,0.6947823,8.0,rand,-0.028374244,0.028374244
2,total,0.26927653,0.19991107,0.2565294,0.22564465,0.43208718,0.32078022,0.36820516,1516811.0,0.70357054,8.0,al,-0.06936546,0.06936546
2,total,0.26927653,0.190425,0.29165593,0.21605359,0.428906,0.303309,0.35533518,1528562.0,0.70364743,9.0,al,-0.078851536,0.078851536
2,total,0.26927653,0.14311339,0.46724057,0.17664808,0.43260556,0.22991686,0.30025598,1596266.0,0.71143353,9.0,rand,-0.12616314,0.12616314
2,total,0.26927653,0.18270282,0.31977698,0.22139387,0.44841963,0.30424887,0.3625261,1548162.0,0.7118758,10.0,rand,-0.086573705,0.086573705
2,total,0.26927653,0.1920351,0.28571844,0.23383668,0.4552711,0.3246758,0.37903944,1538745.0,0.7135445,10.0,al,-0.07724143,0.07724143
2,total,0.26927653,0.1712754,0.36335856,0.20799081,0.44287804,0.28169435,0.3443578,1561320.0,0.7111564,11.0,al,-0.098001115,0.098001115
2,total,0.26927653,0.17699277,0.34173167,0.21542962,0.44690844,0.2937468,0.35449085,1555245.0,0.7119299,11.0,rand,-0.09228375,0.09228375
2,total,0.26927653,0.17355447,0.35396364,0.21699637,0.4549534,0.29322547,0.35660926,1563350.0,0.7150875,12.0,al,-0.095722064,0.095722064
2,total,0.26927653,0.19886005,0.26002,0.23869766,0.4536377,0.33500862,0.3854005,1528810.0,0.7122843,12.0,rand,-0.07041648,0.07041648
2,total,0.26927653,0.15147643,0.4360977,0.1865455,0.43670118,0.24565637,0.31443417,1586129.0,0.711547,13.0,rand,-0.11780011,0.11780011
2,total,0.26927653,0.19458637,0.2749807,0.23483732,0.45335236,0.32760277,0.38035297,1534412.0,0.7125696,13.0,al,-0.07469016,0.07469016
