,images,gt_confluence,pred_confluence,relative_delta_confluence,iou,precision,recall,f1,true_negative,accuracy,step,method,dAbsConf,dAbsAbsConf
2,total,0.35496256,0.43594664,0.22977486,0.5024476,0.6067156,0.745135,0.66883826,1163887.0,0.7380819,0.0,rand,0.08098407,0.08098407
2,total,0.35496256,0.3994936,0.1259091,0.53777105,0.66043556,0.74328715,0.6994158,1251862.0,0.77322304,0.0,al,0.04453103,0.04453103
2,total,0.35496256,0.3753021,0.056143943,0.4336625,0.58857906,0.6223033,0.60497105,1205774.0,0.7115251,1.0,al,0.020339541,0.020339541
2,total,0.35496256,0.2948887,0.1683924,0.42318067,0.65527326,0.5443729,0.5946965,1335415.0,0.73661375,1.0,rand,-0.06007387,0.06007387
2,total,0.35496256,0.3938629,0.109713726,0.43306535,0.57454425,0.63750696,0.6043897,1173422.0,0.7037577,2.0,al,0.038900334,0.038900334
2,total,0.35496256,0.33672667,0.051249746,0.44686028,0.6344236,0.6018288,0.61769605,1282716.0,0.7355652,2.0,rand,-0.018235898,0.018235898
2,total,0.35496256,0.19697529,0.4457451,0.33115602,0.6970815,0.38682145,0.49754605,1438606.0,0.7226774,3.0,rand,-0.15798728,0.15798728
2,total,0.35496256,0.35413268,0.002384494,0.4238547,0.59606075,0.59466547,0.59536177,1233690.0,0.71307373,3.0,al,-0.00082989194,0.00082989194
2,total,0.35496256,0.38261616,0.07834927,0.55361503,0.6869262,0.74043965,0.7126793,1290856.0,0.788079,4.0,rand,0.027653588,0.027653588
2,total,0.35496256,0.33250183,0.06333258,0.4234189,0.61502725,0.5761088,0.5949318,1270662.0,0.72153074,4.0,al,-0.022460751,0.022460751
2,total,0.35496256,0.28267068,0.20392837,0.3848708,0.6268978,0.49922165,0.5558215,1326054.0,0.71677774,5.0,al,-0.07229189,0.07229189
2,total,0.35496256,0.37041116,0.042760137,0.53233135,0.6803113,0.7099177,0.69479877,1294225.0,0.7786157,5.0,rand,0.015448591,0.015448591
2,total,0.35496256,0.3307668,0.06777628,0.43597877,0.629432,0.58652544,0.60722125,1284013.0,0.7306608,6.0,al,-0.024195777,0.024195777
2,total,0.35496256,0.36044654,0.054423664,0.5298826,0.6874415,0.6980602,0.6927097,1308370.0,0.78016233,6.0,rand,0.0054839915,0.0054839915
2,total,0.35496256,0.32273415,0.091732964,0.49191076,0.6923642,0.6294999,0.6594367,1341243.0,0.76920205,7.0,rand,-0.03222841,0.03222841
2,total,0.35496256,0.29647112,0.16449627,0.4550289,0.687157,0.57392395,0.62545633,1357305.0,0.75601035,7.0,al,-0.05849143,0.05849143
2,total,0.35496256,0.27637836,0.22182761,0.44841477,0.70720893,0.55063987,0.61917955,1386373.0,0.75957316,8.0,rand,-0.0785842,0.0785842
2,total,0.35496256,0.27327982,0.23027366,0.42886388,0.6900002,0.53121775,0.60028607,1377045.0,0.7488835,8.0,al,-0.08168276,0.08168276
2,total,0.35496256,0.31493387,0.11412743,0.5068159,0.71544963,0.63476723,0.67269737,1365008.0,0.78074175,9.0,rand,-0.040028702,0.040028702
2,total,0.35496256,0.26989195,0.23917638,0.4111861,0.6745964,0.5129202,0.582752,1369409.0,0.7392814,9.0,al,-0.08507062,0.08507062
2,total,0.35496256,0.3327195,0.06349717,0.5476475,0.7313734,0.6855412,0.7077156,1365591.0,0.7990019,10.0,rand,-0.02224306,0.02224306
2,total,0.35496256,0.25293556,0.2880195,0.41604584,0.7061318,0.50316614,0.58761585,1402572.0,0.7493132,10.0,al,-0.10202699,0.10202699
2,total,0.35496256,0.2537518,0.285674,0.42224753,0.7121924,0.50912243,0.59377456,1405762.0,0.7527254,11.0,al,-0.10121075,0.10121075
2,total,0.35496256,0.29944354,0.15719841,0.48134714,0.71012485,0.5990536,0.6498771,1371922.0,0.7708781,11.0,rand,-0.05551902,0.05551902
2,total,0.35496256,0.27749002,0.21816222,0.48037,0.7395833,0.578163,0.6489859,1407651.0,0.7780009,12.0,rand,-0.07747255,0.07747255
2,total,0.35496256,0.24051572,0.3225418,0.4332507,0.74841183,0.5071072,0.60457027,1436533.0,0.76453084,12.0,al,-0.114446834,0.114446834
2,total,0.35496256,0.2571531,0.27592376,0.4404546,0.727854,0.5272927,0.61154896,1413254.0,0.7622237,13.0,al,-0.097809464,0.097809464
2,total,0.35496256,0.2544065,0.28360504,0.44740298,0.74039346,0.53064805,0.6182143,1422931.0,0.7673523,13.0,rand,-0.100556046,0.100556046
