,images,gt_confluence,pred_confluence,relative_delta_confluence,iou,precision,recall,f1,true_negative,accuracy,step,method,dAbsConf,dAbsAbsConf
3,total,0.15109126,0.0045354036,0.95721227,0.02122742,0.71340436,0.021409996,0.041572306,666587.0,0.8508441,0.0,al,-0.14655586,0.14655586
3,total,0.15109126,0.097887404,0.43957466,0.13894495,0.31029734,0.2010301,0.24398841,614515.0,0.81177014,0.0,rand,-0.053203855,0.053203855
3,total,0.15109126,0.29893976,1.1367337,0.24130361,0.29264766,0.57901245,0.3887902,501314.0,0.72493744,1.0,rand,0.14784849,0.14784849
3,total,0.15109126,0.16441445,0.28162035,0.2812234,0.4212065,0.4583456,0.43899146,592771.0,0.8229993,1.0,al,0.013323194,0.013323194
3,total,0.15109126,0.1543322,0.2456028,0.27676517,0.42899045,0.43818957,0.43354073,598305.0,0.8269908,2.0,al,0.0032409495,0.0032409495
3,total,0.15109126,0.26968992,1.3108006,0.14438124,0.19684854,0.35136294,0.25233018,497267.0,0.68539554,2.0,rand,0.11859867,0.11859867
3,total,0.15109126,0.08259428,0.39650404,0.19532089,0.46232718,0.25272885,0.32680866,632685.0,0.8426857,3.0,al,-0.06849697,0.06849697
3,total,0.15109126,0.13344419,0.20823415,0.22674568,0.39411497,0.34808075,0.36966974,604025.0,0.82064945,3.0,rand,-0.017647061,0.017647061
3,total,0.15109126,0.034345992,0.75133383,0.09790857,0.48148835,0.10944851,0.1783544,653604.0,0.8476372,4.0,rand,-0.11674526,0.11674526
3,total,0.15109126,0.11934508,0.189941,0.25409967,0.4591289,0.36265707,0.40522993,616845.0,0.8391533,4.0,al,-0.031746183,0.031746183
3,total,0.15109126,0.0976865,0.30129278,0.18729481,0.40174165,0.25973928,0.31549793,621649.0,0.8297119,5.0,al,-0.053404763,0.053404763
3,total,0.15109126,0.05030541,0.64405084,0.11938484,0.4269862,0.14216103,0.213304,644940.0,0.8415629,5.0,rand,-0.100785844,0.100785844
3,total,0.15109126,0.046128318,0.6471399,0.12238488,0.46620354,0.14232935,0.2180797,648245.0,0.84579086,6.0,al,-0.10496294,0.10496294
3,total,0.15109126,0.093771346,0.3767714,0.17163856,0.3825396,0.23741195,0.29298845,622075.0,0.82688016,6.0,rand,-0.057319913,0.057319913
3,total,0.15109126,0.10387648,0.28349328,0.21868561,0.44045243,0.30281174,0.35888717,621899.0,0.83653766,7.0,al,-0.04721478,0.04721478
3,total,0.15109126,0.12128803,0.1922305,0.20764364,0.38613394,0.30996525,0.34388182,609056.0,0.8212878,7.0,rand,-0.02980323,0.02980323
3,total,0.15109126,0.102775306,0.29201654,0.18864274,0.3920198,0.2666571,0.31740814,618469.0,0.82671356,8.0,al,-0.048315957,0.048315957
3,total,0.15109126,0.14297204,0.17922908,0.23497403,0.39133915,0.3703071,0.38053223,599173.0,0.817838,8.0,rand,-0.008119219,0.008119219
3,total,0.15109126,0.09185637,0.36051568,0.13476193,0.31410062,0.1909563,0.2375153,618061.0,0.81475705,9.0,rand,-0.05923489,0.05923489
3,total,0.15109126,0.08947091,0.36704794,0.21706209,0.47953442,0.28396016,0.356698,630988.0,0.8452466,9.0,al,-0.061620347,0.061620347
