,images,gt_confluence,pred_confluence,relative_delta_confluence,iou,precision,recall,f1,true_negative,accuracy,step,method,dAbsConf,dAbsAbsConf
139,total,0.5766645,0.42608598,0.5223592,0.34351847,0.6017314,0.44460636,0.51137096,12906461.0,0.51002795,0.0,rand,-0.15057854,0.15057854
139,total,0.5766645,0.7409205,0.5612392,0.6513503,0.7014274,0.9012193,0.7888695,10284759.0,0.72181845,0.0,al,0.16425593,0.16425593
139,total,0.5766645,0.6046786,0.24760304,0.6337957,0.7578851,0.7947014,0.77585626,14091820.0,0.7352101,10.0,al,0.028014041,0.028014041
139,total,0.5766645,0.4241495,0.26000506,0.5102968,0.7972519,0.586395,0.67575645,17165594.0,0.67549336,10.0,rand,-0.15251502,0.15251502
139,total,0.5766645,0.583481,0.27737653,0.6101374,0.7534437,0.7623486,0.7578695,14221109.0,0.7190942,20.0,rand,0.006816509,0.006816509
139,total,0.5766645,0.36212367,0.5246154,0.3236026,0.6338199,0.39801395,0.48897198,14794001.0,0.5202539,20.0,al,-0.21454087,0.21454087
139,total,0.5766645,0.5281982,0.5007145,0.45471874,0.6538463,0.598892,0.6251633,12237773.0,0.5858578,30.0,al,-0.04846637,0.04846637
139,total,0.5766645,0.44308895,0.21701416,0.57777745,0.8427906,0.6475695,0.7323936,17996940.0,0.72710824,30.0,rand,-0.13357557,0.13357557
139,total,0.5766645,0.39758497,0.3404955,0.44906798,0.75938886,0.5235641,0.61980206,16673646.0,0.6295932,40.0,rand,-0.17907956,0.17907956
139,total,0.5766645,0.46542874,0.4747417,0.34735015,0.5772194,0.46587557,0.5156044,11528617.0,0.49521556,40.0,al,-0.111235805,0.111235805
139,total,0.5766645,0.45807004,0.25981072,0.53176594,0.7841979,0.6229216,0.694317,16511368.0,0.6837,50.0,rand,-0.1185945,0.1185945
139,total,0.5766645,0.4165813,0.31768072,0.44878954,0.7385757,0.5335443,0.61953676,15999872.0,0.6221073,50.0,al,-0.16008325,0.16008325
139,total,0.5766645,0.4027928,0.33723104,0.43495736,0.73707575,0.5148367,0.6062299,16152552.0,0.6143198,60.0,rand,-0.17387171,0.17387171
139,total,0.5766645,0.393972,0.36986676,0.4060268,0.71146417,0.48606467,0.57755154,15757123.0,0.589957,60.0,al,-0.18269253,0.18269253
139,total,0.5766645,0.372029,0.3449313,0.44141868,0.78092694,0.5038054,0.6124776,17394272.0,0.6323609,70.0,rand,-0.20463552,0.20463552
139,total,0.5766645,0.4729947,0.38622302,0.40384465,0.6383926,0.5236245,0.57534045,12838187.0,0.55425316,70.0,al,-0.10366986,0.10366986
139,total,0.5766645,0.41764328,0.24984875,0.5027487,0.7964905,0.5768485,0.66910505,17216536.0,0.6709894,80.0,rand,-0.15902126,0.15902126
139,total,0.5766645,0.5327576,0.3980353,0.42461786,0.6206796,0.5734203,0.5961143,11258334.0,0.5519212,80.0,al,-0.043906946,0.043906946
139,total,0.5766645,0.3561062,0.35414287,0.39752483,0.7450765,0.46010393,0.56889796,16922146.0,0.5978815,90.0,rand,-0.22055833,0.22055833
139,total,0.5766645,0.27049816,0.6013752,0.1784226,0.47419,0.22242923,0.30281553,14304080.0,0.40937242,90.0,al,-0.30616638,0.30616638
139,total,0.5766645,0.25332662,0.5417675,0.19999735,0.54605675,0.23987979,0.33332923,15689918.0,0.44667017,100.0,al,-0.3233379,0.3233379
139,total,0.5766645,0.4853144,0.23239325,0.5475352,0.7742206,0.651574,0.7076218,15965801.0,0.6895013,100.0,rand,-0.09135012,0.09135012
139,total,0.5766645,0.4715523,0.18139364,0.5929598,0.8274509,0.67662483,0.74447507,17401168.0,0.73215526,110.0,rand,-0.105112225,0.105112225
139,total,0.5766645,0.46351504,0.3561505,0.43965393,0.685327,0.5508553,0.6107767,14119609.0,0.5951388,110.0,al,-0.11314949,0.11314949
139,total,0.5766645,0.46583316,0.35401246,0.43076983,0.6737841,0.5442857,0.6021506,13808878.0,0.5852439,120.0,al,-0.11083138,0.11083138
139,total,0.5766645,0.4947648,0.17151771,0.609946,0.82043713,0.7039146,0.75772184,17020780.0,0.7404168,120.0,rand,-0.08189974,0.08189974
139,total,0.5766645,0.47287178,0.19711608,0.5850166,0.81919813,0.6717508,0.7381831,17191006.0,0.7252144,130.0,rand,-0.103792764,0.103792764
139,total,0.5766645,0.56183463,0.5095857,0.4524181,0.6312086,0.6149749,0.62298554,10998110.0,0.5707703,130.0,al,-0.014829917,0.014829917
139,total,0.5766645,0.37314007,0.3384761,0.4298879,0.76527286,0.4951808,0.6012885,17084660.0,0.6213028,140.0,rand,-0.20352447,0.20352447
139,total,0.5766645,0.5725682,0.36495456,0.4883581,0.6585854,0.653906,0.6562369,11594312.0,0.6049371,140.0,al,-0.004096367,0.004096367
139,total,0.5766645,0.38437027,0.4333362,0.32700312,0.6161266,0.41067228,0.49284407,14033421.0,0.5126065,150.0,al,-0.19229427,0.19229427
139,total,0.5766645,0.5218826,0.2069203,0.581467,0.773947,0.70042235,0.7353509,15538411.0,0.7092713,150.0,rand,-0.05478191,0.05478191
139,total,0.5766645,0.5539799,0.45787075,0.45814925,0.64126486,0.61603785,0.6283978,11428991.0,0.579851,160.0,al,-0.02268467,0.02268467
139,total,0.5766645,0.41096282,0.4504109,0.38771474,0.671434,0.47849956,0.55878115,14670555.0,0.5642411,160.0,rand,-0.1657017,0.1657017
139,total,0.5766645,0.45521355,0.3844531,0.4349453,0.687089,0.5423804,0.60621816,14293349.0,0.593666,170.0,al,-0.12145099,0.12145099
139,total,0.5766645,0.3576033,0.33087862,0.4706013,0.83604336,0.51844877,0.6400116,18558016.0,0.6636752,170.0,rand,-0.21906121,0.21906121
139,total,0.5766645,0.28759843,0.43871692,0.4135989,0.87925243,0.4385058,0.58517104,19774404.0,0.6414795,180.0,rand,-0.2890661,0.2890661
139,total,0.5766645,0.20363167,0.6429662,0.29224592,0.8666007,0.30601236,0.4523066,20159224.0,0.57263774,180.0,al,-0.37303287,0.37303287
139,total,0.5766645,0.30018064,0.41864875,0.4284844,0.8761949,0.45609856,0.59991425,19650392.0,0.64918756,190.0,rand,-0.2764839,0.2764839
139,total,0.5766645,0.3050782,0.4393575,0.42625186,0.8637771,0.45697054,0.59772265,19426768.0,0.6452957,190.0,al,-0.27158633,0.27158633
139,total,0.5766645,0.34336385,0.36712113,0.37671718,0.7331927,0.4365643,0.54726833,16879804.0,0.5834749,200.0,al,-0.23330069,0.23330069
139,total,0.5766645,0.4231461,0.23340084,0.54564875,0.8341235,0.6120634,0.70604444,17969858.0,0.7061009,200.0,rand,-0.15351844,0.15351844
139,total,0.5766645,0.32002273,0.39357322,0.41526175,0.8221408,0.45624954,0.5868334,18645156.0,0.6295196,210.0,al,-0.2566418,0.2566418
139,total,0.5766645,0.21314895,0.55850846,0.27157012,0.791379,0.29251114,0.427141,19278760.0,0.5475491,210.0,rand,-0.3635156,0.3635156
139,total,0.5766645,0.39033931,0.27237362,0.52385384,0.8516348,0.57646286,0.68753767,18594584.0,0.6978485,220.0,rand,-0.18632522,0.18632522
139,total,0.5766645,0.18837707,0.6230679,0.21535249,0.71962523,0.23507632,0.3543865,18853932.0,0.50607973,220.0,al,-0.38828745,0.38828745
139,total,0.5766645,0.35629037,0.3408601,0.45729372,0.82168525,0.5076742,0.6275926,18308660.0,0.6525615,230.0,al,-0.22037417,0.22037417
139,total,0.5766645,0.48361275,0.2068241,0.546959,0.7751721,0.6500874,0.7071404,16008768.0,0.6894884,230.0,rand,-0.0930518,0.0930518
139,total,0.5766645,0.3523077,0.32991874,0.47530225,0.8495134,0.51900065,0.6443451,18843676.0,0.6696073,240.0,rand,-0.22435683,0.22435683
139,total,0.5766645,0.23910393,0.5250312,0.33145717,0.84934026,0.3521627,0.49788594,19708432.0,0.59039205,240.0,al,-0.33756062,0.33756062
139,total,0.5766645,0.28512666,0.43770283,0.3785037,0.82990324,0.41033682,0.54915106,19073600.0,0.6114632,250.0,al,-0.29153788,0.29153788
139,total,0.5766645,0.38865954,0.30441117,0.45634332,0.7782738,0.5245385,0.62669694,17156412.0,0.6396424,250.0,rand,-0.188005,0.188005
139,total,0.5766645,0.3479738,0.33954382,0.49673626,0.8818743,0.5321435,0.66375875,19449868.0,0.68909925,260.0,rand,-0.22869074,0.22869074
139,total,0.5766645,0.23645256,0.5130602,0.29914936,0.79184353,0.32468206,0.4605307,19036964.0,0.56134915,260.0,al,-0.340212,0.340212
139,total,0.5766645,0.19000779,0.61334485,0.28123623,0.88569087,0.29182872,0.43900722,20436276.0,0.56990325,270.0,al,-0.38665676,0.38665676
139,total,0.5766645,0.32296315,0.38408864,0.43828282,0.8488303,0.47538912,0.6094524,19057158.0,0.6486534,270.0,rand,-0.2537014,0.2537014
139,total,0.5766645,0.14702988,0.66731954,0.20669992,0.843127,0.2149673,0.3425868,20367818.0,0.52423465,280.0,al,-0.42963466,0.42963466
139,total,0.5766645,0.27167252,0.4462032,0.37819085,0.8568908,0.40368843,0.54882175,19563128.0,0.6172496,280.0,rand,-0.30499202,0.30499202
139,total,0.5766645,0.18897164,0.6149287,0.28276652,0.89311606,0.29267055,0.44086945,20513702.0,0.57191026,290.0,al,-0.3876929,0.3876929
139,total,0.5766645,0.2377564,0.5499672,0.26082402,0.70861626,0.29215834,0.4137354,18016254.0,0.5225348,290.0,rand,-0.33890814,0.33890814
139,total,0.5766645,0.117449045,0.7342452,0.16825257,0.8511558,0.1733531,0.28804114,20651930.0,0.5058206,300.0,rand,-0.4592155,0.4592155
139,total,0.5766645,0.19191778,0.59061754,0.27291793,0.85863495,0.2857579,0.42880642,20160946.0,0.5609916,300.0,al,-0.38474676,0.38474676
139,total,0.5766645,0.12522739,0.72436064,0.15271829,0.74257725,0.1612554,0.26497042,19901136.0,0.4840896,310.0,al,-0.45143715,0.45143715
139,total,0.5766645,0.15646401,0.6689057,0.23788124,0.9004282,0.2443079,0.3843358,20748720.0,0.54863983,310.0,rand,-0.42020053,0.42020053
139,total,0.5766645,0.051241618,0.8786166,0.073989585,0.84420943,0.075013824,0.13778439,21135270.0,0.45861048,320.0,rand,-0.52542293,0.52542293
139,total,0.5766645,0.11355934,0.725824,0.1507871,0.7964151,0.15683223,0.2620588,20365076.0,0.4906563,320.0,al,-0.4631052,0.4631052
139,total,0.5766645,0.12202166,0.7027772,0.1682296,0.8245602,0.17447472,0.28800747,20452164.0,0.50254154,330.0,al,-0.45464286,0.45464286
139,total,0.5766645,0.10841713,0.7409085,0.11536525,0.6535905,0.12287864,0.20686516,19630416.0,0.45663884,330.0,rand,-0.4682474,0.4682474
