,images,gt_confluence,pred_confluence,relative_delta_confluence,iou,precision,recall,f1,true_negative,accuracy,step,method,dAbsConf,dAbsAbsConf
139,total,0.5766645,0.401815,0.269177,0.4847925,0.79509014,0.55401075,0.65300995,17351816.0,0.6604782,0.0,rand,-0.17484953,0.17484953
139,total,0.5766645,0.6139899,0.39994267,0.5770212,0.7095436,0.7554685,0.7317857,12466775.0,0.6806503,0.0,al,0.037325367,0.037325367
139,total,0.5766645,0.5910854,0.3913625,0.56047016,0.7095729,0.7273162,0.7183345,12806184.0,0.671086,10.0,al,0.014420834,0.014420834
139,total,0.5766645,0.42344958,0.40530294,0.44313508,0.7252331,0.5325434,0.6141279,15621009.0,0.6140847,10.0,rand,-0.15321495,0.15321495
139,total,0.5766645,0.36998832,0.33060586,0.37543833,0.6983947,0.44808927,0.54591763,15863199.0,0.5701425,20.0,al,-0.20667621,0.20667621
139,total,0.5766645,0.4357611,0.31631243,0.4647368,0.7371616,0.5570407,0.6345665,15713375.0,0.6300266,20.0,rand,-0.14090343,0.14090343
139,total,0.5766645,0.5681758,0.5608342,0.46277508,0.637463,0.6280782,0.6327353,11059935.0,0.5795415,30.0,al,-0.008488712,0.008488712
139,total,0.5766645,0.3505519,0.3673342,0.4447467,0.8142365,0.49496952,0.61567384,18227860.0,0.64364725,30.0,rand,-0.22611262,0.22611262
139,total,0.5766645,0.5483093,0.25231305,0.5605309,0.7369608,0.7007224,0.7183844,14202490.0,0.68319064,40.0,al,-0.028355226,0.028355226
139,total,0.5766645,0.55697995,0.26056886,0.60115254,0.7641695,0.73808306,0.7508993,14857582.0,0.71760917,40.0,rand,-0.019684577,0.019684577
139,total,0.5766645,0.46642146,0.27765682,0.5050592,0.7504656,0.60699505,0.67114806,15619061.0,0.65698004,50.0,al,-0.110243075,0.110243075
139,total,0.5766645,0.50142807,0.23258433,0.5840276,0.7927176,0.6892917,0.7373952,16252628.0,0.7168885,50.0,rand,-0.07523644,0.07523644
139,total,0.5766645,0.51326877,0.23132183,0.5884977,0.78670824,0.70021987,0.74094826,15970788.0,0.71765167,60.0,rand,-0.06339578,0.06339578
139,total,0.5766645,0.5615928,0.36844206,0.51312846,0.68733686,0.6693714,0.6782347,12606606.0,0.6337492,60.0,al,-0.015071737,0.015071737
139,total,0.5766645,0.54207546,0.23116568,0.59821695,0.7724899,0.7261536,0.74860495,15265946.0,0.71875507,70.0,rand,-0.034589093,0.034589093
139,total,0.5766645,0.40130985,0.40822658,0.35494652,0.6383944,0.4442675,0.5239265,14157255.0,0.5344133,70.0,al,-0.17535469,0.17535469
139,total,0.5766645,0.54068804,0.24591222,0.58067083,0.7591585,0.7117954,0.7347139,14915221.0,0.70358276,80.0,rand,-0.035976473,0.035976473
139,total,0.5766645,0.3658104,0.4433339,0.2925607,0.583149,0.36992285,0.45268342,13782105.0,0.48416883,80.0,al,-0.21085414,0.21085414
139,total,0.5766645,0.45797136,0.24715619,0.53722906,0.7895337,0.62702495,0.69895726,16636795.0,0.68853116,90.0,rand,-0.118693165,0.118693165
139,total,0.5766645,0.6030601,0.26434836,0.6158589,0.74558675,0.7797131,0.7622677,13734365.0,0.71954215,90.0,al,0.026395572,0.026395572
139,total,0.5766645,0.49377713,0.30083054,0.51395845,0.7359471,0.6301637,0.6789593,14906919.0,0.6563455,100.0,rand,-0.082887396,0.082887396
139,total,0.5766645,0.6384861,0.34641573,0.64888835,0.74895847,0.8292495,0.7870611,13385290.0,0.741248,100.0,al,0.061821528,0.061821528
139,total,0.5766645,0.52530617,0.28610733,0.5285995,0.7254225,0.6608143,0.6916123,14201960.0,0.6601667,110.0,rand,-0.051358376,0.051358376
139,total,0.5766645,0.54906774,0.27147144,0.5714541,0.74557143,0.7098901,0.7272929,14432913.0,0.6930057,110.0,al,-0.027596813,0.027596813
139,total,0.5766645,0.48466823,0.30906996,0.49620667,0.72623724,0.6103781,0.6632858,14789843.0,0.64263505,120.0,rand,-0.091996305,0.091996305
139,total,0.5766645,0.42872578,0.31684735,0.4667332,0.7462309,0.55478996,0.636425,16005323.0,0.63446605,120.0,al,-0.14793876,0.14793876
139,total,0.5766645,0.49518728,0.18001682,0.6228161,0.83072305,0.71334827,0.76757395,17276100.0,0.75087446,130.0,rand,-0.08147724,0.08147724
139,total,0.5766645,0.52460283,0.12812722,0.5997535,0.7870137,0.71596014,0.7498069,15855929.0,0.7244713,130.0,al,-0.052061725,0.052061725
139,total,0.5766645,0.66141427,0.36915132,0.61422336,0.71225864,0.81693476,0.76101357,11857227.0,0.7041168,140.0,al,0.084749706,0.084749706
139,total,0.5766645,0.42612246,0.31257087,0.5204184,0.8054978,0.5952159,0.6845721,17324040.0,0.6836938,140.0,rand,-0.15054208,0.15054208
139,total,0.5766645,0.39910057,0.25870663,0.5330231,0.8500822,0.5883272,0.6953877,18496912.0,0.70277077,150.0,rand,-0.17756398,0.17756398
139,total,0.5766645,0.38777855,0.28279525,0.47434863,0.80018604,0.5380844,0.64346826,17598724.0,0.6561462,150.0,al,-0.18888599,0.18888599
139,total,0.5766645,0.47115695,0.24871156,0.5486517,0.78788924,0.6437342,0.7085535,16456157.0,0.6946169,160.0,al,-0.10550758,0.10550758
139,total,0.5766645,0.40601465,0.27174214,0.5282061,0.83655053,0.58899224,0.69127554,18164600.0,0.6966237,160.0,rand,-0.17064989,0.17064989
139,total,0.5766645,0.4315646,0.2310659,0.5741835,0.8521369,0.6377213,0.72949964,18294378.0,0.7272744,170.0,rand,-0.14509994,0.14509994
139,total,0.5766645,0.50696903,0.38027814,0.53488886,0.74488306,0.65485543,0.69697356,14960191.0,0.6716312,170.0,al,-0.06969549,0.06969549
139,total,0.5766645,0.48989794,0.3887636,0.5280835,0.75237906,0.6391726,0.6911705,15368666.0,0.6706149,180.0,al,-0.08676661,0.08676661
139,total,0.5766645,0.31950077,0.5175142,0.32006425,0.68007874,0.3767962,0.48492175,16340265.0,0.5384057,180.0,rand,-0.25716376,0.25716376
139,total,0.5766645,0.3626963,0.32963446,0.45520568,0.81016475,0.5095561,0.62562335,18037916.0,0.6483261,190.0,rand,-0.21396823,0.21396823
139,total,0.5766645,0.46491987,0.22525841,0.5206774,0.76709384,0.6184469,0.68479615,16031510.0,0.6716894,190.0,al,-0.11174467,0.11174467
139,total,0.5766645,0.42851052,0.43436077,0.43495965,0.7110335,0.5283568,0.6062321,15240632.0,0.60419524,200.0,al,-0.14815402,0.14815402
139,total,0.5766645,0.49323654,0.18345238,0.60034126,0.813719,0.6959941,0.750266,16866128.0,0.73281014,200.0,rand,-0.08342799,0.08342799
139,total,0.5766645,0.47944355,0.1605126,0.56946397,0.7992567,0.6645071,0.72567904,16644043.0,0.7102882,210.0,al,-0.09722098,0.09722098
139,total,0.5766645,0.3328697,0.35286108,0.44558588,0.8422347,0.48616406,0.61647743,18869236.0,0.6511739,210.0,rand,-0.24379483,0.24379483
139,total,0.5766645,0.25625077,0.48382014,0.3174853,0.7832758,0.34806067,0.4819561,18715544.0,0.56851417,220.0,al,-0.32041377,0.32041377
139,total,0.5766645,0.4957109,0.21279699,0.5746261,0.78945386,0.67862695,0.7298567,16230606.0,0.71030575,220.0,rand,-0.08095363,0.08095363
139,total,0.5766645,0.2539061,0.5137979,0.33105007,0.8135869,0.35822186,0.4974265,19133020.0,0.58257806,230.0,al,-0.32275844,0.32275844
139,total,0.5766645,0.31601915,0.38439128,0.43912113,0.86193013,0.47234666,0.61026245,19321228.0,0.65208846,230.0,rand,-0.2606454,0.2606454
139,total,0.5766645,0.17028974,0.6072319,0.21805574,0.7852498,0.23188388,0.35803866,19680632.0,0.52048516,240.0,al,-0.40637478,0.40637478
139,total,0.5766645,0.3027604,0.43597016,0.4347393,0.8801497,0.46209466,0.60601807,19695068.0,0.65352327,240.0,rand,-0.27390414,0.27390414
139,total,0.5766645,0.3435705,0.3540134,0.48137972,0.8703723,0.51855695,0.6499068,19275250.0,0.6778327,250.0,rand,-0.23309402,0.23309402
139,total,0.5766645,0.19607343,0.5736159,0.25935322,0.81163216,0.27596405,0.41188282,19662098.0,0.5455404,250.0,al,-0.3805911,0.3805911
139,total,0.5766645,0.25698406,0.4980529,0.3790534,0.89165604,0.3973549,0.5497294,20124704.0,0.6246334,260.0,rand,-0.31968048,0.31968048
139,total,0.5766645,0.117930464,0.7124456,0.17330964,0.86999905,0.17791717,0.29541984,20761360.0,0.5106031,260.0,al,-0.45873407,0.45873407
139,total,0.5766645,0.18071565,0.65943027,0.26811984,0.88611203,0.27768907,0.42286164,20494198.0,0.56288767,270.0,rand,-0.3959489,0.3959489
139,total,0.5766645,0.23738231,0.52115744,0.31135303,0.81420887,0.33516532,0.47485727,19297272.0,0.57251006,270.0,al,-0.33928224,0.33928224
139,total,0.5766645,0.15007226,0.68305176,0.23243907,0.9133194,0.23768237,0.3772014,20879548.0,0.5473902,280.0,al,-0.42659226,0.42659226
139,total,0.5766645,0.18562973,0.57488304,0.20326304,0.6937049,0.2233041,0.3378527,18648292.0,0.49524984,280.0,rand,-0.3910348,0.3910348
139,total,0.5766645,0.1764409,0.6187045,0.24899758,0.85092634,0.26035476,0.39871553,20203068.0,0.5471703,290.0,al,-0.40022364,0.40022364
139,total,0.5766645,0.123240784,0.7476131,0.1826365,0.8770494,0.18743545,0.30886298,20770444.0,0.51627046,290.0,rand,-0.45342377,0.45342377
139,total,0.5766645,0.15056601,0.66289836,0.20522766,0.822459,0.21474105,0.34056213,20181242.0,0.52043754,300.0,al,-0.42609853,0.42609853
139,total,0.5766645,0.19302289,0.5915065,0.2737296,0.85694265,0.28683695,0.42980763,20136376.0,0.56113094,300.0,rand,-0.38364163,0.38364163
139,total,0.5766645,0.06290829,0.819077,0.08524549,0.79860455,0.08711832,0.15709881,20896800.0,0.46090427,310.0,al,-0.5137562,0.5137562
139,total,0.5766645,0.14181948,0.6680256,0.18943302,0.80686224,0.19843075,0.31852627,20147708.0,0.51037294,310.0,rand,-0.43484506,0.43484506
139,total,0.5766645,0.12090925,0.70905733,0.16728048,0.826806,0.17335498,0.28661546,20475912.0,0.50236255,320.0,rand,-0.4557553,0.4557553
139,total,0.5766645,0.13049158,0.6974151,0.1775826,0.81723046,0.18492706,0.30160505,20327880.0,0.50612664,320.0,al,-0.44617295,0.44617295
139,total,0.5766645,0.17852747,0.61782926,0.24420574,0.83026713,0.25703794,0.39254844,19999564.0,0.54125834,330.0,rand,-0.39813706,0.39813706
139,total,0.5766645,0.077601485,0.7839925,0.10002738,0.7666633,0.103168204,0.18186323,20620096.0,0.46472186,330.0,al,-0.49906304,0.49906304
