,images,gt_confluence,pred_confluence,relative_delta_confluence,iou,precision,recall,f1,true_negative,accuracy,step,method,dAbsConf,dAbsAbsConf
2,total,0.26927653,0.24868265,0.07408375,0.26648378,0.4382502,0.40473184,0.42082414,1452507.0,0.7000114,0.0,rand,-0.020593889,0.020593889
2,total,0.26927653,0.38899556,0.4475996,0.31803417,0.40832725,0.58986604,0.48258817,1230191.0,0.6594031,0.0,al,0.11971902,0.11971902
2,total,0.26927653,0.2693833,0.0513592,0.25975332,0.4123066,0.4124686,0.4123871,1406753.0,0.6834774,1.0,rand,0.00010679427,0.00010679427
2,total,0.26927653,0.26199603,0.05804147,0.27199104,0.43360475,0.42187968,0.42766136,1431136.0,0.69593304,1.0,al,-0.007280494,0.007280494
2,total,0.26927653,0.31271827,0.16403148,0.28213316,0.40953165,0.47559893,0.44009912,1342031.0,0.67414147,2.0,rand,0.043441754,0.043441754
2,total,0.26927653,0.3256618,0.21116613,0.28414682,0.40423492,0.48887837,0.44254518,1319009.0,0.6683496,2.0,al,0.05638528,0.05638528
2,total,0.26927653,0.22728696,0.15429959,0.2486821,0.43510485,0.3672553,0.3983108,1480288.0,0.70122397,3.0,al,-0.04198956,0.04198956
2,total,0.26927653,0.2538808,0.055507015,0.2580483,0.42267543,0.39850765,0.4102354,1435613.0,0.6914612,3.0,rand,-0.015395729,0.015395729
2,total,0.26927653,0.25069314,0.06657415,0.2580618,0.42545947,0.39609596,0.41025245,1441851.0,0.69335,4.0,rand,-0.01858339,0.01858339
2,total,0.26927653,0.22901466,0.14768735,0.24714768,0.43118098,0.36670977,0.3963402,1475681.0,0.6992025,4.0,al,-0.040261857,0.040261857
2,total,0.26927653,0.24317482,0.0956242,0.24743016,0.41799527,0.3774763,0.39670333,1448006.0,0.69084066,5.0,al,-0.026101701,0.026101701
2,total,0.26927653,0.21116881,0.21394052,0.23404585,0.4315042,0.33838743,0.37931418,1500796.0,0.7017952,5.0,rand,-0.058107723,0.058107723
2,total,0.26927653,0.20604795,0.23374803,0.24378324,0.45214966,0.34597915,0.39200228,1518405.0,0.7110046,6.0,rand,-0.06322857,0.06322857
2,total,0.26927653,0.24983703,0.070671305,0.25300023,0.41954276,0.38925374,0.4038306,1439427.0,0.69052124,6.0,al,-0.019439511,0.019439511
2,total,0.26927653,0.21748513,0.19029589,0.24541064,0.4410306,0.35620317,0.39410347,1497063.0,0.70507365,7.0,rand,-0.0517914,0.0517914
2,total,0.26927653,0.18917458,0.296789,0.2131559,0.42580655,0.2991399,0.35140678,1528876.0,0.7026526,7.0,al,-0.080101945,0.080101945
2,total,0.26927653,0.21604267,0.19590053,0.24266182,0.43866962,0.35194644,0.39055118,1497791.0,0.70422363,8.0,rand,-0.053233862,0.053233862
2,total,0.26927653,0.1865338,0.30638596,0.21503274,0.43245867,0.29957205,0.35395333,1535652.0,0.7055261,8.0,al,-0.082742736,0.082742736
2,total,0.26927653,0.18450336,0.3134354,0.21295545,0.43180358,0.29586235,0.35113433,1538187.0,0.70555866,9.0,al,-0.08477317,0.08477317
2,total,0.26927653,0.22286436,0.16958328,0.23819806,0.42481318,0.35159132,0.38474903,1480791.0,0.69721067,9.0,rand,-0.046412166,0.046412166
2,total,0.26927653,0.20811868,0.22522512,0.23675638,0.43912253,0.33938777,0.38286614,1508954.0,0.70538414,10.0,rand,-0.061157852,0.061157852
2,total,0.26927653,0.19553241,0.27250427,0.23237388,0.44823095,0.32547668,0.3771154,1530680.0,0.71047854,10.0,al,-0.07374412,0.07374412
2,total,0.26927653,0.17031065,0.36685082,0.2085195,0.44534624,0.28166866,0.34508207,1563674.0,0.71210736,11.0,al,-0.098965876,0.098965876
2,total,0.26927653,0.18016458,0.32855567,0.21604967,0.44320753,0.29653478,0.35532987,1549295.0,0.7102596,11.0,rand,-0.089111954,0.089111954
2,total,0.26927653,0.17071673,0.36462328,0.21429518,0.45484102,0.28835976,0.35295355,1567104.0,0.7153048,12.0,al,-0.09855979,0.09855979
2,total,0.26927653,0.18224995,0.32203773,0.23225085,0.46695542,0.31603992,0.37695336,1557078.0,0.7186788,12.0,rand,-0.08702659,0.08702659
2,total,0.26927653,0.14173888,0.47199073,0.17116939,0.42381614,0.2230822,0.29230464,1595121.0,0.7091272,13.0,rand,-0.12753765,0.12753765
2,total,0.26927653,0.19344908,0.2788203,0.23343709,0.4527006,0.32521978,0.37851432,1535630.0,0.7124235,13.0,al,-0.07582745,0.07582745
