,images,gt_confluence,pred_confluence,relative_delta_confluence,iou,precision,recall,f1,true_negative,accuracy,step,method,dAbsConf,dAbsAbsConf
139,total,0.5766645,0.58532935,0.3121283,0.6109112,0.75285333,0.76416427,0.7584661,14180336.0,0.71933997,0.0,al,0.00866483,0.00866483
139,total,0.5766645,0.13874386,0.7644813,0.21038797,0.89627045,0.2156386,0.34763694,20809152.0,0.53329486,0.0,rand,-0.4379207,0.4379207
139,total,0.5766645,0.5345196,0.2014604,0.60435927,0.78309846,0.7258652,0.7533959,15641961.0,0.72597826,10.0,al,-0.0421449,0.0421449
139,total,0.5766645,0.26306355,0.44993797,0.32969448,0.79147816,0.36105615,0.49589467,18750208.0,0.5766895,10.0,rand,-0.313601,0.313601
139,total,0.5766645,0.49611652,0.19788265,0.5996936,0.8106259,0.69739693,0.7497601,16760747.0,0.73154813,20.0,rand,-0.080548026,0.080548026
139,total,0.5766645,0.5159015,0.5221088,0.42154354,0.62800574,0.56183183,0.59307814,11776009.0,0.55541193,20.0,al,-0.060763013,0.060763013
139,total,0.5766645,0.50993234,0.28060207,0.52019656,0.7291621,0.6447814,0.6843802,14513797.0,0.65704936,30.0,al,-0.06673222,0.06673222
139,total,0.5766645,0.2838848,0.4969408,0.33397517,0.7589289,0.37360996,0.5007213,18059092.0,0.5703469,30.0,rand,-0.29277974,0.29277974
139,total,0.5766645,0.5253596,0.32434356,0.48199388,0.68222874,0.62153065,0.65046626,13046518.0,0.6148063,40.0,al,-0.05130498,0.05130498
139,total,0.5766645,0.09903404,0.758451,0.1012562,0.62734365,0.10773638,0.18389194,19663546.0,0.4485579,40.0,rand,-0.4776305,0.4776305
139,total,0.5766645,0.50203073,0.24394485,0.5435836,0.75666755,0.6587358,0.7043132,15325343.0,0.68104494,50.0,al,-0.07463381,0.07463381
139,total,0.5766645,0.09716697,0.75673336,0.12281415,0.7585374,0.12781091,0.21876106,20347612.0,0.47357753,50.0,rand,-0.47949755,0.47949755
139,total,0.5766645,0.36695132,0.350486,0.47512215,0.82825637,0.5270464,0.6441796,18334626.0,0.66424304,60.0,rand,-0.20971322,0.20971322
139,total,0.5766645,0.43766868,0.23669067,0.49391696,0.7662372,0.58154655,0.661237,16335398.0,0.6563823,60.0,al,-0.13899586,0.13899586
139,total,0.5766645,0.62888336,0.37669513,0.59274703,0.71340686,0.7780069,0.74430734,12370279.0,0.69175106,70.0,al,0.05221884,0.05221884
139,total,0.5766645,0.35145283,0.36437076,0.46256864,0.8352117,0.50902504,0.6325424,18594456.0,0.658957,70.0,rand,-0.2252117,0.2252117
139,total,0.5766645,0.30726385,0.4264515,0.41687992,0.8464172,0.45099452,0.58844733,19140192.0,0.6362177,80.0,rand,-0.2694007,0.2694007
139,total,0.5766645,0.44726914,0.32176185,0.4815207,0.7440647,0.57710576,0.65003526,15716569.0,0.64166015,80.0,al,-0.1293954,0.1293954
139,total,0.5766645,0.33306065,0.36722183,0.43119875,0.8229345,0.47529587,0.6025696,18540608.0,0.63844836,90.0,rand,-0.24360389,0.24360389
139,total,0.5766645,0.65063715,0.35608798,0.637059,0.73405415,0.82821494,0.7782964,12736620.0,0.72790366,90.0,al,0.07397264,0.07397264
139,total,0.5766645,0.42958432,0.32813194,0.41707,0.6894062,0.5135697,0.58863664,14752083.0,0.58606696,100.0,al,-0.14708021,0.14708021
139,total,0.5766645,0.19389199,0.59224445,0.25505444,0.8076378,0.27155077,0.40644327,19643600.0,0.54263186,100.0,rand,-0.38277254,0.38277254
139,total,0.5766645,0.46988934,0.26948348,0.49764678,0.7400794,0.603045,0.6645711,15326690.0,0.6489565,110.0,al,-0.1067752,0.1067752
139,total,0.5766645,0.27249807,0.4734353,0.34222764,0.794543,0.37545338,0.5099394,18692600.0,0.5838597,110.0,rand,-0.30416647,0.30416647
139,total,0.5766645,0.3940152,0.3303364,0.41079643,0.7173415,0.4901337,0.58236057,15874326.0,0.59460676,120.0,al,-0.18264934,0.18264934
139,total,0.5766645,0.22337836,0.5296965,0.28075564,0.78511953,0.3041247,0.43842146,19099020.0,0.55071396,120.0,rand,-0.35328618,0.35328618
139,total,0.5766645,0.5361482,0.29989493,0.50732887,0.698585,0.64950126,0.67314905,13318297.0,0.636277,130.0,al,-0.040516365,0.040516365
139,total,0.5766645,0.25140727,0.5382256,0.28869593,0.73787296,0.3216877,0.4480431,18188128.0,0.542941,130.0,rand,-0.32525727,0.32525727
139,total,0.5766645,0.17596215,0.6160854,0.231116,0.80295885,0.2450117,0.37545735,19777208.0,0.5299534,140.0,rand,-0.4007024,0.4007024
139,total,0.5766645,0.6009519,0.49337575,0.4902399,0.64463955,0.6717887,0.6579337,10674747.0,0.59717804,140.0,al,0.024287352,0.024287352
139,total,0.5766645,0.4125251,0.2889551,0.44736567,0.74116373,0.53020066,0.6181787,16108157.0,0.6223072,150.0,al,-0.16413943,0.16413943
139,total,0.5766645,0.22367935,0.5454201,0.30800706,0.8425636,0.32681608,0.47095585,19749552.0,0.5765836,150.0,rand,-0.35298517,0.35298517
139,total,0.5766645,0.30371717,0.39882624,0.41718563,0.85330683,0.44941738,0.58875185,19274388.0,0.6379455,160.0,rand,-0.27294737,0.27294737
139,total,0.5766645,0.62981325,0.52566147,0.5103656,0.6473023,0.70696026,0.6758168,10238196.0,0.60888106,160.0,al,0.053148698,0.053148698
139,total,0.5766645,0.43082798,0.37055418,0.4952136,0.7745114,0.5786387,0.662398,16598161.0,0.6598693,170.0,al,-0.14583655,0.14583655
139,total,0.5766645,0.18159513,0.607685,0.25040427,0.8361936,0.26332095,0.40051693,20027832.0,0.54543704,170.0,rand,-0.39506942,0.39506942
139,total,0.5766645,0.06380814,0.81909466,0.082386725,0.7640212,0.0845379,0.1522314,20775292.0,0.45702833,180.0,rand,-0.51285636,0.51285636
139,total,0.5766645,0.18730678,0.60643363,0.23047517,0.76397055,0.24814443,0.3746113,19291860.0,0.52222186,180.0,al,-0.38935775,0.38935775
139,total,0.5766645,0.09485802,0.7565431,0.12724556,0.7991247,0.13145007,0.22576344,20571888.0,0.4800836,190.0,rand,-0.48180652,0.48180652
139,total,0.5766645,0.21218616,0.582007,0.27337697,0.79814947,0.2936811,0.42937282,19362082.0,0.54986125,190.0,al,-0.36447838,0.36447838
139,total,0.5766645,0.45047528,0.30949333,0.46513847,0.72387356,0.56546986,0.6349408,15211985.0,0.62503403,200.0,al,-0.12618925,0.12618925
139,total,0.5766645,0.2491449,0.5210508,0.31940958,0.8024119,0.34667647,0.48417005,19036510.0,0.5740236,200.0,rand,-0.32751963,0.32751963
139,total,0.5766645,0.18363789,0.599325,0.24425817,0.81276405,0.25882196,0.39261618,19791872.0,0.5382055,210.0,rand,-0.39302665,0.39302665
139,total,0.5766645,0.4907712,0.27561906,0.51756203,0.74178684,0.63129747,0.68209624,15093144.0,0.660659,210.0,al,-0.08589334,0.08589334
139,total,0.5766645,0.3946996,0.31230605,0.46895352,0.7856657,0.53774965,0.638486,17236724.0,0.6488392,220.0,al,-0.18196492,0.18196492
139,total,0.5766645,0.40285194,0.26318163,0.54350466,0.8561744,0.5981132,0.70424706,18593178.0,0.71030587,220.0,rand,-0.17381258,0.17381258
139,total,0.5766645,0.22707579,0.5751417,0.29299182,0.80205846,0.31582877,0.4531994,19254316.0,0.56051517,230.0,al,-0.34958875,0.34958875
139,total,0.5766645,0.21274021,0.5533392,0.28589493,0.8249975,0.30435252,0.44466257,19647028.0,0.5616149,230.0,rand,-0.36392432,0.36392432
139,total,0.5766645,0.28193164,0.4502943,0.39867315,0.86805433,0.4243908,0.5700729,19648574.0,0.63086706,240.0,rand,-0.2947329,0.2947329
139,total,0.5766645,0.34246668,0.37948444,0.44084013,0.8211553,0.48766223,0.6119205,18424856.0,0.6433048,240.0,al,-0.23419784,0.23419784
139,total,0.5766645,0.17947361,0.61221164,0.24419065,0.8268838,0.25734717,0.39252895,19960496.0,0.54066885,250.0,al,-0.39719093,0.39719093
139,total,0.5766645,0.27075446,0.48348618,0.3369778,0.7888615,0.3703834,0.5040884,18632552.0,0.57975596,250.0,rand,-0.30591008,0.30591008
139,total,0.5766645,0.13668194,0.6965969,0.16787732,0.7502167,0.17781626,0.28749105,19804228.0,0.4917352,260.0,rand,-0.4399826,0.4399826
139,total,0.5766645,0.30541816,0.39733985,0.40488338,0.8323482,0.44083416,0.57639384,18935968.0,0.62634516,260.0,al,-0.27124637,0.27124637
139,total,0.5766645,0.2133822,0.5835812,0.26593694,0.77779055,0.28780317,0.42014208,19128742.0,0.54188603,270.0,al,-0.36328232,0.36328232
139,total,0.5766645,0.12810597,0.69414425,0.16716996,0.78796196,0.17504431,0.28645322,20159276.0,0.49711418,270.0,rand,-0.44855857,0.44855857
139,total,0.5766645,0.15150967,0.66293484,0.21236268,0.8418657,0.22118571,0.3503283,20322334.0,0.5269267,280.0,al,-0.42515486,0.42515486
139,total,0.5766645,0.17884132,0.61692196,0.26186994,0.87668353,0.2718849,0.4150502,20419258.0,0.55806786,280.0,rand,-0.3978232,0.3978232
139,total,0.5766645,0.15713811,0.64039344,0.2158736,0.8291078,0.22592616,0.35509184,20175032.0,0.5267656,290.0,al,-0.41952643,0.41952643
139,total,0.5766645,0.18418112,0.6125546,0.23758832,0.7930528,0.25329208,0.38395333,19601960.0,0.53128445,290.0,rand,-0.3924834,0.3924834
139,total,0.5766645,0.15502031,0.6412269,0.21053246,0.8208811,0.22066976,0.34783414,20128556.0,0.522821,300.0,rand,-0.42164424,0.42164424
139,total,0.5766645,0.15518038,0.67104894,0.21295583,0.8279975,0.22281261,0.35113502,20183288.0,0.52513236,300.0,al,-0.42148417,0.42148417
139,total,0.5766645,0.15905936,0.6689662,0.24022107,0.89592105,0.24711724,0.38738394,20699092.0,0.5492846,310.0,al,-0.41760516,0.41760516
139,total,0.5766645,0.1255903,0.7223373,0.1872175,0.8817748,0.19203794,0.31538844,20785944.0,0.5192291,310.0,rand,-0.45107424,0.45107424
139,total,0.5766645,0.14356595,0.68185973,0.1950071,0.81865776,0.20381099,0.32636946,20216712.0,0.51483166,320.0,rand,-0.43309858,0.43309858
139,total,0.5766645,0.16543077,0.6391649,0.21756011,0.80155677,0.2299454,0.3573703,19870998.0,0.5231084,320.0,al,-0.41123375,0.41123375
139,total,0.5766645,0.12513004,0.6945933,0.155765,0.75587785,0.1640161,0.26954412,19987100.0,0.48737097,330.0,al,-0.4515345,0.4515345
139,total,0.5766645,0.12268138,0.7035344,0.15368578,0.75938576,0.16155274,0.26642543,20039416.0,0.48697856,330.0,rand,-0.45398316,0.45398316
