,images,gt_confluence,pred_confluence,relative_delta_confluence,iou,precision,recall,f1,true_negative,accuracy,step,method,dAbsConf,dAbsAbsConf
3,total,0.15109126,0.09363656,0.3331656,0.19569215,0.4277547,0.26509178,0.32732818,625470.0,0.8353793,0.0,al,-0.057454698,0.057454698
3,total,0.15109126,0.15170515,0.47069696,0.16560285,0.2835757,0.28472602,0.2841492,582136.0,0.78324383,0.0,rand,0.0006138947,0.0006138947
3,total,0.15109126,0.099644706,0.35783714,0.18630955,0.3951865,0.26062295,0.3140989,620214.0,0.82802075,1.0,rand,-0.05144655,0.05144655
3,total,0.15109126,0.30612028,1.2196018,0.20921528,0.25841358,0.5235602,0.34603435,489078.0,0.7010002,1.0,al,0.15502903,0.15502903
3,total,0.15109126,0.3208018,1.3472618,0.17017667,0.21392219,0.454205,0.29085594,469291.0,0.66536075,2.0,al,0.16971052,0.16971052
3,total,0.15109126,0.15803628,0.2732472,0.21652038,0.34814617,0.36414668,0.3559662,586594.0,0.8009122,2.0,rand,0.0069450205,0.0069450205
3,total,0.15109126,0.17264657,0.28340906,0.2339909,0.35556883,0.4062934,0.379242,580112.0,0.79903793,3.0,al,0.021555312,0.021555312
3,total,0.15109126,0.1072563,0.41499823,0.2086521,0.41581997,0.29517853,0.34526363,618334.0,0.83085126,3.0,rand,-0.04383496,0.04383496
3,total,0.15109126,0.21870522,0.56561774,0.20442893,0.28698924,0.4154162,0.3394615,544974.0,0.75573605,4.0,rand,0.06761397,0.06761397
3,total,0.15109126,0.062103,0.56269187,0.13280542,0.40246525,0.16542251,0.23447132,638426.0,0.83679456,4.0,al,-0.08898826,0.08898826
3,total,0.15109126,0.04092253,0.66266584,0.13960877,0.57482445,0.15568535,0.24501142,653926.0,0.8550326,5.0,al,-0.110168725,0.110168725
3,total,0.15109126,0.07196526,0.53045887,0.16361973,0.43583354,0.20758608,0.28122497,635680.0,0.83967334,5.0,rand,-0.07912599,0.07912599
3,total,0.15109126,0.060909,0.5214802,0.1160177,0.36183715,0.14586401,0.20791331,637041.0,0.8320783,6.0,al,-0.09018226,0.09018226
3,total,0.15109126,0.112487525,0.42158413,0.12319697,0.2570114,0.19134343,0.21936792,601882.0,0.79424286,6.0,rand,-0.038603738,0.038603738
3,total,0.15109126,0.054572787,0.60739625,0.183911,0.58543235,0.21144897,0.31068343,649817.0,0.85823315,7.0,al,-0.09651847,0.09651847
3,total,0.15109126,0.08708418,0.394354,0.17966998,0.41655838,0.2400882,0.30461013,627652.0,0.83437604,7.0,rand,-0.06400707,0.06400707
3,total,0.15109126,0.048616774,0.6546343,0.0720107,0.27593964,0.088787526,0.13434662,639926.0,0.827123,8.0,al,-0.10247448,0.10247448
3,total,0.15109126,0.041724887,0.6581058,0.060688306,0.2644074,0.07301617,0.11443159,643472.0,0.8292491,8.0,rand,-0.10936637,0.10936637
3,total,0.15109126,0.051292147,0.6266119,0.13307752,0.4634207,0.15731803,0.23489532,645965.0,0.8451564,9.0,rand,-0.09979911,0.09979911
3,total,0.15109126,0.033280417,0.72181,0.09235626,0.46840134,0.10317026,0.16909519,653696.0,0.8468056,9.0,al,-0.11781084,0.11781084
