,images,gt_confluence,pred_confluence,relative_delta_confluence,iou,precision,recall,f1,true_negative,accuracy,step,method,dAbsConf,dAbsAbsConf
2,total,0.35496256,0.24103738,0.32169113,0.47167772,0.7924932,0.5381404,0.64100635,1462323.0,0.7860404,0.0,rand,-0.11392519,0.11392519
2,total,0.35496256,0.41151956,0.1604252,0.5396544,0.6528366,0.7568527,0.70100665,1234141.0,0.77082765,0.0,al,0.05655699,0.05655699
2,total,0.35496256,0.37003273,0.042100485,0.5295073,0.67829096,0.7070863,0.6923889,1292685.0,0.77698404,1.0,al,0.015070173,0.015070173
2,total,0.35496256,0.38528544,0.08597039,0.5566119,0.6870168,0.7457036,0.71515775,1288888.0,0.7891467,1.0,rand,0.030322859,0.030322859
2,total,0.35496256,0.33124083,0.065255485,0.5484062,0.7337146,0.6846792,0.70834875,1368473.0,0.7998686,2.0,rand,-0.023721738,0.023721738
2,total,0.35496256,0.3339854,0.05965295,0.48081976,0.66979164,0.6302072,0.64939624,1314209.0,0.75845295,2.0,al,-0.02097719,0.02097719
2,total,0.35496256,0.34783304,0.030458106,0.5823724,0.7436198,0.72868186,0.73607457,1366082.0,0.814515,3.0,rand,-0.0071295337,0.0071295337
2,total,0.35496256,0.25634173,0.27726582,0.40314114,0.6851645,0.4948003,0.57462615,1386903.0,0.7399679,3.0,al,-0.098620825,0.098620825
2,total,0.35496256,0.21548724,0.39246902,0.43096352,0.7972767,0.4840008,0.60233986,1477886.0,0.7731555,4.0,al,-0.13947532,0.13947532
2,total,0.35496256,0.3382627,0.08316042,0.5730832,0.7465981,0.711471,0.72861093,1374588.0,0.8118669,4.0,rand,-0.016699847,0.016699847
2,total,0.35496256,0.31373432,0.11509082,0.58203715,0.78415525,0.6930748,0.7358067,1418821.0,0.82333535,5.0,rand,-0.04122825,0.04122825
2,total,0.35496256,0.26223692,0.26009393,0.48301718,0.76656514,0.5663158,0.65139747,1434802.0,0.7848433,5.0,al,-0.09272564,0.09272564
2,total,0.35496256,0.2983213,0.15850149,0.50513506,0.73493767,0.61766183,0.6712151,1390913.0,0.7852108,6.0,al,-0.05664125,0.05664125
2,total,0.35496256,0.3241872,0.086927876,0.57602286,0.76568055,0.6992936,0.73098236,1398557.0,0.81729734,6.0,rand,-0.030775366,0.030775366
2,total,0.35496256,0.2699709,0.24024872,0.51227874,0.78413755,0.5963827,0.677492,1442024.0,0.7984546,7.0,al,-0.08499168,0.08499168
2,total,0.35496256,0.28556496,0.19514601,0.5347757,0.7815566,0.6287548,0.6968775,1431940.0,0.8058423,7.0,rand,-0.0693976,0.0693976
2,total,0.35496256,0.26769915,0.24456927,0.5183366,0.79405373,0.5988427,0.6827685,1449753.0,0.8024727,8.0,rand,-0.087263405,0.087263405
2,total,0.35496256,0.21807759,0.38393825,0.44109896,0.80429894,0.4941331,0.6121698,1480359.0,0.77775836,8.0,al,-0.13688499,0.13688499
2,total,0.35496256,0.20245543,0.42965388,0.41071868,0.8015986,0.45719522,0.5822824,1486529.0,0.7671574,9.0,al,-0.15250714,0.15250714
2,total,0.35496256,0.29978046,0.15523186,0.5613571,0.78524524,0.6631696,0.7190625,1427026.0,0.81605875,9.0,rand,-0.055182107,0.055182107
2,total,0.35496256,0.2873053,0.19045395,0.5512463,0.79439837,0.64298064,0.7107136,1440073.0,0.81420124,10.0,rand,-0.067657284,0.067657284
2,total,0.35496256,0.26617736,0.24922478,0.5106746,0.7888467,0.5915337,0.6760877,1447117.0,0.7988058,10.0,al,-0.088785216,0.088785216
2,total,0.35496256,0.28585345,0.19410911,0.5331813,0.7796006,0.62781477,0.69552237,1430411.0,0.80488646,11.0,rand,-0.069109105,0.069109105
2,total,0.35496256,0.31321388,0.11666279,0.54822665,0.75539917,0.6665513,0.70819896,1396962.0,0.80502605,11.0,al,-0.041748673,0.041748673
2,total,0.35496256,0.2616152,0.26201835,0.50791025,0.793848,0.5850811,0.67366064,1452700.0,0.79878706,12.0,rand,-0.093347386,0.093347386
2,total,0.35496256,0.28190652,0.20568755,0.5354589,0.78783244,0.6256838,0.6974574,1438252.0,0.80732054,12.0,al,-0.07305605,0.07305605
2,total,0.35496256,0.25401548,0.28457275,0.50496703,0.8044119,0.57564455,0.67106676,1463145.0,0.7996875,13.0,rand,-0.10094708,0.10094708
2,total,0.35496256,0.24161558,0.31731424,0.47879913,0.79944324,0.54416203,0.64755076,1466155.0,0.78973716,13.0,al,-0.11334698,0.11334698
