,images,gt_confluence,pred_confluence,relative_delta_confluence,iou,precision,recall,f1,true_negative,accuracy,step,method,dAbsConf,dAbsAbsConf
139,total,0.5766645,0.23175879,0.49825135,0.37504342,0.95141304,0.38236684,0.5455001,20968488.0,0.6325725,0.0,rand,-0.34490573,0.34490573
139,total,0.5766645,0.23746924,0.4962671,0.37559178,0.936087,0.38547704,0.5460799,20769176.0,0.6304491,0.0,al,-0.33919528,0.33919528
139,total,0.5766645,0.2590483,0.44492152,0.4101863,0.93838733,0.4215392,0.58174723,20729320.0,0.65046155,10.0,al,-0.31761622,0.31761622
139,total,0.5766645,0.22208752,0.5150536,0.35526475,0.9427949,0.3630916,0.52427316,20895008.0,0.620013,10.0,rand,-0.354577,0.354577
139,total,0.5766645,0.25309,0.45659706,0.40085125,0.9381387,0.41173434,0.57229626,20744798.0,0.6451117,20.0,al,-0.32357454,0.32357454
139,total,0.5766645,0.21757033,0.51700085,0.34799826,0.9424069,0.35556,0.51631814,20903860.0,0.61584383,20.0,rand,-0.3590942,0.3590942
139,total,0.5766645,0.20767893,0.5358968,0.33133417,0.9399279,0.3385023,0.49774718,20906652.0,0.6060621,30.0,rand,-0.36898562,0.36898562
139,total,0.5766645,0.24359071,0.4712245,0.3872024,0.9399132,0.39703014,0.55824894,20796696.0,0.63765216,30.0,al,-0.33307382,0.33307382
139,total,0.5766645,0.23202185,0.49417213,0.37075034,0.9427049,0.37929714,0.5409447,20865028.0,0.62876904,40.0,al,-0.34464267,0.34464267
139,total,0.5766645,0.20346305,0.54890484,0.32431254,0.9389769,0.33129516,0.4897821,20909692.0,0.6019657,40.0,rand,-0.3732015,0.3732015
139,total,0.5766645,0.247423,0.4640547,0.38989946,0.93433744,0.4008841,0.5610466,20714778.0,0.6382647,50.0,al,-0.32924154,0.32924154
139,total,0.5766645,0.21036968,0.5358873,0.33392334,0.9365434,0.34165338,0.50066304,20862196.0,0.60700554,50.0,rand,-0.36629486,0.36629486
139,total,0.5766645,0.21354993,0.5268326,0.33861157,0.9360396,0.3466318,0.5059142,20846452.0,0.60956705,60.0,al,-0.3631146,0.3631146
139,total,0.5766645,0.21986948,0.5171304,0.35110956,0.9414406,0.35894892,0.51973474,20886312.0,0.6174532,60.0,rand,-0.35679504,0.35679504
139,total,0.5766645,0.21964239,0.5171527,0.3504227,0.94078046,0.35832673,0.5189819,20879610.0,0.61696273,70.0,rand,-0.35702217,0.35702217
139,total,0.5766645,0.21516107,0.52306753,0.341817,0.93749225,0.34978896,0.5094834,20857112.0,0.6115972,70.0,al,-0.36150345,0.36150345
139,total,0.5766645,0.22177592,0.5101988,0.35394606,0.94116396,0.3619549,0.5228359,20877508.0,0.61901367,80.0,al,-0.35488862,0.35488862
139,total,0.5766645,0.21916938,0.51437527,0.35105133,0.9435019,0.35858938,0.51967096,20911386.0,0.61773866,80.0,rand,-0.35749516,0.35749516
139,total,0.5766645,0.23228553,0.4916027,0.37090364,0.942226,0.37953523,0.54110783,20858596.0,0.62877995,90.0,al,-0.344379,0.344379
139,total,0.5766645,0.23026006,0.4977649,0.36919934,0.94495237,0.37731442,0.5392919,20896496.0,0.6282441,90.0,rand,-0.34640446,0.34640446
139,total,0.5766645,0.22851564,0.4956783,0.36346042,0.9392757,0.37220642,0.53314364,20835374.0,0.62409735,100.0,al,-0.34814888,0.34814888
139,total,0.5766645,0.22449405,0.5084187,0.35708332,0.939027,0.36555922,0.5262507,20844960.0,0.6204525,100.0,rand,-0.35217047,0.35217047
139,total,0.5766645,0.23043247,0.4954812,0.37001395,0.94596815,0.37800285,0.5401605,20907924.0,0.62886566,110.0,rand,-0.34623206,0.34623206
139,total,0.5766645,0.22757132,0.49977124,0.36507007,0.9451235,0.37297603,0.5348733,20906008.0,0.62592924,110.0,al,-0.34909323,0.34909323
139,total,0.5766645,0.23909327,0.48539293,0.38324806,0.9453118,0.391938,0.55412734,20876126.0,0.63627666,120.0,rand,-0.33757126,0.33757126
139,total,0.5766645,0.22238283,0.50725853,0.35685787,0.94500387,0.36442626,0.52600586,20919144.0,0.621257,120.0,al,-0.3542817,0.3542817
139,total,0.5766645,0.23668426,0.48840123,0.37701625,0.9408703,0.386166,0.5475839,20829338.0,0.6320287,130.0,al,-0.33998027,0.33998027
139,total,0.5766645,0.2451141,0.47183618,0.39127997,0.94288963,0.40077826,0.5624744,20829160.0,0.6404516,130.0,rand,-0.33155042,0.33155042
139,total,0.5766645,0.24451993,0.47333497,0.3907741,0.94361943,0.40011618,0.5619515,20839968.0,0.64028215,140.0,rand,-0.33214462,0.33214462
139,total,0.5766645,0.22576156,0.50959116,0.36398366,0.9484821,0.3713248,0.53370637,20949646.0,0.6258346,140.0,al,-0.35090297,0.35090297
139,total,0.5766645,0.23838677,0.48253334,0.3796358,0.94082063,0.38892323,0.55034167,20823612.0,0.6335062,150.0,rand,-0.3382778,0.3382778
139,total,0.5766645,0.24224192,0.47887903,0.38583234,0.94118327,0.3953652,0.55682355,20816474.0,0.6370807,150.0,al,-0.33442262,0.33442262
139,total,0.5766645,0.21536139,0.5267427,0.34239665,0.9380407,0.35031945,0.510127,20862486.0,0.6120087,160.0,rand,-0.36130315,0.36130315
139,total,0.5766645,0.21386056,0.5279955,0.34030437,0.93853515,0.34806147,0.50780123,20872600.0,0.61090535,160.0,al,-0.362804,0.362804
139,total,0.5766645,0.23180404,0.49256885,0.37168905,0.94507784,0.3798949,0.5419432,20893652.0,0.6296763,170.0,al,-0.3448605,0.3448605
139,total,0.5766645,0.2465786,0.46700725,0.39006653,0.9368651,0.40059677,0.5612195,20749314.0,0.63877773,170.0,rand,-0.33008593,0.33008593
139,total,0.5766645,0.23215158,0.49351403,0.3721961,0.94500726,0.38043606,0.54248196,20891846.0,0.62995285,180.0,al,-0.34451297,0.34451297
139,total,0.5766645,0.21567464,0.525799,0.34179103,0.9358135,0.34999603,0.50945455,20837056.0,0.6113224,180.0,rand,-0.3609899,0.3609899
139,total,0.5766645,0.225773,0.50238466,0.36309674,0.94675213,0.37066633,0.53275234,20929740.0,0.6250637,190.0,al,-0.35089153,0.35089153
139,total,0.5766645,0.22069752,0.5184126,0.3543143,0.945211,0.36174372,0.5232375,20926186.0,0.6198485,190.0,rand,-0.35596702,0.35596702
139,total,0.5766645,0.23524001,0.49083915,0.37326753,0.9381238,0.38268924,0.54361916,20800808.0,0.6294631,200.0,rand,-0.34142452,0.34142452
139,total,0.5766645,0.2205746,0.5140328,0.35134384,0.93972546,0.35944405,0.51999134,20864960.0,0.6173191,200.0,al,-0.35608995,0.35608995
139,total,0.5766645,0.22642282,0.50557125,0.36651954,0.951317,0.37352553,0.5364274,20980576.0,0.6277115,210.0,al,-0.35024172,0.35024172
139,total,0.5766645,0.22958171,0.49408612,0.36536667,0.9397479,0.37413087,0.5351916,20837596.0,0.62525076,210.0,rand,-0.34708282,0.34708282
139,total,0.5766645,0.22979239,0.4989189,0.36367643,0.9359458,0.3729591,0.53337604,20792492.0,0.62368864,220.0,rand,-0.34687215,0.34687215
139,total,0.5766645,0.23359175,0.49274933,0.37510252,0.9461961,0.38327768,0.54556257,20901948.0,0.63179004,220.0,al,-0.3430728,0.3430728
139,total,0.5766645,0.2367006,0.48634696,0.3773109,0.94135815,0.38639292,0.54789466,20835164.0,0.63227403,230.0,al,-0.33996394,0.33996394
139,total,0.5766645,0.22745939,0.5064658,0.3627469,0.94104195,0.37118268,0.53237563,20859080.0,0.62397283,230.0,rand,-0.34920517,0.34920517
139,total,0.5766645,0.24356209,0.47441372,0.3879284,0.94126076,0.3975526,0.55900306,20813484.0,0.6382834,240.0,al,-0.33310243,0.33310243
139,total,0.5766645,0.24076381,0.48192224,0.37783805,0.9310377,0.38871694,0.5484502,20696602.0,0.63089114,240.0,rand,-0.33590072,0.33590072
139,total,0.5766645,0.22693968,0.5022771,0.35692522,0.9314391,0.36655548,0.526079,20749748.0,0.6191559,250.0,rand,-0.34972486,0.34972486
139,total,0.5766645,0.2061819,0.53688854,0.32962814,0.94128615,0.33654788,0.49581963,20925476.0,0.605305,250.0,al,-0.37048262,0.37048262
139,total,0.5766645,0.21272112,0.523649,0.3399329,0.94143474,0.34727663,0.5073875,20907548.0,0.6111396,260.0,rand,-0.3639434,0.3639434
139,total,0.5766645,0.23605546,0.48439687,0.3772458,0.943064,0.3860381,0.547826,20857580.0,0.63250995,260.0,al,-0.34060907,0.34060907
139,total,0.5766645,0.21960153,0.5154293,0.34734955,0.93478286,0.35597613,0.51560384,20812714.0,0.61429256,270.0,rand,-0.357063,0.357063
139,total,0.5766645,0.23516804,0.48709968,0.37502468,0.9415401,0.38396537,0.54548025,20841916.0,0.63100684,270.0,al,-0.3414965,0.3414965
139,total,0.5766645,0.22795554,0.4993287,0.36574346,0.9452562,0.37365818,0.5355957,20906476.0,0.6263318,280.0,al,-0.348709,0.348709
139,total,0.5766645,0.23996557,0.48070344,0.38159826,0.93994474,0.3911346,0.55240077,20808164.0,0.6344778,280.0,rand,-0.33669895,0.33669895
139,total,0.5766645,0.23860644,0.48086926,0.37994123,0.9407559,0.38925487,0.5506625,20822166.0,0.63366896,290.0,al,-0.3380581,0.3380581
139,total,0.5766645,0.2249177,0.50786525,0.3582347,0.93998015,0.36662084,0.52750003,20854554.0,0.62125325,290.0,rand,-0.35174683,0.35174683
139,total,0.5766645,0.23076215,0.49740496,0.36979914,0.944602,0.37799698,0.53993154,20890976.0,0.62852925,300.0,al,-0.34590238,0.34590238
139,total,0.5766645,0.22653146,0.50753677,0.35833102,0.93534786,0.36743164,0.52760446,20796228.0,0.6205746,300.0,rand,-0.35013306,0.35013306
139,total,0.5766645,0.23023361,0.49805138,0.36698472,0.9408831,0.3756464,0.53692544,20848896.0,0.6263468,310.0,al,-0.34643093,0.34643093
139,total,0.5766645,0.22601351,0.5045443,0.35833707,0.93689847,0.36719924,0.527611,20815766.0,0.6208245,310.0,rand,-0.35065103,0.35065103
139,total,0.5766645,0.21791406,0.51967424,0.35016277,0.9456641,0.35735258,0.5186967,20938972.0,0.61756754,320.0,rand,-0.3587505,0.3587505
139,total,0.5766645,0.22600113,0.5031369,0.36152774,0.9430627,0.36959496,0.5310615,20886696.0,0.62359995,320.0,al,-0.3506634,0.3506634
139,total,0.5766645,0.24289241,0.4744011,0.38534153,0.93854564,0.39531595,0.55631226,20781928.0,0.6363734,330.0,rand,-0.33377212,0.33377212
139,total,0.5766645,0.21449879,0.5234352,0.3401799,0.9362424,0.3482474,0.50766265,20845578.0,0.61048156,330.0,al,-0.36216575,0.36216575
