,images,gt_confluence,pred_confluence,relative_delta_confluence,iou,precision,recall,f1,true_negative,accuracy,step,method,dAbsConf,dAbsAbsConf
2,total,0.26927653,0.12763202,0.52587986,0.18615152,0.48804462,0.23132217,0.31387433,1635243.0,0.7276717,0.0,rand,-0.14164451,0.14164451
2,total,0.26927653,0.14284727,0.46696472,0.17839105,0.4367585,0.23169239,0.30277008,1598095.0,0.71265584,0.0,al,-0.12642926,0.12642926
2,total,0.26927653,0.11726418,0.5639362,0.16753334,0.47300354,0.2059812,0.2869864,1643953.0,0.7243921,1.0,rand,-0.15201235,0.15201235
2,total,0.26927653,0.12250751,0.545795,0.17623791,0.4791711,0.21799739,0.29966328,1639019.0,0.7256201,1.0,al,-0.14676902,0.14676902
2,total,0.26927653,0.14642516,0.4547928,0.19569813,0.4646577,0.25266632,0.32733655,1603182.0,0.7203735,2.0,rand,-0.12285138,0.12285138
2,total,0.26927653,0.14297912,0.46801317,0.18442345,0.4489574,0.2383835,0.31141427,1602199.0,0.7161275,2.0,al,-0.12629741,0.12629741
2,total,0.26927653,0.13789651,0.48668644,0.18426777,0.4594384,0.2352767,0.3111923,1612634.0,0.71953696,3.0,al,-0.13138002,0.13138002
2,total,0.26927653,0.13639261,0.49261656,0.1881902,0.47107962,0.23860714,0.31676736,1618534.0,0.72283447,3.0,rand,-0.13288392,0.13288392
2,total,0.26927653,0.14079121,0.47613364,0.18811157,0.46114808,0.2411095,0.31665596,1609380.0,0.71978354,4.0,rand,-0.12848532,0.12848532
2,total,0.26927653,0.11939838,0.55478925,0.1628803,0.45595726,0.20217174,0.2801321,1636187.0,0.7202063,4.0,al,-0.14987814,0.14987814
2,total,0.26927653,0.109841496,0.5907572,0.14581178,0.43922815,0.1791654,0.25451222,1644449.0,0.7173731,5.0,al,-0.15943503,0.15943503
2,total,0.26927653,0.122768335,0.5430778,0.17188437,0.46838552,0.2135442,0.29334655,1635431.0,0.722961,5.0,rand,-0.1465082,0.1465082
2,total,0.26927653,0.12362445,0.54016525,0.16700427,0.45481655,0.2088039,0.28620976,1630190.0,0.719552,6.0,al,-0.14565207,0.14565207
2,total,0.26927653,0.11980935,0.55398536,0.16759813,0.4661579,0.20740615,0.28708145,1638641.0,0.72261435,6.0,rand,-0.14946719,0.14946719
2,total,0.26927653,0.12621152,0.5305264,0.18252473,0.4836689,0.22669673,0.308703,1635673.0,0.7266012,7.0,rand,-0.143065,0.143065
2,total,0.26927653,0.11243468,0.5826574,0.15947688,0.4669528,0.1949714,0.27508378,1648536.0,0.72329223,7.0,al,-0.15684186,0.15684186
2,total,0.26927653,0.123891786,0.5381591,0.16430852,0.44784775,0.20604919,0.28224182,1627710.0,0.7178011,8.0,al,-0.14538474,0.14538474
2,total,0.26927653,0.13194762,0.5106187,0.18461324,0.47388613,0.23220617,0.31168482,1625222.0,0.7238322,8.0,rand,-0.13732892,0.13732892
2,total,0.26927653,0.11806008,0.5604002,0.1613547,0.45583197,0.19985071,0.27787283,1637940.0,0.7202946,9.0,rand,-0.15121645,0.15121645
2,total,0.26927653,0.11522886,0.57083213,0.15742968,0.4538745,0.19422038,0.27203283,1641172.0,0.7200936,9.0,al,-0.15404767,0.15404767
2,total,0.26927653,0.132383,0.5070521,0.1789078,0.4604447,0.22636428,0.30351403,1620286.0,0.72025067,10.0,al,-0.13689353,0.13689353
2,total,0.26927653,0.13045184,0.5152014,0.18371095,0.47556114,0.2303853,0.3103979,1627693.0,0.72434735,10.0,rand,-0.13882469,0.13882469
2,total,0.26927653,0.12663674,0.52879965,0.17968552,0.4762001,0.22394806,0.30463248,1632809.0,0.7246956,11.0,rand,-0.14263979,0.14263979
2,total,0.26927653,0.131935,0.50877297,0.1868131,0.4786748,0.23453021,0.31481424,1626791.0,0.72509646,11.0,al,-0.13734153,0.13734153
2,total,0.26927653,0.12342711,0.54150766,0.17781748,0.48034498,0.22017184,0.3019436,1638198.0,0.72587156,12.0,rand,-0.14584942,0.14584942
2,total,0.26927653,0.1305674,0.5147663,0.18868956,0.4861132,0.23570585,0.31747448,1630930.0,0.72709715,12.0,al,-0.13870913,0.13870913
2,total,0.26927653,0.1493166,0.443735,0.20503882,0.47700283,0.26450118,0.34030196,1603908.0,0.7238558,13.0,al,-0.119959936,0.119959936
2,total,0.26927653,0.13247171,0.50670934,0.18139036,0.46564382,0.22907367,0.30707902,1621861.0,0.7216211,13.0,rand,-0.13680483,0.13680483
