,images,gt_confluence,pred_confluence,relative_delta_confluence,iou,precision,recall,f1,true_negative,accuracy,step,method,dAbsConf,dAbsAbsConf
2,total,0.26927653,0.17269266,0.35666955,0.21059507,0.44521415,0.28552344,0.34791943,1560371.0,0.71180135,0.0,rand,-0.09658388,0.09658388
2,total,0.26927653,0.14804584,0.4486389,0.21113846,0.49141783,0.2701753,0.34866068,1610786.0,0.7281824,0.0,al,-0.12123069,0.12123069
2,total,0.26927653,0.1439341,0.46397293,0.17558452,0.4287875,0.22919455,0.2987182,1593771.0,0.7102238,1.0,rand,-0.12534243,0.12534243
2,total,0.26927653,0.14525816,0.45908165,0.19791028,0.47148332,0.25433457,0.3304254,1607154.0,0.722439,1.0,al,-0.12401837,0.12401837
2,total,0.26927653,0.13976662,0.4801397,0.18308152,0.45289502,0.23507118,0.30949897,1607902.0,0.7175562,2.0,rand,-0.12950991,0.12950991
2,total,0.26927653,0.1326837,0.5067508,0.19431794,0.49290207,0.24287143,0.3254036,1630471.0,0.72883993,2.0,al,-0.13659284,0.13659284
2,total,0.26927653,0.1388283,0.48239487,0.18112798,0.45080045,0.23241319,0.30670294,1608449.0,0.717063,3.0,al,-0.13044822,0.13044822
2,total,0.26927653,0.13307229,0.5057939,0.18409015,0.47007057,0.23229985,0.31093898,1622520.0,0.722758,3.0,rand,-0.13620424,0.13620424
2,total,0.26927653,0.14099425,0.4746547,0.18172005,0.4474654,0.23429297,0.30755132,1604370.0,0.7159094,4.0,rand,-0.12828228,0.12828228
2,total,0.26927653,0.12330097,0.5415638,0.17514595,0.4745365,0.21728717,0.2980833,1636599.0,0.72444415,4.0,al,-0.14597556,0.14597556
2,total,0.26927653,0.122026145,0.5456706,0.16062136,0.44378754,0.20110641,0.2767847,1629024.0,0.7170048,5.0,al,-0.14725038,0.14725038
2,total,0.26927653,0.12535216,0.53341866,0.1675485,0.45177773,0.21030745,0.2870086,1626939.0,0.718634,5.0,rand,-0.14392437,0.14392437
2,total,0.26927653,0.120043725,0.5532195,0.17265008,0.4774945,0.21286573,0.29446095,1641678.0,0.7253202,6.0,al,-0.1492328,0.1492328
2,total,0.26927653,0.11999571,0.5541439,0.1751498,0.4835113,0.21546178,0.29808888,1643514.0,0.72676635,6.0,rand,-0.14928082,0.14928082
2,total,0.26927653,0.122195415,0.5454438,0.16747242,0.45956278,0.208544,0.286897,1633530.0,0.72084105,7.0,rand,-0.1470811,0.1470811
2,total,0.26927653,0.13281065,0.5056703,0.19222458,0.48813546,0.24075289,0.32246327,1628757.0,0.727572,7.0,al,-0.13646588,0.13646588
2,total,0.26927653,0.1338218,0.5019439,0.17742729,0.453913,0.22557852,0.30138087,1616230.0,0.7183887,8.0,al,-0.13545473,0.13545473
2,total,0.26927653,0.12726377,0.525923,0.17650574,0.46746558,0.22092889,0.30005035,1629270.0,0.7224426,8.0,rand,-0.14201276,0.14201276
2,total,0.26927653,0.13333759,0.5033634,0.17559515,0.45101744,0.2233285,0.29873362,1615931.0,0.71766114,9.0,rand,-0.13593894,0.13593894
2,total,0.26927653,0.12864032,0.52062553,0.17258042,0.45526722,0.21749116,0.29435962,1623612.0,0.7192147,9.0,al,-0.1406362,0.1406362
2,total,0.26927653,0.14961648,0.44231352,0.20366876,0.47374317,0.2632213,0.33841285,1602324.0,0.7228666,10.0,al,-0.11966005,0.11966005
2,total,0.26927653,0.13906716,0.48154217,0.1908267,0.47053713,0.24300592,0.32049403,1614872.0,0.7225289,10.0,rand,-0.13020937,0.13020937
2,total,0.26927653,0.14095518,0.4747425,0.18930458,0.46325296,0.24249215,0.31834453,1609892.0,0.72036415,11.0,rand,-0.12832135,0.12832135
2,total,0.26927653,0.132984,0.5041971,0.18429829,0.47072846,0.2324706,0.31123582,1622850.0,0.72293824,11.0,al,-0.13629253,0.13629253
2,total,0.26927653,0.1329201,0.50502276,0.1842081,0.4706853,0.23233762,0.31110722,1622919.0,0.7229305,12.0,rand,-0.13635643,0.13635643
2,total,0.26927653,0.123764835,0.539289,0.17470591,0.47230422,0.21707864,0.29744577,1635321.0,0.723868,12.0,al,-0.1455117,0.1455117
2,total,0.26927653,0.1382676,0.48514852,0.18771982,0.4658568,0.23920552,0.31610075,1614322.0,0.72128177,13.0,al,-0.13100892,0.13100892
2,total,0.26927653,0.13502908,0.49740338,0.18595903,0.4694963,0.23542781,0.31360063,1619781.0,0.7224858,13.0,rand,-0.13424745,0.13424745
