,images,gt_confluence,pred_confluence,relative_delta_confluence,iou,precision,recall,f1,true_negative,accuracy,step,method,dAbsConf,dAbsAbsConf
2,total,0.35496256,0.23111022,0.34889743,0.48236087,0.82518566,0.5372623,0.6508004,1485954.0,0.79534423,0.0,rand,-0.12385235,0.12385235
2,total,0.35496256,0.4659922,0.3154365,0.50978535,0.59485775,0.7809231,0.67530787,1121267.0,0.7334432,0.0,al,0.11102965,0.11102965
2,total,0.35496256,0.4347841,0.22840093,0.4783302,0.58772063,0.71988153,0.6471218,1144714.0,0.72131634,1.0,al,0.07982156,0.07982156
2,total,0.35496256,0.234518,0.3386031,0.47818443,0.81313235,0.537221,0.6469884,1477543.0,0.79190713,1.0,rand,-0.12044456,0.12044456
2,total,0.35496256,0.29420918,0.17067176,0.5270483,0.76155597,0.6312102,0.6902832,1412838.0,0.79894125,2.0,rand,-0.060753394,0.060753394
2,total,0.35496256,0.39246643,0.107790805,0.46378508,0.6034029,0.66715425,0.6336787,1202717.0,0.7262016,2.0,al,0.03750385,0.03750385
2,total,0.35496256,0.22854836,0.35713768,0.45040178,0.79283684,0.5104785,0.6210713,1468885.0,0.7788916,3.0,rand,-0.1264142,0.1264142
2,total,0.35496256,0.2589919,0.26950112,0.38913622,0.6640607,0.48451778,0.56025594,1371420.0,0.7300179,3.0,al,-0.09597068,0.09597068
2,total,0.35496256,0.20117287,0.43342212,0.38504693,0.76853156,0.4355584,0.5560051,1470806.0,0.7530794,4.0,al,-0.15378968,0.15378968
2,total,0.35496256,0.2628208,0.25865945,0.50988966,0.79379505,0.5877383,0.6753994,1452055.0,0.7994678,4.0,rand,-0.09214174,0.09214174
2,total,0.35496256,0.26642108,0.2478825,0.5115501,0.7893285,0.592437,0.6768545,1447306.0,0.7992033,5.0,rand,-0.08854148,0.08854148
2,total,0.35496256,0.2692755,0.24087109,0.4817682,0.75372374,0.5717746,0.65026075,1422266.0,0.7816801,5.0,al,-0.08568707,0.08568707
2,total,0.35496256,0.23014097,0.349299,0.45154756,0.7908828,0.51276886,0.6221597,1466969.0,0.77892494,6.0,al,-0.12482159,0.12482159
2,total,0.35496256,0.25508198,0.279854,0.50277454,0.80013305,0.5749866,0.6691279,1459950.0,0.7981539,6.0,rand,-0.09988059,0.09988059
2,total,0.35496256,0.26155087,0.26375553,0.48951098,0.77465093,0.5707922,0.6572769,1440393.0,0.78870726,7.0,al,-0.09341168,0.09341168
2,total,0.35496256,0.23841043,0.32729423,0.47360086,0.799901,0.5372509,0.6427799,1468003.0,0.78803587,7.0,rand,-0.116552144,0.116552144
2,total,0.35496256,0.30838642,0.13056697,0.5650458,0.7766121,0.67470735,0.7220816,1415941.0,0.8156437,8.0,rand,-0.04657615,0.04657615
2,total,0.35496256,0.2490928,0.29766124,0.48411143,0.79103446,0.55510134,0.6523918,1457322.0,0.79002607,8.0,al,-0.10586977,0.10586977
2,total,0.35496256,0.17949888,0.49612245,0.36426806,0.7950192,0.40202624,0.534012,1494820.0,0.7509481,9.0,al,-0.17546368,0.17546368
2,total,0.35496256,0.2653973,0.2526856,0.5160691,0.79567736,0.59490734,0.6807985,1451977.0,0.8019808,9.0,rand,-0.08956524,0.08956524
2,total,0.35496256,0.31079283,0.12172929,0.5574284,0.7667,0.6712936,0.71583134,1407049.0,0.8108138,10.0,rand,-0.044169735,0.044169735
2,total,0.35496256,0.2349184,0.3360021,0.45172578,0.7813376,0.5170962,0.6223289,1459003.0,0.77721965,10.0,al,-0.120044164,0.120044164
2,total,0.35496256,0.28277117,0.20152168,0.5340702,0.78516006,0.625474,0.69627815,1435944.0,0.80630696,11.0,rand,-0.07219138,0.07219138
2,total,0.35496256,0.25018775,0.2952695,0.48355803,0.7883921,0.5556791,0.65188915,1455135.0,0.7893412,11.0,al,-0.104774795,0.104774795
2,total,0.35496256,0.24509947,0.30799893,0.48039916,0.7944714,0.54857534,0.64901257,1461443.0,0.7893864,12.0,rand,-0.109863095,0.109863095
2,total,0.35496256,0.29244852,0.17545734,0.5568477,0.7918115,0.65235984,0.71535236,1435615.0,0.81571656,12.0,al,-0.06251405,0.06251405
2,total,0.35496256,0.28269386,0.20386314,0.5440843,0.79481566,0.63299274,0.7047335,1442693.0,0.811722,13.0,rand,-0.072268695,0.072268695
2,total,0.35496256,0.23578836,0.33531135,0.4723068,0.80372787,0.5338841,0.64158696,1471510.0,0.78826785,13.0,al,-0.11917421,0.11917421
