,images,gt_confluence,pred_confluence,relative_delta_confluence,iou,precision,recall,f1,true_negative,accuracy,step,method,dAbsConf,dAbsAbsConf
139,total,0.5766645,0.20354882,0.6473192,0.28264222,0.8446521,0.2981406,0.44071835,19932452.0,0.56364185,0.0,rand,-0.37311572,0.37311572
139,total,0.5766645,0.23805961,0.4822797,0.37670213,0.9364492,0.3865849,0.5472525,20771644.0,0.6311365,0.0,al,-0.33860493,0.33860493
139,total,0.5766645,0.2325152,0.49284166,0.36947873,0.93892115,0.378578,0.5395899,20818820.0,0.6274463,10.0,al,-0.34414932,0.34414932
139,total,0.5766645,0.24072644,0.4837079,0.3764106,0.9285839,0.38763225,0.5469448,20666676.0,0.6296776,10.0,rand,-0.3359381,0.3359381
139,total,0.5766645,0.22491044,0.50518775,0.35737672,0.93834335,0.36597064,0.5265693,20835844.0,0.6205106,20.0,al,-0.3517541,0.3517541
139,total,0.5766645,0.23174387,0.49411315,0.35997826,0.9233539,0.37106615,0.52938783,20637644.0,0.619554,20.0,rand,-0.34492067,0.34492067
139,total,0.5766645,0.22243348,0.5107948,0.35123974,0.9338402,0.36020315,0.5198774,20792646.0,0.61633575,30.0,rand,-0.35423106,0.35423106
139,total,0.5766645,0.24472052,0.46788993,0.38731545,0.9370597,0.39766067,0.5583664,20757708.0,0.6372495,30.0,al,-0.33194402,0.33194402
139,total,0.5766645,0.24013938,0.4774446,0.37977403,0.93620944,0.3898624,0.55048686,20761988.0,0.6328367,40.0,al,-0.33652517,0.33652517
139,total,0.5766645,0.22474,0.5053019,0.356431,0.9370237,0.36517897,0.525542,20821288.0,0.619768,40.0,rand,-0.35192454,0.35192454
139,total,0.5766645,0.23633961,0.4805571,0.37597665,0.9399556,0.38522884,0.54648656,20819376.0,0.63129246,50.0,al,-0.3403249,0.3403249
139,total,0.5766645,0.22084674,0.51512367,0.35159978,0.9393939,0.35976052,0.5202716,20860400.0,0.61741203,50.0,rand,-0.3558178,0.3558178
139,total,0.5766645,0.22756155,0.5018675,0.364848,0.9447313,0.37280527,0.53463495,20901496.0,0.6257421,60.0,al,-0.34910297,0.34910297
139,total,0.5766645,0.22243245,0.51227456,0.3523982,0.9361207,0.36108112,0.5211452,20818460.0,0.6173494,60.0,rand,-0.35423207,0.35423207
139,total,0.5766645,0.22894354,0.5031605,0.3615944,0.93448156,0.37100008,0.5311334,20778200.0,0.6222781,70.0,rand,-0.34772098,0.34772098
139,total,0.5766645,0.259305,0.44566977,0.41137633,0.93967396,0.42253545,0.5829431,20745492.0,0.6513539,70.0,al,-0.31735954,0.31735954
139,total,0.5766645,0.24409185,0.47210193,0.38344175,0.9319675,0.39448366,0.55432975,20696472.0,0.6342141,80.0,al,-0.3325727,0.3325727
139,total,0.5766645,0.2452265,0.4694474,0.38821125,0.9372612,0.39856857,0.55929667,20758600.0,0.6377907,80.0,rand,-0.33143803,0.33143803
139,total,0.5766645,0.23662978,0.48596275,0.37662008,0.94030553,0.3858454,0.54716593,20822702.0,0.6317134,90.0,al,-0.34003475,0.34003475
139,total,0.5766645,0.23793733,0.4830738,0.37674093,0.93685997,0.38655582,0.5472934,20777012.0,0.63122517,90.0,rand,-0.3387272,0.3387272
139,total,0.5766645,0.23453212,0.4863161,0.37588412,0.94492483,0.38430363,0.5463888,20884200.0,0.6320329,100.0,al,-0.34213242,0.34213242
139,total,0.5766645,0.23895457,0.4833403,0.37706563,0.9346213,0.38728076,0.547636,20746524.0,0.6310441,100.0,rand,-0.33770996,0.33770996
139,total,0.5766645,0.22888929,0.49956214,0.3639959,0.9391909,0.37278137,0.53371954,20833232.0,0.6243868,110.0,rand,-0.34777525,0.34777525
139,total,0.5766645,0.21238983,0.52751946,0.34301662,0.9488739,0.34947565,0.5108148,20988934.0,0.61400706,110.0,al,-0.3642747,0.3642747
139,total,0.5766645,0.23356047,0.49048898,0.37052748,0.9378649,0.37985212,0.5407074,20803020.0,0.62787044,120.0,rand,-0.34310406,0.34310406
139,total,0.5766645,0.24293892,0.4739748,0.38653526,0.9405159,0.39622164,0.5575552,20806138.0,0.6373715,120.0,al,-0.33372563,0.33372563
139,total,0.5766645,0.2267769,0.50455374,0.36054814,0.93887144,0.3692154,0.53000385,20836082.0,0.6223864,130.0,al,-0.34988764,0.34988764
139,total,0.5766645,0.22167487,0.508614,0.3523558,0.9383459,0.36070675,0.52109885,20846024.0,0.6176751,130.0,rand,-0.35498965,0.35498965
139,total,0.5766645,0.2252321,0.506992,0.3583885,0.939333,0.36688054,0.52766675,20846176.0,0.62123835,140.0,rand,-0.35143244,0.35143244
139,total,0.5766645,0.235526,0.48729983,0.3723493,0.93563455,0.3821378,0.5426447,20770074.0,0.6285411,140.0,al,-0.34113854,0.34113854
139,total,0.5766645,0.23141009,0.4950419,0.36500818,0.9337656,0.37470976,0.5348069,20761548.0,0.6240901,150.0,rand,-0.34525445,0.34525445
139,total,0.5766645,0.23755671,0.48430744,0.37790188,0.9400202,0.3872393,0.5485174,20816436.0,0.6323941,150.0,al,-0.3391078,0.3391078
139,total,0.5766645,0.21024276,0.5301312,0.33214766,0.9332175,0.3402347,0.49866453,20827024.0,0.6054963,160.0,rand,-0.3664218,0.3664218
139,total,0.5766645,0.24023591,0.48034233,0.38503504,0.94530505,0.39380828,0.5559928,20872864.0,0.6372911,160.0,al,-0.33642864,0.33642864
139,total,0.5766645,0.2736169,0.42503846,0.43535036,0.9425444,0.4472187,0.60661155,20741524.0,0.6655099,170.0,al,-0.3030476,0.3030476
139,total,0.5766645,0.21831547,0.52139103,0.3479753,0.9400255,0.35587618,0.5162929,20875222.0,0.6154633,170.0,rand,-0.35834906,0.35834906
139,total,0.5766645,0.23478398,0.48863152,0.37655085,0.9454209,0.3849183,0.54709285,20889422.0,0.63249,180.0,al,-0.34188056,0.34188056
139,total,0.5766645,0.21264617,0.5292772,0.336894,0.9353803,0.34492168,0.5039947,20842260.0,0.6084985,180.0,rand,-0.36401835,0.36401835
139,total,0.5766645,0.22389653,0.50865644,0.35536516,0.9374908,0.3639898,0.5243825,20829312.0,0.6192399,190.0,al,-0.352768,0.352768
139,total,0.5766645,0.23159394,0.495367,0.36679488,0.93657887,0.3761373,0.53672224,20794080.0,0.6255526,190.0,rand,-0.3450706,0.3450706
139,total,0.5766645,0.22568324,0.5072333,0.36275288,0.9463646,0.3703673,0.5323821,20925534.0,0.6248086,200.0,rand,-0.3509813,0.3509813
139,total,0.5766645,0.23606156,0.48549923,0.37625796,0.94125235,0.38530645,0.5467836,20835800.0,0.63166004,200.0,al,-0.34060296,0.34060296
139,total,0.5766645,0.21979861,0.5115496,0.35321024,0.94582367,0.36050385,0.5220327,20935544.0,0.6193174,210.0,al,-0.3568659,0.3568659
139,total,0.5766645,0.21815065,0.5206332,0.3420082,0.9285225,0.35125595,0.5096957,20748036.0,0.6102995,210.0,rand,-0.3585139,0.3585139
139,total,0.5766645,0.21561363,0.52610856,0.3437522,0.940003,0.35146347,0.51162994,20883220.0,0.61307585,220.0,rand,-0.3610509,0.3610509
139,total,0.5766645,0.24276352,0.47433633,0.3874452,0.94259065,0.396809,0.55850124,20832298.0,0.6382243,220.0,al,-0.33390102,0.33390102
139,total,0.5766645,0.22402671,0.507684,0.35921276,0.9445631,0.3669489,0.5285596,20909520.0,0.6225226,230.0,al,-0.35263783,0.35263783
139,total,0.5766645,0.21099074,0.533318,0.33270106,0.9319567,0.34098387,0.49928796,20810948.0,0.60561234,230.0,rand,-0.3656738,0.3656738
139,total,0.5766645,0.23669653,0.48379415,0.37920845,0.94480217,0.3877999,0.5498924,20876658.0,0.6339008,240.0,al,-0.33996803,0.33996803
139,total,0.5766645,0.21602641,0.5225014,0.34479123,0.94080555,0.35243696,0.51277995,20890782.0,0.61378586,240.0,rand,-0.3606381,0.3606381
139,total,0.5766645,0.19613789,0.55636644,0.31266734,0.93850476,0.31920707,0.47638437,20927726.0,0.5953494,250.0,rand,-0.38052666,0.38052666
139,total,0.5766645,0.21504363,0.5201185,0.33921435,0.93253285,0.34774867,0.50658673,20803220.0,0.60936147,250.0,al,-0.3616209,0.3616209
139,total,0.5766645,0.22053574,0.5173763,0.3504956,0.9381651,0.358784,0.5190618,20847568.0,0.61659676,260.0,rand,-0.35612878,0.35612878
139,total,0.5766645,0.21486571,0.5227917,0.34267083,0.9401766,0.350309,0.51043123,20887402.0,0.6124923,260.0,al,-0.36179882,0.36179882
139,total,0.5766645,0.2470351,0.46855268,0.39192396,0.9388533,0.40219012,0.5631395,20772840.0,0.64015895,270.0,rand,-0.32962942,0.32962942
139,total,0.5766645,0.2312343,0.49829575,0.36910096,0.9419238,0.37769645,0.53918695,20858132.0,0.62771046,270.0,al,-0.34543023,0.34543023
139,total,0.5766645,0.2357654,0.48492125,0.3754591,0.94063705,0.3845715,0.5459396,20829304.0,0.6311085,280.0,al,-0.34089914,0.34089914
139,total,0.5766645,0.21969876,0.51298445,0.351071,0.9418936,0.3588428,0.5196925,20891884.0,0.6175015,280.0,rand,-0.35696578,0.35696578
139,total,0.5766645,0.22713703,0.50408006,0.36013106,0.9370054,0.36906672,0.52955306,20813394.0,0.6218548,290.0,al,-0.3495275,0.3495275
139,total,0.5766645,0.21013503,0.5322738,0.33545238,0.9405235,0.34272262,0.5023798,20905512.0,0.6084734,290.0,rand,-0.36652952,0.36652952
139,total,0.5766645,0.23022217,0.49484622,0.36851075,0.94377553,0.3767825,0.53855693,20882816.0,0.6276685,300.0,al,-0.34644237,0.34644237
139,total,0.5766645,0.23171385,0.49299073,0.3702729,0.9427117,0.37879634,0.5404363,20866004.0,0.62849945,300.0,rand,-0.34495068,0.34495068
139,total,0.5766645,0.23532157,0.4875509,0.37457022,0.9402742,0.38369942,0.54499936,20826300.0,0.63054657,310.0,al,-0.341343,0.341343
139,total,0.5766645,0.23334195,0.49703553,0.37298515,0.9430239,0.38158423,0.5433196,20864966.0,0.6300867,310.0,rand,-0.34332258,0.34332258
139,total,0.5766645,0.18506742,0.5785054,0.29486296,0.93728226,0.30079788,0.45543465,20950856.0,0.585188,320.0,rand,-0.39159712,0.39159712
139,total,0.5766645,0.19873528,0.55799687,0.3183538,0.94217247,0.32469827,0.48295617,20956688.0,0.5990851,320.0,al,-0.37792924,0.37792924
139,total,0.5766645,0.23773722,0.48283026,0.3759641,0.93601346,0.38588172,0.5464733,20767416.0,0.63064784,330.0,rand,-0.33892733,0.33892733
139,total,0.5766645,0.22139876,0.5097758,0.35003614,0.93461144,0.35882363,0.5185578,20804818.0,0.61577946,330.0,al,-0.3552658,0.3552658
