,images,gt_confluence,pred_confluence,relative_delta_confluence,iou,precision,recall,f1,true_negative,accuracy,step,method,dAbsConf,dAbsAbsConf
2,total,0.26927653,0.13007139,0.5154376,0.18521206,0.47978327,0.23175283,0.31253782,1629533.0,0.7254643,0.0,rand,-0.13920514,0.13920514
2,total,0.26927653,0.116306745,0.5669814,0.16900483,0.47929037,0.20701478,0.28914264,1646990.0,0.7259062,0.0,al,-0.15296978,0.15296978
2,total,0.26927653,0.14286152,0.46806243,0.19907187,0.47895434,0.25410184,0.3320428,1612890.0,0.7247103,1.0,rand,-0.12641501,0.12641501
2,total,0.26927653,0.11912372,0.55779755,0.16723956,0.46715695,0.20666118,0.28655526,1639833.0,0.7228988,1.0,al,-0.1501528,0.1501528
2,total,0.26927653,0.13467547,0.49835053,0.18099043,0.45967683,0.22990024,0.30650574,1616992.0,0.71986246,2.0,rand,-0.13460106,0.13460106
2,total,0.26927653,0.13152078,0.51078093,0.17045988,0.44381124,0.21676585,0.29126948,1616053.0,0.7159436,2.0,al,-0.13775575,0.13775575
2,total,0.26927653,0.13833271,0.48467532,0.17798728,0.44521478,0.22871403,0.30218834,1607219.0,0.7155664,3.0,al,-0.13094382,0.13094382
2,total,0.26927653,0.13670143,0.49076614,0.18392767,0.46137428,0.23422045,0.31070718,1614872.0,0.72016317,3.0,rand,-0.1325751,0.1325751
2,total,0.26927653,0.127289,0.5255509,0.1724715,0.4582911,0.2166359,0.29420117,1626367.0,0.7201054,4.0,rand,-0.14198753,0.14198753
2,total,0.26927653,0.11409117,0.57568055,0.15525162,0.4515707,0.19132665,0.26877502,1642053.0,0.71967286,4.0,al,-0.15518536,0.15518536
2,total,0.26927653,0.124306016,0.5369555,0.16742583,0.45408717,0.20961839,0.28682864,1629054.0,0.7193091,5.0,al,-0.14497052,0.14497052
2,total,0.26927653,0.1253729,0.53278524,0.16908628,0.45527306,0.21196964,0.28926182,1627988.0,0.71950847,5.0,rand,-0.14390363,0.14390363
2,total,0.26927653,0.12487974,0.53530943,0.16926591,0.45691457,0.21189712,0.28952464,1629152.0,0.71996254,6.0,al,-0.14439678,0.14439678
2,total,0.26927653,0.1263629,0.5279588,0.16703634,0.44813508,0.21029384,0.28625688,1624446.0,0.71761596,6.0,rand,-0.14291364,0.14291364
2,total,0.26927653,0.14009377,0.47846675,0.18768851,0.46177953,0.24024364,0.31605634,1610521.0,0.72001463,7.0,rand,-0.12918276,0.12918276
2,total,0.26927653,0.11517719,0.5713708,0.15786694,0.45510623,0.19466011,0.27268538,1641590.0,0.7203821,7.0,al,-0.15409935,0.15409935
2,total,0.26927653,0.116583034,0.56527495,0.15758416,0.45056403,0.19506961,0.27226344,1638406.0,0.7191968,8.0,al,-0.1526935,0.1526935
2,total,0.26927653,0.13101988,0.51286733,0.17920367,0.46430656,0.22591247,0.30393973,1623337.0,0.72137046,8.0,rand,-0.13825665,0.13825665
2,total,0.26927653,0.11636981,0.56605333,0.1551945,0.44521797,0.19240254,0.2686894,1637165.0,0.71797365,9.0,rand,-0.15290672,0.15290672
2,total,0.26927653,0.12222064,0.5449199,0.16748674,0.4595312,0.20857272,0.286918,1633487.0,0.7208313,9.0,al,-0.14705588,0.14705588
2,total,0.26927653,0.12014098,0.55364233,0.1696702,0.4701852,0.20977706,0.29011586,1639395.0,0.72355956,10.0,al,-0.14913556,0.14913556
2,total,0.26927653,0.14772968,0.44991103,0.20008384,0.47062728,0.25819236,0.3334493,1603633.0,0.72204506,10.0,rand,-0.12154685,0.12154685
2,total,0.26927653,0.13281472,0.5060874,0.1853975,0.47350055,0.23354197,0.3128018,1623975.0,0.7236845,11.0,rand,-0.13646181,0.13646181
2,total,0.26927653,0.10987486,0.59181875,0.1582335,0.4714324,0.19236024,0.27323204,1653099.0,0.7244458,11.0,al,-0.15940167,0.15940167
2,total,0.26927653,0.13509214,0.49758446,0.19053632,0.4790542,0.2403328,0.3200844,1622872.0,0.7250643,12.0,rand,-0.13418439,0.13418439
2,total,0.26927653,0.121289656,0.5482832,0.16826293,0.4637898,0.20890214,0.2880562,1635993.0,0.7219397,12.0,al,-0.14798687,0.14798687
2,total,0.26927653,0.13055357,0.5142112,0.17845012,0.46376142,0.22484413,0.3028552,1623776.0,0.7212614,13.0,al,-0.13872296,0.13872296
2,total,0.26927653,0.13865091,0.4848623,0.19514227,0.48039007,0.24735181,0.32655862,1618771.0,0.72528565,13.0,rand,-0.13062562,0.13062562
