,images,gt_confluence,pred_confluence,relative_delta_confluence,iou,precision,recall,f1,true_negative,accuracy,step,method,dAbsConf,dAbsAbsConf
139,total,0.5766645,0.20632382,0.5481709,0.3252921,0.93147117,0.33326784,0.49089834,20822008.0,0.60138017,0.0,rand,-0.37034073,0.37034073
139,total,0.5766645,0.21242371,0.53900784,0.32776937,0.917001,0.33779055,0.49371392,20644328.0,0.6004964,0.0,al,-0.36424083,0.36424083
139,total,0.5766645,0.23556717,0.48993886,0.37083185,0.93273723,0.38102108,0.5410314,20735210.0,0.627212,10.0,al,-0.34109735,0.34109735
139,total,0.5766645,0.21281353,0.54222727,0.3471662,0.9560015,0.35280323,0.5154018,21065016.0,0.61742115,10.0,rand,-0.363851,0.363851
139,total,0.5766645,0.27200264,0.4264851,0.42327982,0.9279031,0.43767416,0.5947945,20543596.0,0.6561162,20.0,al,-0.3046619,0.3046619
139,total,0.5766645,0.22322984,0.51442677,0.35946545,0.9474816,0.3667734,0.5288331,20944918.0,0.623117,20.0,rand,-0.3534347,0.3534347
139,total,0.5766645,0.22174126,0.51210266,0.3527486,0.9389161,0.361034,0.5215283,20852248.0,0.6179862,30.0,rand,-0.35492328,0.35492328
139,total,0.5766645,0.24864694,0.46594888,0.39206877,0.93484056,0.40308413,0.563289,20717054.0,0.63957816,30.0,al,-0.3280176,0.3280176
139,total,0.5766645,0.25229767,0.45910457,0.39709178,0.9338747,0.40857983,0.5684544,20692550.0,0.6422658,40.0,al,-0.32436684,0.32436684
139,total,0.5766645,0.21013907,0.5358015,0.33607453,0.9418158,0.34320015,0.50307715,20919318.0,0.6090201,40.0,rand,-0.36652547,0.36652547
139,total,0.5766645,0.24843311,0.46371743,0.39446005,0.939494,0.40474224,0.5657527,20776590.0,0.6417043,50.0,al,-0.32823142,0.32823142
139,total,0.5766645,0.23261401,0.49772656,0.36952093,0.9387152,0.3786558,0.5396349,20816076.0,0.6274372,50.0,rand,-0.34405053,0.34405053
139,total,0.5766645,0.24541159,0.4688878,0.3929308,0.94494116,0.40213773,0.5641781,20853916.0,0.641722,60.0,al,-0.33125296,0.33125296
139,total,0.5766645,0.2412,0.48210904,0.37919962,0.93227947,0.38994053,0.5498832,20710312.0,0.6318662,60.0,rand,-0.33546454,0.33546454
139,total,0.5766645,0.21649519,0.5224381,0.34644958,0.9426789,0.35390508,0.51461166,20910008.0,0.6150103,70.0,rand,-0.36016935,0.36016935
139,total,0.5766645,0.23957792,0.4829664,0.38183215,0.9414362,0.3911223,0.5526458,20827530.0,0.6348513,70.0,al,-0.33708662,0.33708662
139,total,0.5766645,0.2225079,0.5131471,0.35380644,0.9386542,0.36218116,0.5226835,20846900.0,0.6185426,80.0,al,-0.35415664,0.35415664
139,total,0.5766645,0.21951368,0.5173366,0.34971085,0.93976337,0.3577296,0.51820076,20868636.0,0.61640275,80.0,rand,-0.35715085,0.35715085
139,total,0.5766645,0.2141873,0.5278807,0.34304407,0.94311047,0.35029262,0.5108452,20921444.0,0.61315185,90.0,al,-0.36247724,0.36247724
139,total,0.5766645,0.2315538,0.4964065,0.36754656,0.9380983,0.37668225,0.53752655,20812114.0,0.62622124,90.0,rand,-0.34511074,0.34511074
139,total,0.5766645,0.22788389,0.5022903,0.36423552,0.9426118,0.37249577,0.53397703,20876012.0,0.62506276,100.0,al,-0.34878066,0.34878066
139,total,0.5766645,0.2317413,0.49988917,0.36892977,0.9401342,0.37780544,0.53900427,20835532.0,0.6273292,100.0,rand,-0.34492323,0.34492323
139,total,0.5766645,0.2075686,0.53651106,0.32903132,0.9353779,0.33668473,0.4951442,20858932.0,0.60407615,110.0,rand,-0.36909595,0.36909595
139,total,0.5766645,0.2457696,0.47239995,0.39541247,0.948248,0.40413377,0.56673163,20894268.0,0.6436661,110.0,al,-0.33089492,0.33089492
139,total,0.5766645,0.22666742,0.50333035,0.36078033,0.9396414,0.3693398,0.53025466,20845304.0,0.62263936,120.0,rand,-0.3499971,0.3499971
139,total,0.5766645,0.24093932,0.4769739,0.3853629,0.9439367,0.39438963,0.5563345,20854130.0,0.6372582,120.0,al,-0.33572522,0.33572522
139,total,0.5766645,0.2333539,0.49436188,0.37398005,0.9448202,0.38233066,0.5443744,20886260.0,0.63093567,130.0,al,-0.34331065,0.34331065
139,total,0.5766645,0.22776231,0.50405115,0.36097383,0.9367679,0.36998892,0.53046364,20808636.0,0.6222931,130.0,rand,-0.34890223,0.34890223
139,total,0.5766645,0.2381336,0.48369613,0.379886,0.9419779,0.38898814,0.5506045,20838400.0,0.6338342,140.0,rand,-0.33853093,0.33853093
139,total,0.5766645,0.24234745,0.4766058,0.3839487,0.9375756,0.3940213,0.55485934,20771668.0,0.63542527,140.0,al,-0.3343171,0.3343171
139,total,0.5766645,0.20944197,0.5370229,0.33586025,0.9436627,0.34273243,0.502837,20941064.0,0.60917777,150.0,rand,-0.36722255,0.36722255
139,total,0.5766645,0.22268519,0.50615907,0.35727882,0.94489837,0.364881,0.52646303,20917102.0,0.62147915,150.0,al,-0.35397935,0.35397935
139,total,0.5766645,0.21444522,0.52502394,0.3391829,0.93436354,0.34746176,0.5065516,20825250.0,0.609629,160.0,rand,-0.3622193,0.3622193
139,total,0.5766645,0.22211121,0.51243055,0.3575792,0.9472462,0.3648448,0.52678907,20945248.0,0.62201136,160.0,al,-0.3545533,0.3545533
139,total,0.5766645,0.2300169,0.49545264,0.3689062,0.9451178,0.37698194,0.5389791,20899112.0,0.6281038,170.0,al,-0.34664762,0.34664762
139,total,0.5766645,0.21442035,0.52115554,0.3419549,0.9401334,0.34956682,0.5096365,20888286.0,0.6120817,170.0,rand,-0.3622442,0.3622442
139,total,0.5766645,0.25439382,0.45483392,0.40279233,0.93802404,0.41380483,0.5742718,20739208.0,0.6461958,180.0,al,-0.32227072,0.32227072
139,total,0.5766645,0.22780117,0.5016335,0.36237907,0.9393298,0.37106407,0.5319794,20838208.0,0.62349427,180.0,rand,-0.34886336,0.34886336
139,total,0.5766645,0.2444201,0.4768467,0.38814047,0.93930745,0.3981252,0.5592232,20786624.0,0.6380857,190.0,al,-0.33224443,0.33224443
139,total,0.5766645,0.22283107,0.50946856,0.35567442,0.94132364,0.36373872,0.5247191,20876160.0,0.6200158,190.0,rand,-0.35383347,0.35383347
139,total,0.5766645,0.22725628,0.5043651,0.36379823,0.94364625,0.37187752,0.533507,20889806.0,0.62497735,200.0,rand,-0.34940827,0.34940827
139,total,0.5766645,0.23180069,0.4927883,0.36906874,0.9402211,0.37793714,0.53915256,20836374.0,0.6274217,200.0,al,-0.34486383,0.34486383
139,total,0.5766645,0.21457882,0.5283527,0.34572473,0.9473248,0.3525011,0.5138115,20966324.0,0.61530745,210.0,al,-0.36208573,0.36208573
139,total,0.5766645,0.21922839,0.5179287,0.3533251,0.9478326,0.3603323,0.5221581,20959528.0,0.6196898,210.0,rand,-0.35743615,0.35743615
139,total,0.5766645,0.2256136,0.5056916,0.3593738,0.9400882,0.36779743,0.52873397,20853668.0,0.6219143,220.0,rand,-0.35105094,0.35105094
139,total,0.5766645,0.24760321,0.4651375,0.39352298,0.9400895,0.40364584,0.5647882,20786648.0,0.64126974,220.0,al,-0.32906133,0.32906133
139,total,0.5766645,0.23923707,0.4813526,0.38024133,0.9395392,0.38977888,0.55097765,20805452.0,0.63364273,230.0,al,-0.33742747,0.33742747
139,total,0.5766645,0.24615489,0.47123292,0.390836,0.93932515,0.40095848,0.56201553,20781488.0,0.63961864,230.0,rand,-0.33050966,0.33050966
139,total,0.5766645,0.23771435,0.48356286,0.3791837,0.94188946,0.3882668,0.54986644,20838568.0,0.63342154,240.0,al,-0.3389502,0.3389502
139,total,0.5766645,0.24122587,0.47925866,0.37975344,0.9331957,0.39036563,0.5504652,20721470.0,0.63233066,240.0,rand,-0.33543867,0.33543867
139,total,0.5766645,0.2631003,0.44308636,0.41364944,0.9339598,0.42611286,0.58522165,20657340.0,0.6516845,250.0,rand,-0.3135642,0.3135642
139,total,0.5766645,0.22205108,0.511855,0.35685068,0.9460088,0.36426955,0.52599806,20931428.0,0.62140805,250.0,al,-0.35461345,0.35461345
139,total,0.5766645,0.20773332,0.53742564,0.33200344,0.94117206,0.33903915,0.498502,20919636.0,0.60662687,260.0,rand,-0.3689312,0.3689312
139,total,0.5766645,0.24580689,0.46987957,0.38967258,0.9382431,0.3999304,0.56081164,20769028.0,0.63878095,260.0,al,-0.33085763,0.33085763
139,total,0.5766645,0.22703405,0.5032367,0.35992345,0.936913,0.36886302,0.5293286,20812656.0,0.6217229,270.0,rand,-0.34963048,0.34963048
139,total,0.5766645,0.22960143,0.49754772,0.3673095,0.9433448,0.37559506,0.537273,20879560.0,0.62691975,270.0,al,-0.34706312,0.34706312
139,total,0.5766645,0.23671375,0.48407912,0.38133904,0.9485962,0.38938552,0.55212915,20922308.0,0.6357123,280.0,al,-0.33995077,0.33995077
139,total,0.5766645,0.2309444,0.49642634,0.36605093,0.9370649,0.375277,0.5359253,20801888.0,0.62521,280.0,rand,-0.34572014,0.34572014
139,total,0.5766645,0.2432239,0.47691604,0.3862464,0.9392339,0.39614576,0.5572546,20789408.0,0.63699895,290.0,al,-0.33344063,0.33344063
139,total,0.5766645,0.24170604,0.47929576,0.38138112,0.9347801,0.39180675,0.55217326,20739324.0,0.63351256,290.0,rand,-0.3349585,0.3349585
139,total,0.5766645,0.24055095,0.4820427,0.38301802,0.9408538,0.39246792,0.55388683,20817502.0,0.63543016,300.0,al,-0.33611357,0.33611357
139,total,0.5766645,0.2350752,0.48914388,0.3710875,0.93459284,0.38098174,0.54130346,20759090.0,0.6276586,300.0,rand,-0.34158933,0.34158933
139,total,0.5766645,0.23837829,0.48740384,0.3811966,0.94364476,0.39007685,0.5519798,20857896.0,0.63484514,310.0,al,-0.33828625,0.33828625
139,total,0.5766645,0.22999404,0.49646318,0.36554986,0.93888754,0.37445965,0.5353881,20826264.0,0.6252176,310.0,rand,-0.34667048,0.34667048
139,total,0.5766645,0.21460977,0.5267591,0.34265083,0.9409526,0.3501805,0.51040906,20896656.0,0.6126,320.0,rand,-0.36205477,0.36205477
139,total,0.5766645,0.21028788,0.5316959,0.3386177,0.9466487,0.34520555,0.50592107,20970592.0,0.6111842,320.0,al,-0.36637667,0.36637667
139,total,0.5766645,0.23679425,0.48242536,0.37180147,0.9310769,0.38232407,0.5420627,20711004.0,0.62748766,330.0,rand,-0.33987027,0.33987027
139,total,0.5766645,0.22583708,0.5016071,0.35699213,0.93483156,0.36610314,0.5261517,20792580.0,0.6197368,330.0,al,-0.35082746,0.35082746
