,images,gt_confluence,pred_confluence,relative_delta_confluence,iou,precision,recall,f1,true_negative,accuracy,step,method,dAbsConf,dAbsAbsConf
2,total,0.26927653,0.107651554,0.5998311,0.16542827,0.49701014,0.19869322,0.28389227,1662754.0,0.73007977,0.0,rand,-0.16162498,0.16162498
2,total,0.26927653,0.10584044,0.60729706,0.14379211,0.44555977,0.17512776,0.2514301,1651610.0,0.7191996,0.0,al,-0.1634361,0.1634361
2,total,0.26927653,0.09868793,0.633475,0.1467711,0.4772093,0.17489204,0.25597242,1669032.0,0.7262252,1.0,rand,-0.1705886,0.1705886
2,total,0.26927653,0.11704609,0.5650673,0.16159517,0.45916566,0.19958325,0.27822933,1640255.0,0.7211645,1.0,al,-0.15223044,0.15223044
2,total,0.26927653,0.12101093,0.5507224,0.18065687,0.49350694,0.22177662,0.3060273,1645198.0,0.729152,2.0,rand,-0.1482656,0.1482656
2,total,0.26927653,0.10299701,0.61674136,0.14743792,0.46443033,0.1776407,0.2569859,1660261.0,0.7233964,2.0,al,-0.16627952,0.16627952
2,total,0.26927653,0.095954366,0.64314485,0.134097,0.45006466,0.160375,0.23648201,1666143.0,0.72114056,3.0,al,-0.17332216,0.17332216
2,total,0.26927653,0.112803325,0.5802403,0.15683192,0.4591971,0.19236174,0.27113995,1645903.0,0.72151816,3.0,rand,-0.1564732,0.1564732
2,total,0.26927653,0.12746926,0.52554864,0.18496193,0.48583314,0.22998032,0.31218162,1634755.0,0.7271118,4.0,rand,-0.14180727,0.14180727
2,total,0.26927653,0.11688048,0.5653241,0.16218069,0.46105215,0.20011967,0.27909678,1641017.0,0.72161907,4.0,al,-0.15239605,0.15239605
2,total,0.26927653,0.11014016,0.59018856,0.1518081,0.45403394,0.18570842,0.26359922,1648045.0,0.72059816,5.0,al,-0.15913637,0.15913637
2,total,0.26927653,0.13215758,0.50782216,0.18110542,0.46576536,0.22859012,0.3066706,1622313.0,0.7216748,5.0,rand,-0.13711895,0.13711895
2,total,0.26927653,0.1250425,0.5341812,0.1726831,0.4643673,0.21563403,0.29450896,1631225.0,0.7218123,6.0,al,-0.14423403,0.14423403
2,total,0.26927653,0.12810688,0.52300715,0.18582724,0.48610216,0.2312587,0.31341326,1634034.0,0.72716266,6.0,rand,-0.14116965,0.14116965
2,total,0.26927653,0.122809835,0.5436739,0.1759934,0.477796,0.21790823,0.29930976,1638217.0,0.7252698,7.0,rand,-0.14646669,0.14646669
2,total,0.26927653,0.12079853,0.5511304,0.16594665,0.45959875,0.20617613,0.2846552,1635396.0,0.7209627,7.0,al,-0.148478,0.148478
2,total,0.26927653,0.12036518,0.5517114,0.16121377,0.4494248,0.20088883,0.27766383,1632962.0,0.7185486,8.0,al,-0.14891136,0.14891136
2,total,0.26927653,0.13218199,0.5078609,0.19284454,0.49101427,0.24102639,0.32333514,1630483.0,0.72834796,8.0,rand,-0.13709454,0.13709454
2,total,0.26927653,0.117801294,0.56140447,0.16372071,0.46228057,0.20223369,0.28137416,1640153.0,0.72183675,9.0,rand,-0.15147524,0.15147524
2,total,0.26927653,0.11389708,0.5766122,0.1583397,0.45987475,0.19451353,0.27339035,1644639.0,0.72158325,9.0,al,-0.15537946,0.15537946
2,total,0.26927653,0.12565,0.53206325,0.17872328,0.4765686,0.222375,0.3032485,1634193.0,0.7248352,10.0,al,-0.14362653,0.14362653
2,total,0.26927653,0.12897235,0.51946276,0.18174332,0.47489274,0.22745228,0.30758467,1629388.0,0.7242472,10.0,rand,-0.14030418,0.14030418
2,total,0.26927653,0.13008767,0.51576996,0.1800262,0.4683595,0.22626305,0.30512196,1625860.0,0.72249144,11.0,rand,-0.13918886,0.13918886
2,total,0.26927653,0.13336119,0.50308824,0.17987517,0.4602802,0.22795546,0.30490497,1618935.0,0.7201294,11.0,al,-0.13591534,0.13591534
2,total,0.26927653,0.14049539,0.47645938,0.18940552,0.4644563,0.24232896,0.31848726,1610914.0,0.7207361,12.0,rand,-0.12878114,0.12878114
2,total,0.26927653,0.120118596,0.55310065,0.17053573,0.47229514,0.21067917,0.29138023,1640047.0,0.7240678,12.0,al,-0.14915794,0.14915794
2,total,0.26927653,0.12629047,0.5303659,0.18026216,0.47838542,0.22436059,0.3054608,1633933.0,0.7252641,13.0,al,-0.14298606,0.14298606
2,total,0.26927653,0.13904397,0.48174867,0.18467492,0.45778316,0.23637979,0.3117727,1610544.0,0.7189836,13.0,rand,-0.13023256,0.13023256
