,images,gt_confluence,pred_confluence,relative_delta_confluence,iou,precision,recall,f1,true_negative,accuracy,step,method,dAbsConf,dAbsAbsConf
3,total,0.15109126,0.06436512,0.5341512,0.34016436,0.84965825,0.36195013,0.5076453,659999.0,0.89391965,0.0,rand,-0.086726144,0.086726144
3,total,0.15109126,0.046798434,0.6397225,0.234079,0.80208135,0.24842833,0.37935784,660325.0,0.877182,0.0,al,-0.104292825,0.104292825
3,total,0.15109126,0.06718672,0.52970517,0.34934798,0.8411341,0.37402692,0.5178022,659215.0,0.89474744,1.0,rand,-0.083904535,0.083904535
3,total,0.15109126,0.047001883,0.64876586,0.24136227,0.81946814,0.25491697,0.38886642,660936.0,0.87893933,1.0,al,-0.10408937,0.10408937
3,total,0.15109126,0.06246158,0.56167907,0.32203978,0.83284134,0.34429362,0.48718578,659398.0,0.8904877,2.0,rand,-0.08862968,0.08862968
3,total,0.15109126,0.0711273,0.49816582,0.35833263,0.8241919,0.38798887,0.5276061,657775.0,0.8950259,2.0,al,-0.07996395,0.07996395
3,total,0.15109126,0.07573418,0.474279,0.37152568,0.81131315,0.4066637,0.54176944,656371.0,0.8960622,3.0,al,-0.07535707,0.07535707
3,total,0.15109126,0.07302448,0.48437423,0.362632,0.81676185,0.3947468,0.53225183,657086.0,0.89517087,3.0,rand,-0.07806678,0.07806678
3,total,0.15109126,0.07152149,0.49926856,0.3555583,0.81641364,0.38645718,0.5245927,657283.0,0.89416885,4.0,al,-0.07956977,0.07956977
3,total,0.15109126,0.06559472,0.52827644,0.3442297,0.84594357,0.36725214,0.51215863,659662.0,0.8942922,4.0,rand,-0.08549654,0.08549654
3,total,0.15109126,0.077463515,0.45666975,0.3664125,0.79119813,0.40563697,0.5363127,654889.0,0.89402264,5.0,al,-0.07362774,0.07362774
3,total,0.15109126,0.07444863,0.47083625,0.3722458,0.82180434,0.40493003,0.5425347,657176.0,0.8968239,5.0,rand,-0.076642625,0.076642625
3,total,0.15109126,0.08151218,0.42244872,0.37812936,0.7829743,0.4224014,0.54875696,653697.0,0.89503986,6.0,al,-0.06957908,0.06957908
3,total,0.15109126,0.066627234,0.51987535,0.34966618,0.8465943,0.37331998,0.51815164,659571.0,0.89509326,6.0,rand,-0.08446403,0.08446403
3,total,0.15109126,0.07488478,0.4640408,0.384184,0.8375643,0.41511324,0.555105,658043.0,0.8994649,7.0,rand,-0.076206475,0.076206475
3,total,0.15109126,0.0767934,0.45847878,0.36954844,0.8007352,0.4069751,0.5396642,655575.0,0.8950971,7.0,al,-0.07429786,0.07429786
3,total,0.15109126,0.07622501,0.4580343,0.38192052,0.8241888,0.4157949,0.5527383,657070.0,0.8983307,8.0,rand,-0.07486625,0.07486625
3,total,0.15109126,0.070593245,0.49460834,0.35423657,0.82143885,0.38378933,0.5231527,657696.0,0.8942909,8.0,al,-0.08049801,0.08049801
3,total,0.15109126,0.08210854,0.4090115,0.3951905,0.8044818,0.43717968,0.5665035,654984.0,0.8989093,9.0,rand,-0.06898271,0.06898271
3,total,0.15109126,0.07580921,0.4711726,0.3806521,0.8252038,0.414036,0.5514087,657188.0,0.898215,9.0,al,-0.07528205,0.07528205
