,images,gt_confluence,pred_confluence,relative_delta_confluence,iou,precision,recall,f1,true_negative,accuracy,step,method,dAbsConf,dAbsAbsConf
2,total,0.26927653,0.124527365,0.5360839,0.17801213,0.47787842,0.22099388,0.3022242,1636038.0,0.725214,0.0,rand,-0.14474916,0.14474916
2,total,0.26927653,0.12131488,0.5484822,0.17747752,0.48529053,0.21863204,0.30145335,1642370.0,0.72715455,0.0,al,-0.14796165,0.14796165
2,total,0.26927653,0.12673888,0.52807915,0.17642686,0.4686022,0.22055264,0.29993638,1630311.0,0.7227649,1.0,rand,-0.14253765,0.14253765
2,total,0.26927653,0.11409076,0.5761473,0.16427714,0.4741197,0.20087975,0.2821955,1648376.0,0.7248181,1.0,al,-0.15518577,0.15518577
2,total,0.26927653,0.1503078,0.4396318,0.19790986,0.4611932,0.25743228,0.33042485,1596794.0,0.7190576,2.0,rand,-0.118968725,0.118968725
2,total,0.26927653,0.10595925,0.60558844,0.14609966,0.45143488,0.17763618,0.25495064,1652978.0,0.72043175,2.0,al,-0.16331728,0.16331728
2,total,0.26927653,0.104795106,0.61004645,0.14810883,0.46048412,0.17920619,0.25800446,1656878.0,0.72244143,3.0,al,-0.16448142,0.16448142
2,total,0.26927653,0.1373065,0.4891635,0.19256544,0.47814143,0.2438068,0.32294273,1619729.0,0.7247209,3.0,rand,-0.13197003,0.13197003
2,total,0.26927653,0.12738055,0.5261725,0.18305077,0.48181748,0.22792071,0.30945504,1633610.0,0.7260913,4.0,rand,-0.14189598,0.14189598
2,total,0.26927653,0.12100076,0.55005455,0.16813667,0.46425486,0.20861351,0.28787115,1636512.0,0.72207314,4.0,al,-0.14827578,0.14827578
2,total,0.26927653,0.124496035,0.53668326,0.17145628,0.46293458,0.21402927,0.29272288,1631506.0,0.72149456,5.0,al,-0.14478049,0.14478049
2,total,0.26927653,0.1377545,0.48734516,0.19417736,0.48045596,0.24578632,0.32520646,1619938.0,0.72533894,5.0,rand,-0.13152203,0.13152203
2,total,0.26927653,0.12091164,0.5500416,0.17085882,0.47091368,0.21144983,0.2918517,1638608.0,0.7236898,6.0,al,-0.14836489,0.14836489
2,total,0.26927653,0.1354197,0.49568564,0.1803817,0.45668784,0.22966753,0.30563238,1615009.0,0.71899295,6.0,rand,-0.13385683,0.13385683
2,total,0.26927653,0.12684874,0.5273144,0.1749566,0.4650046,0.2190491,0.29780903,1629046.0,0.72184527,7.0,rand,-0.14242779,0.14242779
2,total,0.26927653,0.12124897,0.54869884,0.16688004,0.46062976,0.20740917,0.28602734,1635105.0,0.7211763,7.0,al,-0.14802757,0.14802757
2,total,0.26927653,0.12843768,0.5218103,0.17142566,0.45315003,0.21613874,0.29267824,1623215.0,0.71868896,8.0,al,-0.14083885,0.14083885
2,total,0.26927653,0.12014911,0.5527328,0.1658304,0.46103644,0.2057092,0.28448418,1636683.0,0.7213607,8.0,rand,-0.14912742,0.14912742
2,total,0.26927653,0.12222838,0.54495144,0.16764864,0.45989162,0.20874952,0.28715554,1633585.0,0.7209188,9.0,rand,-0.14704816,0.14704816
2,total,0.26927653,0.11445575,0.57398564,0.15886824,0.45961732,0.19535823,0.27417785,1643825.0,0.7214795,9.0,al,-0.15482077,0.15482077
2,total,0.26927653,0.13375303,0.5030948,0.18891963,0.4788065,0.23782742,0.31780007,1624505.0,0.72505414,10.0,al,-0.1355235,0.1355235
2,total,0.26927653,0.13998269,0.4798904,0.19911705,0.48548192,0.25237468,0.33210567,1618822.0,0.72665894,10.0,rand,-0.12929384,0.12929384
2,total,0.26927653,0.1255906,0.53229576,0.17713353,0.47311994,0.22066143,0.300957,1633205.0,0.7239718,11.0,rand,-0.14368594,0.14368594
2,total,0.26927653,0.11727883,0.56357425,0.16743124,0.47271547,0.20588146,0.28683656,1643851.0,0.72432375,11.0,al,-0.1519977,0.1519977
2,total,0.26927653,0.12169859,0.54829544,0.17075293,0.468564,0.21176414,0.2916972,1636882.0,0.7230721,12.0,rand,-0.14757794,0.14757794
2,total,0.26927653,0.12733214,0.52624786,0.17327794,0.4600117,0.2175229,0.29537365,1626848.0,0.72054,12.0,al,-0.1419444,0.1419444
2,total,0.26927653,0.12966979,0.51729846,0.18176098,0.47320458,0.22786933,0.30760995,1627950.0,0.72377443,13.0,al,-0.13960674,0.13960674
2,total,0.26927653,0.13848488,0.48532632,0.19779879,0.48623428,0.2500612,0.33027002,1620972.0,0.7269108,13.0,rand,-0.13079165,0.13079165
