,images,gt_confluence,pred_confluence,relative_delta_confluence,iou,precision,recall,f1,true_negative,accuracy,step,method,dAbsConf,dAbsAbsConf
2,total,0.35496256,0.23306212,0.3451907,0.46584824,0.80182654,0.5264628,0.6356018,1471736.0,0.78572553,0.0,rand,-0.12190045,0.12190045
2,total,0.35496256,0.9356138,1.640595,0.36435112,0.3683674,0.97094536,0.5341013,132892.0,0.39872316,0.0,al,0.5806512,0.5806512
2,total,0.35496256,0.6921771,0.94843274,0.4012373,0.4331888,0.8447171,0.5726896,621046.0,0.5525472,1.0,al,0.33721453,0.33721453
2,total,0.35496256,0.24003273,0.3242542,0.4812836,0.80539143,0.5446194,0.6498192,1470444.0,0.7916447,1.0,rand,-0.114929825,0.114929825
2,total,0.35496256,0.276157,0.22074535,0.4948083,0.7564983,0.58854526,0.6620353,1419984.0,0.7867045,2.0,rand,-0.07880556,0.07880556
2,total,0.35496256,0.3095111,0.12689589,0.398746,0.6120118,0.5336445,0.57014734,1290120.0,0.714375,2.0,al,-0.045451473,0.045451473
2,total,0.35496256,0.2507558,0.29372618,0.49328348,0.7979489,0.5636919,0.6606691,1460729.0,0.79446167,3.0,rand,-0.10420676,0.10420676
2,total,0.35496256,0.16586892,0.53348136,0.32578564,0.7716007,0.36055577,0.49146006,1492140.0,0.7351371,3.0,al,-0.18909365,0.18909365
2,total,0.35496256,0.20355651,0.42388898,0.4001479,0.7841534,0.44967765,0.57157904,1477265.0,0.7607194,4.0,al,-0.15140606,0.15140606
2,total,0.35496256,0.28507423,0.19538051,0.5205625,0.7686284,0.61729157,0.6846968,1423146.0,0.798195,4.0,rand,-0.06988832,0.06988832
2,total,0.35496256,0.3046311,0.14072767,0.5485092,0.7669607,0.6582084,0.70843464,1410777.0,0.807686,5.0,rand,-0.05033144,0.05033144
2,total,0.35496256,0.19683042,0.4449082,0.3968439,0.7964476,0.4416362,0.56820035,1486780.0,0.76173663,5.0,al,-0.15813214,0.15813214
2,total,0.35496256,0.19157164,0.4586316,0.38468677,0.79258037,0.4277497,0.55562955,1487590.0,0.75713706,6.0,al,-0.16339093,0.16339093
2,total,0.35496256,0.27310687,0.22832479,0.52064615,0.78739095,0.60581344,0.68476915,1442544.0,0.80201375,6.0,rand,-0.08185569,0.08185569
2,total,0.35496256,0.23351133,0.34208712,0.46482995,0.79970026,0.5260788,0.63465333,1470297.0,0.78500366,7.0,al,-0.12145123,0.12145123
2,total,0.35496256,0.24494648,0.30797407,0.47566506,0.78945744,0.544773,0.6446784,1458502.0,0.78684,7.0,rand,-0.11001609,0.11001609
2,total,0.35496256,0.3024188,0.1481104,0.54315174,0.7651065,0.65184855,0.70395064,1410666.0,0.8053833,8.0,rand,-0.05254376,0.05254376
2,total,0.35496256,0.24196023,0.317868,0.4784992,0.7984273,0.5442457,0.64727646,1465381.0,0.7894519,8.0,al,-0.11300234,0.11300234
2,total,0.35496256,0.21357237,0.39907804,0.42619357,0.7955029,0.47863257,0.5976653,1477909.0,0.77125937,9.0,al,-0.14139019,0.14139019
2,total,0.35496256,0.25765073,0.27300492,0.4810549,0.7722884,0.5605659,0.6496107,1441057.0,0.7853475,9.0,rand,-0.097311825,0.097311825
2,total,0.35496256,0.25992614,0.26669908,0.49387285,0.7820762,0.57268363,0.6611975,1446036.0,0.7916748,10.0,rand,-0.09503643,0.09503643
2,total,0.35496256,0.26880065,0.24178717,0.51466537,0.7884944,0.5970968,0.67957586,1445523.0,0.80013186,10.0,al,-0.08616193,0.08616193
2,total,0.35496256,0.27359474,0.22919346,0.50938714,0.7753278,0.5975978,0.6749584,1434178.0,0.79569334,11.0,rand,-0.08136781,0.08136781
2,total,0.35496256,0.22197203,0.37529242,0.43973583,0.79385024,0.49642348,0.6108558,1472786.0,0.7754899,11.0,al,-0.13299054,0.13299054
2,total,0.35496256,0.2919643,0.17516942,0.53354853,0.77090824,0.6340863,0.69583476,1420864.0,0.80322796,12.0,rand,-0.062998265,0.062998265
2,total,0.35496256,0.2609145,0.26384318,0.51161945,0.79891646,0.5872396,0.67691517,1456305.0,0.8010201,12.0,al,-0.094048075,0.094048075
2,total,0.35496256,0.23737893,0.33054268,0.47159836,0.799676,0.5347759,0.64093304,1468379.0,0.78731036,13.0,rand,-0.11758363,0.11758363
2,total,0.35496256,0.2379901,0.32904455,0.47797248,0.80574715,0.54022324,0.6467943,1471629.0,0.7905664,13.0,al,-0.11697247,0.11697247
