,images,gt_confluence,pred_confluence,relative_delta_confluence,iou,precision,recall,f1,true_negative,accuracy,step,method,dAbsConf,dAbsAbsConf
2,total,0.35496256,0.19624123,0.44733742,0.41888303,0.8292195,0.4584321,0.5904401,1502880.0,0.7742497,0.0,rand,-0.15872133,0.15872133
2,total,0.35496256,0.2266168,0.362287,0.45648837,0.80434203,0.5135094,0.62683374,1476276.0,0.78297484,0.0,al,-0.12834576,0.12834576
2,total,0.35496256,0.37027973,0.13936287,0.5342548,0.6820319,0.7114607,0.69643503,1295894.0,0.77984256,1.0,al,0.0153171625,0.0153171625
2,total,0.35496256,0.22108458,0.3775669,0.4525405,0.81176436,0.50559634,0.6231016,1482969.0,0.7828894,1.0,rand,-0.133878,0.133878
2,total,0.35496256,0.2187506,0.38371435,0.45447952,0.8195086,0.5050312,0.6249372,1488212.0,0.78482217,2.0,rand,-0.13621198,0.13621198
2,total,0.35496256,0.27917296,0.21302336,0.49599996,0.7531122,0.5923098,0.6631011,1415856.0,0.7863611,2.0,al,-0.07578961,0.07578961
2,total,0.35496256,0.23761208,0.33044487,0.49428323,0.8249328,0.55220807,0.6615652,1483013.0,0.7994527,3.0,rand,-0.11735048,0.11735048
2,total,0.35496256,0.25131163,0.29011786,0.45218956,0.75119853,0.5318425,0.6227689,1431579.0,0.7712952,3.0,al,-0.103650935,0.103650935
2,total,0.35496256,0.24964496,0.29617974,0.444148,0.7448482,0.5238492,0.6150999,1428702.0,0.7672872,4.0,al,-0.1053176,0.1053176
2,total,0.35496256,0.20632099,0.4194642,0.44483745,0.8375729,0.4868345,0.6157608,1502885.0,0.78433347,4.0,rand,-0.14864157,0.14864157
2,total,0.35496256,0.31469622,0.1120242,0.58376557,0.7843508,0.69537324,0.7371864,1418462.0,0.8240051,5.0,rand,-0.040266335,0.040266335
2,total,0.35496256,0.24673317,0.30263516,0.4621992,0.7708557,0.5358168,0.63219684,1446298.0,0.77869505,5.0,al,-0.108229384,0.108229384
2,total,0.35496256,0.24861346,0.29935777,0.47438908,0.7811437,0.5471058,0.64350545,1451525.0,0.7848291,6.0,al,-0.106349096,0.106349096
2,total,0.35496256,0.294022,0.17043468,0.5651432,0.79700273,0.6601697,0.7221612,1438561.0,0.8196875,6.0,rand,-0.060940567,0.060940567
2,total,0.35496256,0.21834084,0.38385037,0.4428876,0.80595684,0.49574944,0.6138902,1481122.0,0.7786426,7.0,al,-0.13662173,0.13662173
2,total,0.35496256,0.29430318,0.17090797,0.56901157,0.8000614,0.663337,0.72531164,1440633.0,0.82165486,7.0,rand,-0.0606594,0.0606594
2,total,0.35496256,0.29130024,0.17837101,0.55348295,0.7904363,0.64866984,0.71256983,1435218.0,0.8142452,8.0,rand,-0.06366233,0.06366233
2,total,0.35496256,0.26004738,0.26737177,0.4883586,0.77600026,0.56849957,0.6562373,1442088.0,0.78858316,8.0,al,-0.09491518,0.09491518
2,total,0.35496256,0.28646624,0.1917323,0.51631916,0.76243615,0.6153084,0.68101597,1417995.0,0.7953951,9.0,al,-0.06849632,0.06849632
2,total,0.35496256,0.2831211,0.20216514,0.5655813,0.8141898,0.6494023,0.72251874,1455958.0,0.82294434,9.0,rand,-0.07184145,0.07184145
2,total,0.35496256,0.30118793,0.15187494,0.57136285,0.7921405,0.67213386,0.727219,1431387.0,0.82101524,10.0,rand,-0.053774636,0.053774636
2,total,0.35496256,0.2549705,0.28189915,0.48610675,0.782483,0.56205726,0.65420115,1448945.0,0.7890865,10.0,al,-0.09999208,0.09999208
2,total,0.35496256,0.27497822,0.22521782,0.532651,0.79616266,0.61675966,0.69507104,1447494.0,0.8079134,11.0,rand,-0.07998435,0.07998435
2,total,0.35496256,0.245272,0.30997145,0.46057355,0.771702,0.5332284,0.6306744,1447631.0,0.7783187,11.0,al,-0.10969057,0.10969057
2,total,0.35496256,0.30124164,0.15100388,0.55044395,0.7733602,0.65631574,0.7100464,1417456.0,0.80973184,12.0,rand,-0.053720925,0.053720925
2,total,0.35496256,0.2934983,0.1715208,0.55721617,0.79059446,0.6536953,0.7156563,1434200.0,0.8156148,12.0,al,-0.06146425,0.06146425
2,total,0.35496256,0.25581723,0.27909666,0.5131644,0.80970395,0.5835416,0.67826605,1465606.0,0.803492,13.0,rand,-0.09914532,0.09914532
2,total,0.35496256,0.22308531,0.37104595,0.4603755,0.8168488,0.51336724,0.63048875,1484831.0,0.78640544,13.0,al,-0.13187726,0.13187726
