,images,gt_confluence,pred_confluence,relative_delta_confluence,iou,precision,recall,f1,true_negative,accuracy,step,method,dAbsConf,dAbsAbsConf
2,total,0.35496256,0.8843548,1.4932215,0.3665613,0.37590113,0.93652016,0.53647214,228835.0,0.4255428,0.0,rand,0.5293923,0.5293923
2,total,0.35496256,0.89754575,1.533612,0.3561792,0.36650142,0.92672145,0.52526826,187869.0,0.4053955,0.0,al,0.54258317,0.54258317
2,total,0.35496256,0.7375006,1.0774082,0.39631018,0.42043412,0.8735287,0.56765306,534793.0,0.52767783,1.0,al,0.38253802,0.38253802
2,total,0.35496256,0.48504862,0.36817703,0.4946272,0.57311964,0.7831539,0.6618732,1076380.0,0.71597046,1.0,rand,0.13008605,0.13008605
2,total,0.35496256,0.51956236,0.46977466,0.48856992,0.55244917,0.808624,0.6564281,1013778.0,0.6995386,2.0,rand,0.16459979,0.16459979
2,total,0.35496256,0.36976865,0.04265539,0.41871357,0.57845527,0.602582,0.59027165,1202169.0,0.7030579,2.0,al,0.014806095,0.014806095
2,total,0.35496256,0.30693623,0.1333485,0.528306,0.74545157,0.6445901,0.69136107,1393232.0,0.7957129,3.0,rand,-0.048026342,0.048026342
2,total,0.35496256,0.17665994,0.5031159,0.33811253,0.7603885,0.37843266,0.50535697,1481215.0,0.73703736,3.0,al,-0.17830263,0.17830263
2,total,0.35496256,0.2108795,0.40585533,0.40497264,0.77342814,0.4594833,0.57648426,1467822.0,0.7603577,4.0,al,-0.14408307,0.14408307
2,total,0.35496256,0.34549376,0.07586341,0.5803791,0.7445468,0.7246835,0.7344804,1368343.0,0.8140157,4.0,rand,-0.009468808,0.009468808
2,total,0.35496256,0.3088405,0.12947163,0.5415668,0.7550843,0.6569703,0.7026182,1399352.0,0.80259764,5.0,rand,-0.046122048,0.046122048
2,total,0.35496256,0.24569273,0.30628476,0.4802238,0.7931409,0.5489823,0.64885247,1460340.0,0.78908205,5.0,al,-0.109269835,0.109269835
2,total,0.35496256,0.23321266,0.3408496,0.442321,0.7734484,0.5081584,0.6133457,1455398.0,0.77258015,6.0,al,-0.12174989,0.12174989
2,total,0.35496256,0.24466938,0.3098141,0.48961422,0.8055387,0.5552412,0.65737003,1468315.0,0.79454875,6.0,rand,-0.11029319,0.11029319
2,total,0.35496256,0.24347797,0.3132477,0.47444502,0.7908966,0.5424941,0.64355695,1460123.0,0.78669065,7.0,al,-0.111484595,0.111484595
2,total,0.35496256,0.30231017,0.1473297,0.5521688,0.7734398,0.65871155,0.71147984,1416920.0,0.8103642,7.0,rand,-0.0526524,0.0526524
2,total,0.35496256,0.30831522,0.13165903,0.5490741,0.7625354,0.6623248,0.7089057,1405314.0,0.8069242,8.0,rand,-0.046647355,0.046647355
2,total,0.35496256,0.25512877,0.28124052,0.49955145,0.79662746,0.5725724,0.66626734,1457729.0,0.7963932,8.0,al,-0.0998338,0.0998338
2,total,0.35496256,0.256323,0.27728173,0.4936537,0.78818834,0.5691587,0.6610011,1451816.0,0.79277545,9.0,al,-0.09863954,0.09863954
2,total,0.35496256,0.3010622,0.15126905,0.55480635,0.77755284,0.65948075,0.71366566,1420658.0,0.8121582,9.0,rand,-0.05390037,0.05390037
2,total,0.35496256,0.30908874,0.1293219,0.56827754,0.7784967,0.67788494,0.72471505,1416987.0,0.81719726,10.0,rand,-0.045873836,0.045873836
2,total,0.35496256,0.24874775,0.29839325,0.4761021,0.78280604,0.54856616,0.64507973,1452469.0,0.7857316,10.0,al,-0.10621482,0.10621482
2,total,0.35496256,0.28095844,0.2088599,0.5259308,0.7801098,0.6174669,0.68932414,1433414.0,0.8024353,11.0,rand,-0.07400413,0.07400413
2,total,0.35496256,0.2204368,0.3800863,0.44718748,0.8065873,0.50089985,0.6180086,1480464.0,0.78020304,11.0,al,-0.13452578,0.13452578
2,total,0.35496256,0.27092507,0.2354645,0.53191805,0.8021531,0.61224085,0.6944466,1453513.0,0.80875856,12.0,rand,-0.08403749,0.08403749
2,total,0.35496256,0.25993305,0.26642755,0.5154173,0.80457693,0.58917576,0.680231,1460406.0,0.8033761,12.0,al,-0.09502952,0.09502952
2,total,0.35496256,0.24144265,0.32018766,0.4742041,0.79457736,0.54046285,0.6433353,1463353.0,0.78728396,13.0,rand,-0.113519914,0.113519914
2,total,0.35496256,0.25345477,0.2862626,0.4913724,0.79090947,0.56473273,0.65895283,1455004.0,0.7925016,13.0,al,-0.10150779,0.10150779
