,images,gt_confluence,pred_confluence,relative_delta_confluence,iou,precision,recall,f1,true_negative,accuracy,step,method,dAbsConf,dAbsAbsConf
2,total,0.26927653,0.09555846,0.64547586,0.13871472,0.46509144,0.16504577,0.24363345,1670207.0,0.7240519,0.0,rand,-0.17371808,0.17371808
2,total,0.26927653,0.119247824,0.5561098,0.17525531,0.4858579,0.21515805,0.29824167,1645151.0,0.72735065,0.0,al,-0.1500287,0.1500287
2,total,0.26927653,0.12570617,0.5320924,0.16991271,0.45634815,0.21303496,0.29047033,1627874.0,0.7197489,1.0,rand,-0.14357036,0.14357036
2,total,0.26927653,0.110673204,0.58876735,0.1594674,0.47217157,0.19406173,0.27506968,1652263.0,0.7245638,1.0,al,-0.15860333,0.15860333
2,total,0.26927653,0.12832539,0.5226221,0.18053907,0.47383708,0.2258082,0.30585828,1629890.0,0.7240088,2.0,rand,-0.14095114,0.14095114
2,total,0.26927653,0.10901671,0.59421694,0.15381064,0.46258357,0.18727541,0.26661292,1651843.0,0.72256553,2.0,al,-0.16025983,0.16025983
2,total,0.26927653,0.102028586,0.62014836,0.1458743,0.4632911,0.17553878,0.25460747,1661250.0,0.7232328,3.0,al,-0.16724794,0.16724794
2,total,0.26927653,0.13200457,0.5092555,0.19084166,0.48717064,0.23881869,0.32051516,1629458.0,0.7273364,3.0,rand,-0.13727196,0.13727196
2,total,0.26927653,0.12102761,0.54941165,0.17229179,0.4739691,0.2130259,0.29393968,1639366.0,0.72442263,4.0,rand,-0.14824893,0.14824893
2,total,0.26927653,0.11573301,0.56935185,0.16102065,0.4613797,0.19829579,0.27737734,1642630.0,0.72178423,4.0,al,-0.15354352,0.15354352
2,total,0.26927653,0.12348489,0.53978425,0.16718784,0.45559752,0.2089263,0.28647932,1630614.0,0.7197575,5.0,al,-0.14579165,0.14579165
2,total,0.26927653,0.11759418,0.56210756,0.16698968,0.47076613,0.20558378,0.28618836,1642879.0,0.72384804,5.0,rand,-0.15168235,0.15168235
2,total,0.26927653,0.12564838,0.53190273,0.18663743,0.49435702,0.2306724,0.3145648,1639688.0,0.72930545,6.0,al,-0.14362815,0.14362815
2,total,0.26927653,0.12074807,0.5507196,0.17660879,0.48483562,0.21740654,0.30019924,1642952.0,0.72706133,6.0,rand,-0.14852846,0.14852846
2,total,0.26927653,0.12388609,0.5388289,0.17327048,0.46868226,0.21562497,0.2953628,1634061.0,0.72296387,7.0,rand,-0.14539044,0.14539044
2,total,0.26927653,0.12416075,0.53864807,0.1710698,0.46289676,0.2134354,0.29215944,1631937.0,0.72151,7.0,al,-0.14511578,0.14511578
2,total,0.26927653,0.12076272,0.5502319,0.16510417,0.45768976,0.20525889,0.28341487,1634877.0,0.7205046,8.0,al,-0.14851381,0.14851381
2,total,0.26927653,0.12754942,0.5245412,0.17683892,0.46750334,0.22144267,0.30053163,1628908.0,0.7224337,8.0,rand,-0.1417271,0.1417271
2,total,0.26927653,0.13643491,0.49124026,0.18345939,0.46097824,0.23356313,0.31003872,1615092.0,0.72007567,9.0,rand,-0.13284162,0.13284162
2,total,0.26927653,0.1261444,0.5307156,0.17656374,0.47041386,0.22036678,0.30013415,1631649.0,0.72325927,9.0,al,-0.14313214,0.14313214
2,total,0.26927653,0.12735899,0.5257124,0.18053794,0.4762696,0.22525817,0.30585665,1631901.0,0.72467893,10.0,al,-0.14191754,0.14191754
2,total,0.26927653,0.13881977,0.4827331,0.1903284,0.47005665,0.24232593,0.31979096,1615030.0,0.7224101,10.0,rand,-0.13045676,0.13045676
2,total,0.26927653,0.14283302,0.46849385,0.2009866,0.48285303,0.25611916,0.33470201,1614295.0,0.7258252,11.0,rand,-0.1264435,0.1264435
2,total,0.26927653,0.12751402,0.5252802,0.1754375,0.4644389,0.21993007,0.29850543,1627994.0,0.7216545,11.0,al,-0.14176251,0.14176251
2,total,0.26927653,0.12629291,0.5302088,0.17205605,0.45979863,0.21564764,0.29359654,1628161.0,0.72056925,12.0,rand,-0.14298362,0.14298362
2,total,0.26927653,0.12974669,0.5169667,0.17934622,0.46768674,0.22534582,0.3041447,1626091.0,0.72233844,12.0,al,-0.13952984,0.13952984
2,total,0.26927653,0.12856586,0.52142745,0.18189423,0.47624233,0.22737974,0.30780077,1630339.0,0.7246147,13.0,al,-0.14071067,0.14071067
2,total,0.26927653,0.12942605,0.518674,0.18016133,0.47027272,0.22603185,0.305316,1627333.0,0.72302854,13.0,rand,-0.13985048,0.13985048
