,images,gt_confluence,pred_confluence,relative_delta_confluence,iou,precision,recall,f1,true_negative,accuracy,step,method,dAbsConf,dAbsAbsConf
2,total,0.35496256,0.24665587,0.31040564,0.17253596,0.35890883,0.24939704,0.2942949,1196628.0,0.5754358,0.0,rand,-0.1083067,0.1083067
2,total,0.35496256,0.2748997,0.22572291,0.18381137,0.35576406,0.2755194,0.31054115,1150004.0,0.5657369,0.0,al,-0.08006288,0.08006288
2,total,0.35496256,1e-06,0.9999972,0.0,0.0,0.0,0.0,1585244.0,0.6450374,1.0,rand,-0.35496157,0.35496157
2,total,0.35496256,0.4378131,0.23311847,0.24696982,0.35863274,0.4423389,0.39611146,895154.0,0.5212529,1.0,al,0.08285053,0.08285053
2,total,0.35496256,0.86755633,1.4531558,0.34329772,0.36012784,0.88017964,0.5111264,220970.0,0.40234375,2.0,al,0.51259375,0.51259375
2,total,0.35496256,0.6318024,0.78987694,0.29489192,0.35568213,0.63308215,0.4554691,584802.0,0.462677,2.0,rand,0.2768398,0.2768398
2,total,0.35496256,1e-06,0.9999972,0.0,0.0,0.0,0.0,1585244.0,0.6450374,3.0,rand,-0.35496157,0.35496157
2,total,0.35496256,0.5142792,0.44428533,0.2724263,0.36187485,0.5242928,0.42819926,778724.0,0.50296795,3.0,al,0.1593166,0.1593166
2,total,0.35496256,0.46881407,0.4780767,0.26468703,0.3677552,0.4857088,0.4185806,856800.0,0.5210413,4.0,al,0.1138515,0.1138515
2,total,0.35496256,0.43812397,0.35427174,0.25356275,0.36615366,0.45193592,0.40454686,902762.0,0.52775514,4.0,rand,0.0831614,0.0831614
2,total,0.35496256,0.27230772,0.23444387,0.18468843,0.35911307,0.27549073,0.31179193,1156349.0,0.56830853,5.0,al,-0.08265484,0.08265484
2,total,0.35496256,0.5898993,0.6645309,0.29521576,0.3650801,0.60671216,0.45585525,664779.0,0.48585936,5.0,rand,0.23493671,0.23493671
2,total,0.35496256,0.35011047,0.096907735,0.21959262,0.362604,0.3576464,0.36010766,1036810.0,0.54883015,6.0,al,-0.0048521087,0.0048521087
2,total,0.35496256,0.64570206,0.82320154,0.3061084,0.36320567,0.66069585,0.46873307,574731.0,0.46838093,6.0,rand,0.29073954,0.29073954
2,total,0.35496256,0.40022236,0.16836618,0.23656294,0.36097986,0.40700585,0.38261315,956714.0,0.5337598,7.0,al,0.04525979,0.04525979
2,total,0.35496256,0.48484027,0.37034357,0.265526,0.36342517,0.49639827,0.41962898,826739.0,0.51260376,7.0,rand,0.12987772,0.12987772
2,total,0.35496256,0.46845722,0.39070147,0.26031134,0.36305046,0.4791301,0.41309002,851938.0,0.5167277,8.0,al,0.11349465,0.11349465
2,total,0.35496256,0.5234739,0.48190102,0.2758931,0.3628626,0.5351233,0.43247005,765575.0,0.501462,8.0,rand,0.16851133,0.16851133
2,total,0.35496256,0.29243386,0.63067186,0.18584077,0.34694296,0.28582597,0.31343243,1115903.0,0.55551964,9.0,rand,-0.06252871,0.06252871
2,total,0.35496256,0.1754197,0.5076614,0.13762142,0.36576363,0.18075648,0.24194545,1311819.0,0.5979423,9.0,al,-0.17954287,0.17954287
2,total,0.35496256,0.35355896,0.09874705,0.22215296,0.3642658,0.36282435,0.36354315,1032852.0,0.5490576,10.0,rand,-0.0014036224,0.0014036224
2,total,0.35496256,0.37500304,0.12591507,0.2286369,0.36223546,0.3826855,0.37217927,997477.0,0.5417135,10.0,al,0.02004047,0.02004047
2,total,0.35496256,0.50714946,0.63946664,0.2667506,0.3579665,0.5114403,0.42115676,785034.0,0.5009733,11.0,al,0.15218687,0.15218687
2,total,0.35496256,0.4548944,0.28181216,0.25932294,0.36660805,0.46981737,0.41184455,877146.0,0.5236792,11.0,rand,0.09993183,0.09993183
2,total,0.35496256,1e-06,0.9999972,0.0,0.0,0.0,0.0,1585244.0,0.6450374,12.0,rand,-0.35496157,0.35496157
2,total,0.35496256,0.3765216,0.0740378,0.22655585,0.35884222,0.3806359,0.36941743,991957.0,0.5387398,12.0,al,0.021559024,0.021559024
2,total,0.35496256,0.5793585,0.6446229,0.28762683,0.3602371,0.5879664,0.4467545,674331.0,0.48309204,13.0,rand,0.22439593,0.22439593
2,total,0.35496256,0.5538149,0.5764295,0.27935973,0.35831448,0.5590435,0.43671757,711876.0,0.4881026,13.0,al,0.19885232,0.19885232
