,images,gt_confluence,pred_confluence,relative_delta_confluence,iou,precision,recall,f1,true_negative,accuracy,step,method,dAbsConf,dAbsAbsConf
139,total,0.5766645,0.67092824,0.20524846,0.5920482,0.6915092,0.8045446,0.7437562,11009534.0,0.68031293,0.0,al,0.0942637,0.0942637
139,total,0.5766645,0.69367146,0.38852105,0.5732881,0.66731316,0.80271184,0.72877645,9798461.0,0.6554559,0.0,rand,0.11700695,0.11700695
139,total,0.5766645,0.5645289,0.65502715,0.4030651,0.58072543,0.5685033,0.5745489,9497365.0,0.514479,10.0,al,-0.012135632,0.012135632
139,total,0.5766645,0.5855374,0.085273355,0.5514651,0.70551026,0.7163644,0.7108954,12767128.0,0.66400295,10.0,rand,0.008872867,0.008872867
139,total,0.5766645,0.67020535,0.37171897,0.5470761,0.6578844,0.7645988,0.70723826,9874162.0,0.6349651,20.0,al,0.09354082,0.09354082
139,total,0.5766645,0.6359708,0.14245957,0.57858944,0.6988672,0.77074003,0.73304564,11796398.0,0.6762826,20.0,rand,0.059306256,0.059306256
139,total,0.5766645,1e-06,0.9999975,0.0,0.0,0.0,0.0,21541476.0,0.42333546,30.0,rand,-0.57666355,0.57666355
139,total,0.5766645,0.9876011,1.448214,0.5729596,0.5769465,0.988083,0.7285111,281281.0,0.5753202,30.0,al,0.4109366,0.4109366
139,total,0.5766645,1e-06,0.9999975,0.0,0.0,0.0,0.0,21541476.0,0.42333546,40.0,al,-0.57666355,0.57666355
139,total,0.5766645,1e-06,0.9999975,0.0,0.0,0.0,0.0,21541476.0,0.42333546,40.0,rand,-0.57666355,0.57666355
139,total,0.5766645,1e-06,0.9999975,0.0,0.0,0.0,0.0,21541476.0,0.42333546,50.0,rand,-0.57666355,0.57666355
139,total,0.5766645,1e-06,0.9999975,0.0,0.0,0.0,0.0,21541476.0,0.42333546,50.0,al,-0.57666355,0.57666355
139,total,0.5766645,0.3859513,0.42884013,0.3272757,0.6149981,0.4116062,0.49315357,13980374.0,0.51210254,60.0,al,-0.19071323,0.19071323
139,total,0.5766645,1e-06,0.9999975,0.0,0.0,0.0,0.0,21541476.0,0.42333546,60.0,rand,-0.57666355,0.57666355
139,total,0.5766645,1e-06,0.9999975,0.0,0.0,0.0,0.0,21541476.0,0.42333546,70.0,rand,-0.57666355,0.57666355
139,total,0.5766645,1.000001,1.4803905,0.5766645,0.5766645,1.0,0.7314989,0.0,0.5766645,70.0,al,0.42333648,0.42333648
139,total,0.5766645,1e-06,0.9999975,0.0,0.0,0.0,0.0,21541476.0,0.42333546,80.0,rand,-0.57666355,0.57666355
139,total,0.5766645,1e-06,0.9999975,0.0,0.0,0.0,0.0,21541476.0,0.42333546,80.0,al,-0.57666355,0.57666355
139,total,0.5766645,0.7196009,0.36305636,0.5957227,0.67249525,0.8391838,0.7466489,9549258.0,0.6715906,90.0,al,0.1429364,0.1429364
139,total,0.5766645,1e-06,0.9999975,0.0,0.0,0.0,0.0,21541476.0,0.42333546,90.0,rand,-0.57666355,0.57666355
139,total,0.5766645,1e-06,0.9999975,0.0,0.0,0.0,0.0,21541476.0,0.42333546,100.0,rand,-0.57666355,0.57666355
139,total,0.5766645,1e-06,0.9999975,0.0,0.0,0.0,0.0,21541476.0,0.42333546,100.0,al,-0.57666355,0.57666355
139,total,0.5766645,1e-06,0.9999975,0.0,0.0,0.0,0.0,21541476.0,0.42333546,110.0,al,-0.57666355,0.57666355
139,total,0.5766645,1e-06,0.9999975,0.0,0.0,0.0,0.0,21541476.0,0.42333546,110.0,rand,-0.57666355,0.57666355
139,total,0.5766645,0.6987745,0.49226496,0.54202956,0.6415835,0.7774391,0.7030075,8797198.0,0.6212051,120.0,rand,0.122109994,0.122109994
139,total,0.5766645,1e-06,0.9999975,0.0,0.0,0.0,0.0,21541476.0,0.42333546,120.0,al,-0.57666355,0.57666355
139,total,0.5766645,0.66130567,0.22167712,0.5806603,0.6876886,0.7886243,0.73470545,11032021.0,0.6715742,130.0,rand,0.08464111,0.08464111
139,total,0.5766645,0.80461276,1.058634,0.50662416,0.5772649,0.8054494,0.67252845,4233532.0,0.547672,130.0,al,0.22794823,0.22794823
139,total,0.5766645,1e-06,0.9999975,0.0,0.0,0.0,0.0,21541476.0,0.42333546,140.0,rand,-0.57666355,0.57666355
139,total,0.5766645,1e-06,0.9999975,0.0,0.0,0.0,0.0,21541476.0,0.42333546,140.0,al,-0.57666355,0.57666355
139,total,0.5766645,0.68810874,0.29661733,0.5875157,0.68023247,0.8116906,0.74016947,10344993.0,0.67137414,150.0,al,0.11144419,0.11144419
139,total,0.5766645,1e-06,0.9999975,0.0,0.0,0.0,0.0,21541476.0,0.42333546,150.0,rand,-0.57666355,0.57666355
139,total,0.5766645,0.8765687,0.9088131,0.59415895,0.6179034,0.93925345,0.74541944,4498343.0,0.63003606,160.0,al,0.29990414,0.29990414
139,total,0.5766645,0.89954436,1.0336152,0.5876239,0.6074034,0.9474932,0.7402553,3571006.0,0.6165635,160.0,rand,0.32287985,0.32287985
139,total,0.5766645,1e-06,0.9999975,0.0,0.0,0.0,0.0,21541476.0,0.42333546,170.0,rand,-0.57666355,0.57666355
139,total,0.5766645,0.6579096,0.17742048,0.58578426,0.6931781,0.79083735,0.7387939,11269768.0,0.6775226,170.0,al,0.081245065,0.081245065
139,total,0.5766645,1e-06,0.9999975,0.0,0.0,0.0,0.0,21541476.0,0.42333546,180.0,rand,-0.57666355,0.57666355
139,total,0.5766645,0.6416517,0.15996727,0.584868,0.7006898,0.7796527,0.73806477,11768857.0,0.68088096,180.0,al,0.06498713,0.06498713
139,total,0.5766645,0.7223496,0.43141901,0.58448064,0.66336095,0.8309473,0.73775625,9167704.0,0.6593425,190.0,rand,0.14568502,0.14568502
139,total,0.5766645,0.78567976,0.51453847,0.6101339,0.6570595,0.8952132,0.7578668,7830935.0,0.6701321,190.0,al,0.20901522,0.20901522
139,total,0.5766645,1e-06,0.9999975,0.0,0.0,0.0,0.0,21541476.0,0.42333546,200.0,rand,-0.57666355,0.57666355
139,total,0.5766645,1e-06,0.9999975,0.0,0.0,0.0,0.0,21541476.0,0.42333546,200.0,al,-0.57666355,0.57666355
139,total,0.5766645,1e-06,0.9999975,0.0,0.0,0.0,0.0,21541476.0,0.42333546,210.0,rand,-0.57666355,0.57666355
139,total,0.5766645,1e-06,0.9999975,0.0,0.0,0.0,0.0,21541476.0,0.42333546,210.0,al,-0.57666355,0.57666355
139,total,0.5766645,1e-06,0.9999975,0.0,0.0,0.0,0.0,21541476.0,0.42333546,220.0,al,-0.57666355,0.57666355
139,total,0.5766645,0.109407544,0.7235323,0.09228995,0.529837,0.10052228,0.16898407,18924000.0,0.4298642,220.0,rand,-0.467257,0.467257
139,total,0.5766645,0.68604004,0.31531018,0.5782891,0.67438984,0.8022997,0.73280454,10174692.0,0.66261196,230.0,al,0.10937553,0.10937553
139,total,0.5766645,0.667911,0.23739098,0.58665097,0.6889717,0.79798746,0.7394829,10970656.0,0.6757676,230.0,rand,0.091246456,0.091246456
139,total,0.5766645,0.61327314,0.18855347,0.54791254,0.68680817,0.73040783,0.7079368,11767878.0,0.6524639,240.0,al,0.0366086,0.0366086
139,total,0.5766645,0.7334762,0.47182614,0.58285165,0.65773356,0.8365891,0.7364572,8767074.0,0.65472275,240.0,rand,0.15681167,0.15681167
139,total,0.5766645,0.8858364,0.9755632,0.5867252,0.6104862,0.9377901,0.7395418,3983813.0,0.6190806,250.0,rand,0.3091719,0.3091719
139,total,0.5766645,0.99980414,1.479902,0.57662004,0.5766778,0.9998262,0.7314631,4916.0,0.57666093,250.0,al,0.42313963,0.42313963
139,total,0.5766645,1e-06,0.9999975,0.0,0.0,0.0,0.0,21541476.0,0.42333546,260.0,al,-0.57666355,0.57666355
0,total,0.5766645,0.3884439,0.72705066,0.0,0.0,0.0,0.0,0.0,0.0,260.0,rand,-0.18822066,0.3481976
139,total,0.5766645,1e-06,0.9999975,0.0,0.0,0.0,0.0,21541476.0,0.42333546,270.0,al,-0.57666355,0.57666355
139,total,0.5766645,1e-06,0.9999975,0.0,0.0,0.0,0.0,21541476.0,0.42333546,270.0,rand,-0.57666355,0.57666355
139,total,0.5766645,0.5886771,0.082706146,0.55690074,0.708098,0.7228472,0.7153961,12797593.0,0.6683401,280.0,al,0.012012586,0.012012586
139,total,0.5766645,1e-06,0.9999975,0.0,0.0,0.0,0.0,21541476.0,0.42333546,280.0,rand,-0.57666355,0.57666355
139,total,0.5766645,0.6722616,0.26949176,0.5816037,0.6831691,0.79642093,0.7354602,10703307.0,0.66961026,290.0,al,0.09559706,0.09559706
139,total,0.5766645,0.8761684,0.9326839,0.58980995,0.61517,0.9346715,0.7419875,4384262.0,0.62515193,290.0,rand,0.29950383,0.29950383
139,total,0.5766645,0.731021,0.37639534,0.6033447,0.6731507,0.8533326,0.7526071,9383324.0,0.67648876,300.0,al,0.15435646,0.15435646
139,total,0.5766645,0.64293504,0.14427695,0.58755934,0.7020568,0.78273624,0.7402041,11794033.0,0.68315387,300.0,rand,0.06627051,0.06627051
139,total,0.5766645,1e-06,0.9999975,0.0,0.0,0.0,0.0,21541476.0,0.42333546,310.0,rand,-0.57666355,0.57666355
139,total,0.5766645,0.61295927,0.107454285,0.56755567,0.7026902,0.7469156,0.72412777,12268247.0,0.67181665,310.0,al,0.036294714,0.036294714
139,total,0.5766645,0.7139931,0.40549678,0.5839634,0.666435,0.8251406,0.7373441,9422536.0,0.66100204,320.0,al,0.13732854,0.13732854
139,total,0.5766645,0.6735478,0.2865626,0.5781943,0.6800314,0.7942799,0.7327284,10575030.0,0.6658547,320.0,rand,0.09688329,0.09688329
139,total,0.5766645,0.7066035,0.3344017,0.59479684,0.6773375,0.8299598,0.74592125,9939969.0,0.6739498,330.0,rand,0.12993896,0.12993896
139,total,0.5766645,0.76129276,0.5172026,0.5957687,0.65614307,0.8662164,0.746685,8221001.0,0.6610763,330.0,al,0.18462822,0.18462822
