,images,gt_confluence,pred_confluence,relative_delta_confluence,iou,precision,recall,f1,true_negative,accuracy,step,method,dAbsConf,dAbsAbsConf
139,total,0.5766645,0.5492976,0.096227475,0.52199864,0.70302635,0.6696614,0.6859379,13240758.0,0.6463788,0.0,al,-0.027366942,0.027366942
139,total,0.5766645,0.70781994,0.4515617,0.5643081,0.6546367,0.8035248,0.721479,9102370.0,0.642245,0.0,rand,0.13115539,0.13115539
139,total,0.5766645,0.65957576,0.2009136,0.5841468,0.6911385,0.79050726,0.73749024,11175299.0,0.6754757,10.0,al,0.08291123,0.08291123
139,total,0.5766645,0.73527354,0.5441706,0.5558462,0.6374596,0.81278884,0.7145254,7977233.0,0.625476,10.0,rand,0.15860897,0.15860897
139,total,0.5766645,0.49574786,0.19569103,0.4793459,0.70093983,0.6025838,0.64805067,13997342.0,0.62256604,20.0,rand,-0.080916665,0.080916665
139,total,0.5766645,0.6768547,0.36563066,0.5602775,0.6650238,0.7805644,0.71817625,10004298.0,0.6467294,20.0,al,0.10019019,0.10019019
139,total,0.5766645,1e-06,0.9999975,0.0,0.0,0.0,0.0,21541476.0,0.42333546,30.0,al,-0.57666355,0.57666355
139,total,0.5766645,1e-06,0.9999975,0.0,0.0,0.0,0.0,21541476.0,0.42333546,30.0,rand,-0.57666355,0.57666355
139,total,0.5766645,0.7387342,0.43290824,0.5960371,0.6649665,0.851852,0.7468958,8947391.0,0.66706795,40.0,al,0.16206963,0.16206963
139,total,0.5766645,0.2704656,1.0952697,0.2268641,0.5791732,0.27164125,0.36982715,15749795.0,0.4661626,40.0,rand,-0.3061989,0.3061989
139,total,0.5766645,0.6723367,0.24082525,0.5867472,0.6869413,0.8009079,0.7395593,10831148.0,0.6747101,50.0,al,0.09567219,0.09567219
139,total,0.5766645,0.66415644,0.2526833,0.5782656,0.68452024,0.7883749,0.73278564,10879640.0,0.66843575,50.0,rand,0.0874919,0.0874919
139,total,0.5766645,1e-06,0.9999975,0.0,0.0,0.0,0.0,21541476.0,0.42333546,60.0,rand,-0.57666355,0.57666355
139,total,0.5766645,0.6224005,0.16297857,0.560746,0.69216096,0.7470559,0.718561,11791945.0,0.6625372,60.0,al,0.045735963,0.045735963
139,total,0.5766645,1e-06,0.9999975,0.0,0.0,0.0,0.0,21541476.0,0.42333546,70.0,rand,-0.57666355,0.57666355
139,total,0.5766645,1.000001,1.4803905,0.5766645,0.5766645,1.0,0.7314989,0.0,0.5766645,70.0,al,0.42333648,0.42333648
139,total,0.5766645,1e-06,0.9999975,0.0,0.0,0.0,0.0,21541476.0,0.42333546,80.0,al,-0.57666355,0.57666355
139,total,0.5766645,0.27064362,0.4545326,0.2514924,0.6291314,0.29526657,0.40190756,16433991.0,0.49323237,80.0,rand,-0.30602092,0.30602092
139,total,0.5766645,1e-06,0.9999975,0.0,0.0,0.0,0.0,21541476.0,0.42333546,90.0,al,-0.57666355,0.57666355
139,total,0.5766645,1e-06,0.9999975,0.0,0.0,0.0,0.0,21541476.0,0.42333546,90.0,rand,-0.57666355,0.57666355
139,total,0.5766645,1e-06,0.9999975,0.0,0.0,0.0,0.0,21541476.0,0.42333546,100.0,rand,-0.57666355,0.57666355
139,total,0.5766645,0.5682512,0.6723843,0.40246463,0.57818836,0.5697518,0.5739386,9344590.0,0.5121966,100.0,al,-0.008413326,0.008413326
139,total,0.5766645,0.64884317,0.20885894,0.585416,0.6974257,0.78471833,0.73850095,11551560.0,0.67953175,110.0,rand,0.072178625,0.072178625
139,total,0.5766645,1.000001,1.4803905,0.5766645,0.5766645,1.0,0.7314989,0.0,0.5766645,110.0,al,0.42333648,0.42333648
139,total,0.5766645,0.72340804,0.3837501,0.59562564,0.6708523,0.84156257,0.7465727,9425333.0,0.670527,120.0,al,0.14674352,0.14674352
139,total,0.5766645,1e-06,0.9999975,0.0,0.0,0.0,0.0,21541476.0,0.42333546,120.0,rand,-0.57666355,0.57666355
139,total,0.5766645,0.7211785,0.3733525,0.5985978,0.6738692,0.8427417,0.7489031,9573388.0,0.67411655,130.0,al,0.14451393,0.14451393
139,total,0.5766645,1e-06,0.9999975,0.0,0.0,0.0,0.0,21541476.0,0.42333546,130.0,rand,-0.57666355,0.57666355
139,total,0.5766645,1e-06,0.9999975,0.0,0.0,0.0,0.0,21541476.0,0.42333546,140.0,al,-0.57666355,0.57666355
139,total,0.5766645,0.5322791,0.09329535,0.5187379,0.7115995,0.656827,0.6831166,13730139.0,0.64859504,140.0,rand,-0.04438545,0.04438545
139,total,0.5766645,1e-06,0.9999975,0.0,0.0,0.0,0.0,21541476.0,0.42333546,150.0,rand,-0.57666355,0.57666355
139,total,0.5766645,0.6961694,0.33221942,0.5844817,0.6744361,0.8142014,0.7377571,10008501.0,0.6662092,150.0,al,0.11950483,0.11950483
139,total,0.5766645,1e-06,0.9999975,0.0,0.0,0.0,0.0,21541476.0,0.42333546,160.0,rand,-0.57666355,0.57666355
139,total,0.5766645,1e-06,0.9999975,0.0,0.0,0.0,0.0,21541476.0,0.42333546,160.0,al,-0.57666355,0.57666355
139,total,0.5766645,1e-06,0.9999975,0.0,0.0,0.0,0.0,21541476.0,0.42333546,170.0,al,-0.57666355,0.57666355
139,total,0.5766645,1e-06,0.9999975,0.0,0.0,0.0,0.0,21541476.0,0.42333546,170.0,rand,-0.57666355,0.57666355
139,total,0.5766645,0.7123849,0.3526593,0.5963225,0.6759517,0.83503854,0.7471198,9794811.0,0.67402583,180.0,al,0.13572034,0.13572034
139,total,0.5766645,0.6362594,0.17433286,0.5730203,0.694441,0.76620615,0.7285601,11648672.0,0.6707649,180.0,rand,0.059594866,0.059594866
139,total,0.5766645,0.6503831,0.1816636,0.59611607,0.7046263,0.7947018,0.74695784,11766151.0,0.68950605,190.0,al,0.073718585,0.073718585
139,total,0.5766645,0.7164743,0.40333748,0.5884203,0.668601,0.8306992,0.74088687,9459387.0,0.66493165,190.0,rand,0.13980977,0.13980977
139,total,0.5766645,0.71286136,0.3934151,0.58528024,0.6678564,0.8255898,0.7383929,9493303.0,0.6626518,200.0,rand,0.13619682,0.13619682
139,total,0.5766645,1e-06,0.9999975,0.0,0.0,0.0,0.0,21541476.0,0.42333546,200.0,al,-0.57666355,0.57666355
139,total,0.5766645,0.65945584,0.2150556,0.5833963,0.6906363,0.78978926,0.73689187,11160332.0,0.67476755,210.0,rand,0.08279131,0.08279131
139,total,0.5766645,0.6339004,0.19397132,0.56282175,0.6877472,0.75600713,0.720263,11469435.0,0.6613611,210.0,al,0.057235844,0.057235844
139,total,0.5766645,0.6401066,0.16638346,0.57618916,0.69488615,0.7713332,0.73111624,11603352.0,0.6728309,220.0,al,0.0634421,0.0634421
139,total,0.5766645,0.7959319,0.62224114,0.5967637,0.6445089,0.88957185,0.74746597,7143718.0,0.65337366,220.0,rand,0.21926732,0.21926732
139,total,0.5766645,1e-06,0.9999975,0.0,0.0,0.0,0.0,21541476.0,0.42333546,230.0,al,-0.57666355,0.57666355
139,total,0.5766645,1e-06,0.9999975,0.0,0.0,0.0,0.0,21541476.0,0.42333546,230.0,rand,-0.57666355,0.57666355
139,total,0.5766645,0.6418396,0.1830232,0.5747517,0.69289744,0.7712081,0.729958,11511496.0,0.6709536,240.0,al,0.0651751,0.0651751
139,total,0.5766645,0.25919586,0.55905074,0.29034856,0.7256371,0.32615393,0.45003077,17922860.0,0.5403034,240.0,rand,-0.31746867,0.31746867
139,total,0.5766645,0.7072922,0.35941344,0.590245,0.67378306,0.8264091,0.7423317,9800732.0,0.6691659,250.0,rand,0.13062769,0.13062769
139,total,0.5766645,0.65209454,0.21270102,0.576696,0.68921614,0.77936715,0.7315241,11229090.0,0.67010874,250.0,al,0.075430006,0.075430006
139,total,0.5766645,0.6229248,0.16806135,0.5603981,0.6916057,0.7470854,0.7182753,11766130.0,0.6620469,260.0,al,0.04626028,0.04626028
139,total,0.5766645,0.6468262,0.21343347,0.56903666,0.6859944,0.7694568,0.725332,11206364.0,0.66394717,260.0,rand,0.070161685,0.070161685
139,total,0.5766645,0.62500256,0.15068369,0.5658875,0.6948199,0.753061,0.72276855,11835748.0,0.666861,270.0,rand,0.04833806,0.04833806
139,total,0.5766645,0.66725135,0.2456972,0.57385254,0.6797327,0.786509,0.72923243,10667403.0,0.6631888,270.0,al,0.0905868,0.0905868
139,total,0.5766645,0.63415927,0.14967161,0.57692796,0.69854224,0.7681872,0.7317108,11813670.0,0.67514986,280.0,al,0.057494722,0.057494722
139,total,0.5766645,0.8269026,0.72583145,0.5969634,0.63450027,0.9098345,0.74762267,6162347.0,0.6457724,280.0,rand,0.2502381,0.2502381
139,total,0.5766645,0.67569524,0.26711285,0.58486736,0.6839794,0.8014381,0.7380642,10675809.0,0.6719631,290.0,rand,0.09903067,0.09903067
139,total,0.5766645,0.7031206,0.37544626,0.57579625,0.66508365,0.81092787,0.73079985,9558731.0,0.6554826,290.0,al,0.12645604,0.12645604
139,total,0.5766645,0.117175,0.79879636,0.14244723,0.7383207,0.15002134,0.24937183,19981236.0,0.47918546,300.0,rand,-0.45948952,0.45948952
139,total,0.5766645,0.62758344,0.20877735,0.5520008,0.68248415,0.74274564,0.71134037,11401731.0,0.65238315,300.0,al,0.05091891,0.05091891
139,total,0.5766645,0.64556056,0.20612681,0.57076776,0.6879581,0.7701495,0.72673684,11291095.0,0.66601175,310.0,al,0.06889601,0.06889601
139,total,0.5766645,0.6835606,0.2785273,0.58809674,0.6827209,0.80927545,0.7406303,10505554.0,0.6731368,310.0,rand,0.10689606,0.10689606
139,total,0.5766645,0.67376566,0.25442243,0.5852797,0.6851859,0.8005591,0.7383925,10748203.0,0.6728789,320.0,rand,0.097101115,0.097101115
139,total,0.5766645,0.7164537,0.4020233,0.58537334,0.6664257,0.8279727,0.738467,9380432.0,0.6618078,320.0,al,0.13978915,0.13978915
139,total,0.5766645,1e-06,0.9999975,0.0,0.0,0.0,0.0,21541476.0,0.42333546,330.0,al,-0.57666355,0.57666355
139,total,0.5766645,0.64330804,0.17908436,0.5762467,0.6932912,0.7734117,0.7311626,11501437.0,0.6720266,330.0,rand,0.06664351,0.06664351
