,images,gt_confluence,pred_confluence,relative_delta_confluence,iou,precision,recall,f1,true_negative,accuracy,step,method,dAbsConf,dAbsAbsConf
139,total,0.5766645,0.5571342,0.14622335,0.512824,0.6898529,0.66648793,0.6779687,12748871.0,0.63488215,0.0,al,-0.019530348,0.019530348
139,total,0.5766645,0.64079624,0.21535201,0.55621094,0.67905724,0.7545751,0.7148267,11076514.0,0.65281355,0.0,rand,0.06413173,0.06413173
139,total,0.5766645,0.66789144,0.19057707,0.59463865,0.69486386,0.8047884,0.74579686,11171214.0,0.6836308,10.0,rand,0.09122692,0.09122692
139,total,0.5766645,0.601592,0.49704644,0.4782172,0.6336145,0.66100264,0.6470184,10325672.0,0.58409804,10.0,al,0.024927462,0.024927462
139,total,0.5766645,0.62694246,0.11664304,0.57415694,0.70022875,0.76127875,0.7294782,11978177.0,0.6743989,20.0,rand,0.05027792,0.05027792
139,total,0.5766645,0.70024335,0.34326538,0.58637124,0.6740292,0.818472,0.73926055,9926511.0,0.6670607,20.0,al,0.12357882,0.12357882
139,total,0.5766645,0.7846614,0.48312402,0.6131236,0.65941745,0.8972613,0.7601689,7942853.0,0.6735126,30.0,al,0.20799688,0.20799688
139,total,0.5766645,0.6948754,0.29785594,0.59195775,0.6804285,0.81990886,0.7436847,10241822.0,0.6740858,30.0,rand,0.11821088,0.11821088
139,total,0.5766645,1e-06,0.9999975,0.0,0.0,0.0,0.0,21541476.0,0.42333546,40.0,al,-0.57666355,0.57666355
139,total,0.5766645,0.6439856,0.18019012,0.5734055,0.6907749,0.7714163,0.72887135,11408406.0,0.66904765,40.0,rand,0.06732109,0.06732109
139,total,0.5766645,0.7528413,0.52323455,0.6024533,0.66393423,0.86677164,0.7519132,8667345.0,0.6701681,50.0,rand,0.17617677,0.17617677
139,total,0.5766645,0.6105128,0.096837625,0.5744148,0.70945954,0.7511012,0.72968626,12515555.0,0.6790905,50.0,al,0.033848282,0.033848282
139,total,0.5766645,1e-06,0.9999975,0.0,0.0,0.0,0.0,21541476.0,0.42333546,60.0,rand,-0.57666355,0.57666355
139,total,0.5766645,1e-06,0.9999975,0.0,0.0,0.0,0.0,21541476.0,0.42333546,60.0,al,-0.57666355,0.57666355
139,total,0.5766645,0.6581382,0.19606419,0.58641374,0.69353515,0.7915196,0.73929435,11278155.0,0.6780808,70.0,al,0.081473656,0.081473656
139,total,0.5766645,1e-06,0.9999975,0.0,0.0,0.0,0.0,21541476.0,0.42333546,70.0,rand,-0.57666355,0.57666355
139,total,0.5766645,0.6081554,0.07383321,0.569464,0.706892,0.7454932,0.72567916,12470953.0,0.67498004,80.0,al,0.031490874,0.031490874
139,total,0.5766645,1e-06,0.9999975,0.0,0.0,0.0,0.0,21541476.0,0.42333546,80.0,rand,-0.57666355,0.57666355
139,total,0.5766645,1e-06,0.9999975,0.0,0.0,0.0,0.0,21541476.0,0.42333546,90.0,rand,-0.57666355,0.57666355
139,total,0.5766645,1e-06,0.9999975,0.0,0.0,0.0,0.0,21541476.0,0.42333546,90.0,al,-0.57666355,0.57666355
139,total,0.5766645,1.000001,1.4803905,0.5766645,0.5766645,1.0,0.7314989,0.0,0.5766645,100.0,al,0.42333648,0.42333648
139,total,0.5766645,1e-06,0.9999975,0.0,0.0,0.0,0.0,21541476.0,0.42333546,100.0,rand,-0.57666355,0.57666355
139,total,0.5766645,1e-06,0.9999975,0.0,0.0,0.0,0.0,21541476.0,0.42333546,110.0,al,-0.57666355,0.57666355
139,total,0.5766645,1e-06,0.9999975,0.0,0.0,0.0,0.0,21541476.0,0.42333546,110.0,rand,-0.57666355,0.57666355
139,total,0.5766645,1e-06,0.9999975,0.0,0.0,0.0,0.0,21541476.0,0.42333546,120.0,rand,-0.57666355,0.57666355
139,total,0.5766645,0.9438081,1.3551913,0.5548392,0.5748794,0.94088537,0.71369284,1124746.0,0.56467885,120.0,al,0.3671435,0.3671435
139,total,0.5766645,1e-06,0.9999975,0.0,0.0,0.0,0.0,21541476.0,0.42333546,130.0,rand,-0.57666355,0.57666355
139,total,0.5766645,0.88266057,0.98305655,0.5825551,0.60860664,0.93155116,0.7362205,3962342.0,0.61506087,130.0,al,0.30599606,0.30599606
139,total,0.5766645,1e-06,0.9999975,0.0,0.0,0.0,0.0,21541476.0,0.42333546,140.0,rand,-0.57666355,0.57666355
139,total,0.5766645,1e-06,0.9999975,0.0,0.0,0.0,0.0,21541476.0,0.42333546,140.0,al,-0.57666355,0.57666355
139,total,0.5766645,0.58187187,0.11471314,0.5746752,0.7266314,0.73319167,0.7298963,13447422.0,0.68707585,150.0,rand,0.005207355,0.005207355
139,total,0.5766645,1e-06,0.9999975,0.0,0.0,0.0,0.0,21541476.0,0.42333546,150.0,al,-0.57666355,0.57666355
139,total,0.5766645,0.647721,0.17392091,0.5822173,0.6955839,0.7812923,0.7359506,11508130.0,0.6767026,160.0,al,0.07105647,0.07105647
139,total,0.5766645,0.67914206,0.27535313,0.58217806,0.6803978,0.80130833,0.7359193,10496609.0,0.6683666,160.0,rand,0.1024775,0.1024775
139,total,0.5766645,1e-06,0.9999975,0.0,0.0,0.0,0.0,21541476.0,0.42333546,170.0,al,-0.57666355,0.57666355
139,total,0.5766645,0.8416669,0.75601476,0.6026315,0.63365936,0.9248522,0.752052,5851741.0,0.64832854,170.0,rand,0.26500234,0.26500234
139,total,0.5766645,1e-06,0.9999975,0.0,0.0,0.0,0.0,21541476.0,0.42333546,180.0,rand,-0.57666355,0.57666355
139,total,0.5766645,1e-06,0.9999975,0.0,0.0,0.0,0.0,21541476.0,0.42333546,180.0,al,-0.57666355,0.57666355
139,total,0.5766645,0.67370784,0.21719445,0.59265894,0.69063747,0.8068594,0.7442379,10936017.0,0.680203,190.0,al,0.0970433,0.0970433
139,total,0.5766645,0.67175037,0.26042122,0.58326817,0.6846445,0.79753387,0.7367896,10761980.0,0.67140514,190.0,rand,0.09508581,0.09508581
139,total,0.5766645,0.7067268,0.32665145,0.59536153,0.67768747,0.8305335,0.74636513,9950529.0,0.6744881,200.0,al,0.13006227,0.13006227
139,total,0.5766645,0.8140309,0.6856486,0.59663135,0.6383999,0.9011766,0.7473622,6563273.0,0.64865875,200.0,rand,0.23736632,0.23736632
139,total,0.5766645,1e-06,0.9999975,0.0,0.0,0.0,0.0,21541476.0,0.42333546,210.0,al,-0.57666355,0.57666355
139,total,0.5766645,0.59669566,0.09627063,0.5521583,0.6995301,0.7238279,0.71147114,12418345.0,0.6614526,210.0,rand,0.02003114,0.02003114
139,total,0.5766645,0.82822627,0.7641458,0.59226364,0.6309485,0.9061897,0.74392617,5988042.0,0.64024514,220.0,al,0.25156173,0.25156173
139,total,0.5766645,0.6017081,0.10022404,0.5568839,0.70049584,0.73091596,0.71538216,12371276.0,0.664615,220.0,rand,0.025043566,0.025043566
0,total,0.5766645,0.46233225,0.5671164,0.0,0.0,0.0,0.0,0.0,0.0,230.0,rand,-0.11433229,0.26640645
139,total,0.5766645,0.6814976,0.28656825,0.58480746,0.68125385,0.8050992,0.73801655,10487986.0,0.6703832,230.0,al,0.10483302,0.10483302
139,total,0.5766645,1e-06,0.9999975,0.0,0.0,0.0,0.0,21541476.0,0.42333546,240.0,rand,-0.57666355,0.57666355
139,total,0.5766645,0.6556859,0.22956702,0.5738195,0.68526584,0.77916783,0.7292058,11040496.0,0.66628754,240.0,al,0.07902135,0.07902135
139,total,0.5766645,0.6873265,0.26920125,0.5931503,0.6846825,0.8160719,0.7446252,10513359.0,0.67720944,250.0,rand,0.110661976,0.110661976
139,total,0.5766645,0.6299785,0.13641931,0.5731854,0.69786054,0.7623781,0.72869354,11855948.0,0.67263085,250.0,al,0.053313952,0.053313952
139,total,0.5766645,1e-06,0.9999975,0.0,0.0,0.0,0.0,21541476.0,0.42333546,260.0,al,-0.57666355,0.57666355
139,total,0.5766645,1e-06,0.9999975,0.0,0.0,0.0,0.0,21541476.0,0.42333546,260.0,rand,-0.57666355,0.57666355
139,total,0.5766645,0.6929925,0.3307106,0.5842639,0.6756779,0.8119782,0.7375836,10104919.0,0.666822,270.0,al,0.11632799,0.11632799
139,total,0.5766645,0.67399144,0.23817286,0.58320683,0.68354756,0.7989125,0.73674065,10688396.0,0.670754,270.0,rand,0.0973269,0.0973269
139,total,0.5766645,0.6316086,0.15063535,0.5708765,0.6952124,0.7614504,0.72682494,11745778.0,0.66993076,280.0,rand,0.054944057,0.054944057
139,total,0.5766645,0.6420199,0.17288974,0.5762616,0.6939601,0.77260774,0.7311746,11543393.0,0.6723875,280.0,al,0.06535537,0.06535537
139,total,0.5766645,0.69112897,0.3086034,0.58831245,0.6794567,0.8143236,0.7408014,10268568.0,0.6713906,290.0,al,0.11446444,0.11446444
139,total,0.5766645,0.66359884,0.25016513,0.57448703,0.6819456,0.7847503,0.72974455,10801652.0,0.6648129,290.0,rand,0.08693433,0.08693433
139,total,0.5766645,0.65409654,0.21497229,0.5794017,0.69027054,0.78295594,0.7336972,11232525.0,0.67224574,300.0,al,0.07743202,0.07743202
139,total,0.5766645,0.7643874,0.53019303,0.5960372,0.6551831,0.8684651,0.7468959,8129513.0,0.66057515,300.0,rand,0.18772289,0.18772289
139,total,0.5766645,0.6189568,0.16975735,0.5557608,0.69004714,0.7406536,0.7144548,11779312.0,0.658597,310.0,al,0.042292245,0.042292245
139,total,0.5766645,0.52804565,0.15248765,0.5051823,0.7021605,0.6429597,0.67125684,13538642.0,0.636835,310.0,rand,-0.04861889,0.04861889
139,total,0.5766645,0.6081432,0.117713295,0.5795623,0.71483487,0.7538547,0.7338259,12716931.0,0.68463576,320.0,rand,0.03147865,0.03147865
139,total,0.5766645,0.6389294,0.1369686,0.5898771,0.705885,0.78210115,0.74204063,11979224.0,0.68642706,320.0,al,0.0622649,0.0622649
139,total,0.5766645,0.6566498,0.24839368,0.571899,0.68333703,0.77811694,0.7276531,10960609.0,0.66411155,330.0,al,0.07998528,0.07998528
139,total,0.5766645,0.8397145,1.1039871,0.5225095,0.5788716,0.8429274,0.68637884,3547112.0,0.55579454,330.0,rand,0.26305002,0.26305002
