,images,gt_confluence,pred_confluence,relative_delta_confluence,iou,precision,recall,f1,true_negative,accuracy,step,method,dAbsConf,dAbsAbsConf
2,total,0.35496256,1e-06,0.9999972,0.0,0.0,0.0,0.0,1585244.0,0.6450374,0.0,rand,-0.35496157,0.35496157
2,total,0.35496256,0.10182921,0.70996517,0.07829848,0.32573435,0.093443505,0.14522564,1416507.0,0.60954714,0.0,al,-0.25313336,0.25313336
2,total,0.35496256,0.72451437,1.0546968,0.31616756,0.35790905,0.73052746,0.4804362,441960.0,0.43914387,1.0,rand,0.36955178,0.36955178
2,total,0.35496256,0.755792,1.1388779,0.32543063,0.3608423,0.7683102,0.49105603,398052.0,0.43468913,1.0,al,0.40082946,0.40082946
2,total,0.35496256,0.5309365,0.5002549,0.2833509,0.36840132,0.5510365,0.4415793,761117.0,0.50529665,2.0,al,0.1759739,0.1759739
2,total,0.35496256,0.6708632,0.8966885,0.30928403,0.3612131,0.6826754,0.47244713,532069.0,0.45882365,2.0,rand,0.31590065,0.31590065
2,total,0.35496256,0.7512164,1.1004835,0.3289768,0.36450914,0.771419,0.4950824,412009.0,0.44147176,3.0,rand,0.39625385,0.39625385
2,total,0.35496256,0.6000714,0.6993352,0.29631457,0.3637967,0.61500466,0.45716414,647014.0,0.4815743,3.0,al,0.24510883,0.24510883
2,total,0.35496256,0.51131,0.4466326,0.27506104,0.3654843,0.5264651,0.43144715,787916.0,0.50747925,4.0,al,0.15634744,0.15634744
2,total,0.35496256,0.55831397,0.5758569,0.28471547,0.36251685,0.57019496,0.44323456,710547.0,0.4915202,4.0,rand,0.20335142,0.20335142
2,total,0.35496256,0.5896531,0.67179054,0.2890493,0.3592206,0.5967254,0.4484685,656672.0,0.4790157,5.0,al,0.23469053,0.23469053
2,total,0.35496256,0.5549518,0.5730911,0.28123325,0.35990182,0.5626728,0.4390035,712248.0,0.48954225,5.0,rand,0.1999892,0.1999892
2,total,0.35496256,0.53545594,0.5905773,0.2743903,0.35804456,0.54010403,0.4306216,740473.0,0.49301594,6.0,al,0.18049335,0.18049335
2,total,0.35496256,0.4889638,0.37662336,0.26727492,0.3640119,0.5014283,0.42181,820993.0,0.51205117,6.0,rand,0.13400124,0.13400124
2,total,0.35496256,0.43547708,0.5055756,0.24970214,0.36267668,0.4449399,0.39961815,903164.0,0.5254354,7.0,al,0.080514506,0.080514506
2,total,0.35496256,0.63611674,0.7970532,0.3020072,0.3613897,0.64763355,0.46390975,586893.0,0.46869305,7.0,rand,0.28115416,0.28115416
2,total,0.35496256,0.4595469,0.65815717,0.25210547,0.35686836,0.4620132,0.40268996,858904.0,0.5134863,8.0,al,0.10458434,0.10458434
2,total,0.35496256,0.38682595,0.0900262,0.23251942,0.36176828,0.39424157,0.377307,978502.0,0.53809446,8.0,rand,0.031863388,0.031863388
2,total,0.35496256,0.37355733,0.11920191,0.2299115,0.36456212,0.38365874,0.37386623,1001879.0,0.5438501,9.0,rand,0.01859475,0.01859475
2,total,0.35496256,0.45663226,0.39137474,0.26218668,0.36919865,0.47494486,0.41544783,877348.0,0.5255815,9.0,al,0.1016697,0.1016697
2,total,0.35496256,0.3098252,0.12493231,0.20492004,0.36491627,0.31851217,0.34013832,1101676.0,0.561333,10.0,rand,-0.045137346,0.045137346
2,total,0.35496256,0.43406433,0.27219903,0.25091764,0.36462015,0.44587302,0.40117323,907450.0,0.5275106,10.0,al,0.07910175,0.07910175
2,total,0.35496256,0.43877378,0.24331434,0.25142518,0.363446,0.44925925,0.40182164,898830.0,0.5252051,11.0,al,0.08381122,0.08381122
2,total,0.35496256,0.41528583,0.17112653,0.24353257,0.36323196,0.42495954,0.39167815,935356.0,0.53144205,11.0,rand,0.060323264,0.060323264
2,total,0.35496256,0.37266132,0.19544877,0.22932947,0.3642376,0.38239777,0.37309635,1002981.0,0.5438509,12.0,rand,0.017698754,0.017698754
2,total,0.35496256,0.3181362,0.106921345,0.20714843,0.36306754,0.32539925,0.34320244,1087259.0,0.5579114,12.0,al,-0.03682639,0.03682639
2,total,0.35496256,0.43029234,0.21318108,0.24592459,0.3602116,0.4366543,0.3947659,908678.0,0.52473795,13.0,rand,0.07532977,0.07532977
2,total,0.35496256,0.49567688,0.4045401,0.26624593,0.3608379,0.5038803,0.42052752,806634.0,0.5070789,13.0,al,0.1407143,0.1407143
