,images,gt_confluence,pred_confluence,relative_delta_confluence,iou,precision,recall,f1,true_negative,accuracy,step,method,dAbsConf,dAbsAbsConf
2,total,0.26927653,0.36014423,0.33964926,0.191764,0.28121725,0.3761133,0.3218149,1159640.0,0.5731372,0.0,al,0.0908677,0.0908677
2,total,0.26927653,0.2085325,0.22354396,0.13983901,0.28110373,0.21769063,0.24536574,1427401.0,0.6394299,0.0,rand,-0.060744036,0.060744036
2,total,0.26927653,0.11616108,0.5653487,0.09600163,0.29064542,0.12537815,0.17518477,1593323.0,0.68208617,1.0,rand,-0.15311545,0.15311545
2,total,0.26927653,0.34010762,0.26353866,0.18672056,0.28191558,0.3560702,0.3146828,1195618.0,0.5823796,1.0,al,0.070831075,0.070831075
2,total,0.26927653,0.26191345,0.026788304,0.16534105,0.28775346,0.27988407,0.2837637,1337370.0,0.61954343,2.0,al,-0.007363095,0.007363095
2,total,0.26927653,0.055178408,0.79525656,0.048629668,0.27269107,0.055877082,0.0927487,1697200.0,0.7056388,2.0,rand,-0.21409813,0.21409813
2,total,0.26927653,0.35173154,0.31280705,0.18839332,0.27989283,0.36559764,0.31705502,1173356.0,0.57588667,3.0,al,0.08245502,0.08245502
2,total,0.26927653,0.40850034,0.5199599,0.19988675,0.2764003,0.41930628,0.33317557,1069384.0,0.54804283,3.0,rand,0.13922381,0.13922381
2,total,0.26927653,0.30007464,0.11787383,0.17244832,0.27907237,0.31098986,0.2941674,1264170.0,0.59813434,4.0,al,0.030798119,0.030798119
2,total,0.26927653,0.27876645,0.09783172,0.16647801,0.280579,0.29046622,0.28543654,1302955.0,0.6083895,4.0,rand,0.009489932,0.009489932
2,total,0.26927653,0.40068746,0.4881412,0.20216602,0.2811835,0.41840416,0.33633578,1087988.0,0.55536985,5.0,rand,0.13141091,0.13141091
2,total,0.26927653,0.28554422,0.28140745,0.1681036,0.27962482,0.29651663,0.2878226,1290302.0,0.6048702,5.0,al,0.016267683,0.016267683
2,total,0.26927653,0.35265115,0.3118988,0.18942793,0.2808672,0.3678295,0.3185189,1172573.0,0.576169,6.0,rand,0.08337462,0.08337462
2,total,0.26927653,0.30544534,0.23909068,0.17392331,0.278768,0.31621066,0.2963107,1254426.0,0.59557533,6.0,al,0.036168806,0.036168806
2,total,0.26927653,0.35592994,0.32000458,0.18964866,0.28002095,0.3701309,0.31883088,1166038.0,0.57412964,7.0,rand,0.08665343,0.08665343
2,total,0.26927653,0.25730854,0.08607532,0.15934521,0.28128168,0.26877907,0.27488777,1341338.0,0.6181677,7.0,al,-0.011967994,0.011967994
2,total,0.26927653,0.34276628,0.27319348,0.18816976,0.2827845,0.35995975,0.31673834,1191658.0,0.5818156,8.0,rand,0.07348977,0.07348977
2,total,0.26927653,0.32070738,0.2740352,0.17858659,0.27875274,0.3319925,0.30305162,1227362.0,0.58881265,8.0,al,0.05143085,0.05143085
2,total,0.26927653,0.3040045,0.1324692,0.17587267,0.2820501,0.3184244,0.29913506,1259432.0,0.5982084,9.0,rand,0.03472797,0.03472797
2,total,0.26927653,0.34131896,0.275501,0.18443373,0.27856293,0.35308883,0.3114289,1190668.0,0.5795626,9.0,al,0.07204242,0.07204242
2,total,0.26927653,0.3112026,0.16069195,0.17681953,0.28026214,0.32389757,0.30050358,1245364.0,0.5939579,10.0,al,0.04192605,0.04192605
2,total,0.26927653,0.35410786,0.31568596,0.19052492,0.2817307,0.37048447,0.32006827,1170750.0,0.5761422,10.0,rand,0.08483132,0.08483132
2,total,0.26927653,0.31704608,0.17809695,0.17951123,0.28145206,0.33138052,0.3043819,1235955.0,0.59214437,11.0,rand,0.047769554,0.047769554
2,total,0.26927653,0.30720192,0.14335132,0.17676702,0.28188407,0.3215841,0.30042773,1253665.0,0.59671265,11.0,al,0.037925396,0.037925396
2,total,0.26927653,0.27605,0.091925,0.16638947,0.2818071,0.2888947,0.2853064,1308591.0,0.6102596,12.0,al,0.006773461,0.006773461
2,total,0.26927653,0.36912048,0.36792567,0.1937511,0.28070724,0.38478845,0.3246084,1143321.0,0.568833,12.0,rand,0.099843934,0.099843934
2,total,0.26927653,0.32713643,0.28775805,0.17944096,0.277373,0.33697152,0.30428088,1214857.0,0.5850651,13.0,rand,0.057859886,0.057859886
2,total,0.26927653,0.28242654,0.05023651,0.16978526,0.28352705,0.29737192,0.29028398,1298530.0,0.6084485,13.0,al,0.013150007,0.013150007
