,images,gt_confluence,pred_confluence,relative_delta_confluence,iou,precision,recall,f1,true_negative,accuracy,step,method,dAbsConf,dAbsAbsConf
139,total,0.5766645,0.5741811,0.16369104,0.5138377,0.6803231,0.67739207,0.6788539,12201405.0,0.6304113,0.0,al,-0.0024834394,0.0024834394
139,total,0.5766645,0.7401555,0.53115374,0.5759049,0.65016633,0.83449477,0.7308874,8365742.0,0.64562804,0.0,rand,0.163491,0.163491
139,total,0.5766645,0.6335732,0.16736603,0.57141304,0.6945988,0.7631447,0.72725964,11695525.0,0.6699202,10.0,rand,0.056908637,0.056908637
139,total,0.5766645,1.000001,1.4803905,0.5766645,0.5766645,1.0,0.7314989,0.0,0.5766645,10.0,al,0.42333648,0.42333648
139,total,0.5766645,0.7443354,0.43706843,0.6011535,0.666326,0.8600657,0.75090003,8903391.0,0.6709398,20.0,rand,0.1676709,0.1676709
139,total,0.5766645,0.32817024,0.6102854,0.43535686,0.8362891,0.47591683,0.6066178,18807680.0,0.64405495,20.0,al,-0.2484943,0.2484943
139,total,0.5766645,1.000001,1.4803905,0.5766645,0.5766645,1.0,0.7314989,0.0,0.5766645,30.0,al,0.42333648,0.42333648
139,total,0.5766645,0.7847871,0.78217477,0.5434312,0.6108125,0.83125824,0.70418537,5999687.0,0.59726363,30.0,rand,0.20812257,0.20812257
139,total,0.5766645,1e-06,0.9999975,0.0,0.0,0.0,0.0,21541476.0,0.42333546,40.0,al,-0.57666355,0.57666355
139,total,0.5766645,0.7001614,0.34291232,0.5865173,0.6741706,0.81854796,0.7393766,9932909.0,0.6672302,40.0,rand,0.12349689,0.12349689
139,total,0.5766645,1e-06,0.9999975,0.0,0.0,0.0,0.0,21541476.0,0.42333546,50.0,rand,-0.57666355,0.57666355
139,total,0.5766645,1e-06,0.9999975,0.0,0.0,0.0,0.0,21541476.0,0.42333546,50.0,al,-0.57666355,0.57666355
139,total,0.5766645,1e-06,0.9999975,0.0,0.0,0.0,0.0,21541476.0,0.42333546,60.0,al,-0.57666355,0.57666355
139,total,0.5766645,0.6330062,0.23885147,0.5508305,0.6787552,0.7450702,0.7103679,11194006.0,0.6496414,60.0,rand,0.056341656,0.056341656
139,total,0.5766645,1e-06,0.9999975,0.0,0.0,0.0,0.0,21541476.0,0.42333546,70.0,rand,-0.57666355,0.57666355
139,total,0.5766645,1.000001,1.4803905,0.5766645,0.5766645,1.0,0.7314989,0.0,0.5766645,70.0,al,0.42333648,0.42333648
139,total,0.5766645,1e-06,0.9999975,0.0,0.0,0.0,0.0,21541476.0,0.42333546,80.0,rand,-0.57666355,0.57666355
139,total,0.5766645,1e-06,0.9999975,0.0,0.0,0.0,0.0,21541476.0,0.42333546,80.0,al,-0.57666355,0.57666355
139,total,0.5766645,0.7816229,0.6942161,0.5617,0.6250308,0.84717846,0.7193438,6627857.0,0.61878914,90.0,al,0.20495832,0.20495832
139,total,0.5766645,1e-06,0.9999975,0.0,0.0,0.0,0.0,21541476.0,0.42333546,90.0,rand,-0.57666355,0.57666355
139,total,0.5766645,1e-06,0.9999975,0.0,0.0,0.0,0.0,21541476.0,0.42333546,100.0,rand,-0.57666355,0.57666355
139,total,0.5766645,1e-06,0.9999975,0.0,0.0,0.0,0.0,21541476.0,0.42333546,100.0,al,-0.57666355,0.57666355
139,total,0.5766645,0.9981789,1.4758568,0.57606333,0.57666785,0.9981836,0.731015,39420.0,0.57639176,110.0,al,0.42151433,0.42151433
139,total,0.5766645,1e-06,0.9999975,0.0,0.0,0.0,0.0,21541476.0,0.42333546,110.0,rand,-0.57666355,0.57666355
139,total,0.5766645,0.7816715,0.5707973,0.5966091,0.64934343,0.880187,0.7473448,7593972.0,0.6568102,120.0,rand,0.20500699,0.20500699
139,total,0.5766645,1e-06,0.9999975,0.0,0.0,0.0,0.0,21541476.0,0.42333546,120.0,al,-0.57666355,0.57666355
139,total,0.5766645,1e-06,0.9999975,0.0,0.0,0.0,0.0,21541476.0,0.42333546,130.0,rand,-0.57666355,0.57666355
139,total,0.5766645,0.7139975,0.35894313,0.59519595,0.67446905,0.8350931,0.746235,9714352.0,0.67247605,130.0,al,0.13733298,0.13733298
139,total,0.5766645,0.113396585,0.7279096,0.1065732,0.58608234,0.11524751,0.19261818,19153110.0,0.4428582,140.0,rand,-0.46326795,0.46326795
139,total,0.5766645,1e-06,0.9999975,0.0,0.0,0.0,0.0,21541476.0,0.42333546,140.0,al,-0.57666355,0.57666355
139,total,0.5766645,1e-06,0.9999975,0.0,0.0,0.0,0.0,21541476.0,0.42333546,150.0,al,-0.57666355,0.57666355
139,total,0.5766645,0.7076215,0.36561072,0.5879543,0.6719958,0.8246008,0.74051744,9730914.0,0.666751,150.0,rand,0.13095696,0.13095696
139,total,0.5766645,1e-06,0.9999975,0.0,0.0,0.0,0.0,21541476.0,0.42333546,160.0,rand,-0.57666355,0.57666355
139,total,0.5766645,1e-06,0.9999975,0.0,0.0,0.0,0.0,21541476.0,0.42333546,160.0,al,-0.57666355,0.57666355
139,total,0.5766645,0.75094825,0.44156137,0.59985983,0.6628717,0.86320853,0.74988997,8659117.0,0.66795164,170.0,al,0.17428374,0.17428374
139,total,0.5766645,0.8181637,0.6642724,0.60425836,0.6421391,0.91105694,0.7533175,6642900.0,0.6559212,170.0,rand,0.24149914,0.24149914
139,total,0.5766645,0.2880028,0.4769367,0.30846173,0.7077724,0.35348058,0.47148713,17258880.0,0.5430131,180.0,rand,-0.28866175,0.28866175
139,total,0.5766645,0.6358003,0.13954043,0.5794852,0.69964147,0.77138704,0.7337642,11824059.0,0.67719924,180.0,al,0.059135772,0.059135772
139,total,0.5766645,0.53672594,0.109039195,0.52498937,0.71413285,0.6646723,0.68851495,13734069.0,0.6531964,190.0,rand,-0.039938573,0.039938573
139,total,0.5766645,0.6264367,0.20306766,0.55336314,0.6841677,0.7432173,0.7124706,11473924.0,0.6540739,190.0,al,0.04977217,0.04977217
139,total,0.5766645,1e-06,0.9999975,0.0,0.0,0.0,0.0,21541476.0,0.42333546,200.0,al,-0.57666355,0.57666355
139,total,0.5766645,1e-06,0.9999975,0.0,0.0,0.0,0.0,21541476.0,0.42333546,200.0,rand,-0.57666355,0.57666355
139,total,0.5766645,0.594709,0.1526582,0.5379692,0.68897116,0.71052855,0.6995833,12129187.0,0.64810073,210.0,rand,0.018044429,0.018044429
139,total,0.5766645,0.6602851,0.21658851,0.5815837,0.6888757,0.7887665,0.7354442,11088123.0,0.6727587,210.0,al,0.08362057,0.08362057
139,total,0.5766645,0.76320934,0.5255033,0.59597117,0.6555724,0.867642,0.74684405,8165305.0,0.66080385,220.0,al,0.18654482,0.18654482
139,total,0.5766645,0.8658279,0.86993957,0.59706765,0.62284845,0.9351693,0.7477044,4925043.0,0.63606644,220.0,rand,0.2891634,0.2891634
139,total,0.5766645,0.63646513,0.14623663,0.57736593,0.69767255,0.7700206,0.73206294,11750132.0,0.67495847,230.0,al,0.059800602,0.059800602
139,total,0.5766645,0.80841887,0.655634,0.6030027,0.64450264,0.90351915,0.752341,6917581.0,0.6569725,230.0,rand,0.23175433,0.23175433
139,total,0.5766645,0.6549145,0.20360261,0.581626,0.69154114,0.785378,0.73547804,11261975.0,0.67422116,240.0,rand,0.07824997,0.07824997
139,total,0.5766645,0.67140645,0.26034084,0.5829232,0.68455064,0.79701626,0.73651433,10764291.0,0.67115206,240.0,al,0.094741896,0.094741896
139,total,0.5766645,0.6296304,0.13860615,0.57272756,0.69769037,0.7617711,0.72832346,11855848.0,0.6722788,250.0,al,0.052965876,0.052965876
139,total,0.5766645,0.682589,0.29341754,0.5843579,0.68042433,0.8054067,0.7376585,10441472.0,0.66964644,250.0,rand,0.10592444,0.10592444
139,total,0.5766645,0.66097754,0.25362414,0.5734565,0.6824242,0.78219897,0.7289126,10860173.0,0.6644917,260.0,rand,0.08431301,0.08431301
139,total,0.5766645,0.5657144,0.23420358,0.57654345,0.73848116,0.7244571,0.73140144,14013292.0,0.69315946,260.0,al,-0.010950119,0.010950119
139,total,0.5766645,0.6668614,0.24617684,0.58116937,0.68539965,0.7926028,0.73511285,10866058.0,0.67060685,270.0,rand,0.090196855,0.090196855
139,total,0.5766645,1e-06,0.9999975,0.0,0.0,0.0,0.0,21541476.0,0.42333546,270.0,al,-0.57666355,0.57666355
139,total,0.5766645,0.4948037,0.16674839,0.49079478,0.71290046,0.6116989,0.65843326,14312857.0,0.63402295,280.0,rand,-0.08186083,0.08186083
139,total,0.5766645,0.64691925,0.19691166,0.57536966,0.6907938,0.7749516,0.7304562,11362868.0,0.67019147,280.0,al,0.0702547,0.0702547
139,total,0.5766645,0.7328302,0.40531138,0.59852207,0.6690556,0.85024035,0.7488438,9200524.0,0.6711132,290.0,rand,0.15616569,0.15616569
139,total,0.5766645,0.7591159,0.5233701,0.5939858,0.65572065,0.8631835,0.7452832,8242773.0,0.6597552,290.0,al,0.18245135,0.18245135
139,total,0.5766645,0.76461494,0.50798756,0.59776664,0.6562889,0.8701899,0.7482523,8168547.0,0.6623368,300.0,al,0.18795039,0.18795039
139,total,0.5766645,0.656487,0.27851152,0.5603675,0.674585,0.76796055,0.7182502,10670868.0,0.6525607,300.0,rand,0.079822466,0.079822466
139,total,0.5766645,0.7485186,0.506931,0.5881993,0.6556817,0.85108286,0.74071175,8426941.0,0.6563965,310.0,al,0.17185406,0.17185406
139,total,0.5766645,0.648779,0.17452562,0.5840409,0.69642395,0.7835136,0.73740584,11519477.0,0.67820656,310.0,rand,0.07211442,0.07211442
139,total,0.5766645,0.6822811,0.29503217,0.5838475,0.6801896,0.8047657,0.7372517,10438330.0,0.669215,320.0,al,0.105616555,0.105616555
139,total,0.5766645,0.64930886,0.20066181,0.57646954,0.6904319,0.77740663,0.73134196,11313312.0,0.67063326,320.0,rand,0.0726443,0.0726443
139,total,0.5766645,1e-06,0.9999975,0.0,0.0,0.0,0.0,21541476.0,0.42333546,330.0,rand,-0.57666355,0.57666355
139,total,0.5766645,0.74767715,0.4997351,0.5913616,0.65821904,0.85341585,0.74321413,8538218.0,0.6599287,330.0,al,0.17101258,0.17101258
