,images,gt_confluence,pred_confluence,relative_delta_confluence,iou,precision,recall,f1,true_negative,accuracy,step,method,dAbsConf,dAbsAbsConf
3,total,0.15109126,0.10348738,0.2825797,0.50582147,0.8263439,0.5659847,0.6718208,653476.0,0.91645306,0.0,rand,-0.04760388,0.04760388
3,total,0.15109126,0.16742298,0.13582368,0.5863674,0.70320356,0.77920943,0.7392575,628531.0,0.9169502,0.0,al,0.01633172,0.01633172
3,total,0.15109126,0.19251859,0.3155024,0.5697887,0.64783823,0.82546306,0.72594273,614291.0,0.90583163,1.0,al,0.04142734,0.04142734
3,total,0.15109126,0.12346241,0.16440965,0.5682069,0.80574495,0.65839946,0.7246576,648748.0,0.92440414,1.0,rand,-0.027628852,0.027628852
3,total,0.15109126,1e-06,0.9999924,0.0,0.0,0.0,0.0,667609.0,0.8489087,2.0,al,-0.15109026,0.15109026
3,total,0.15109126,0.12111382,0.16261807,0.5710291,0.81691813,0.6548311,0.7269486,650171.0,0.92567444,2.0,rand,-0.029977433,0.029977433
3,total,0.15109126,1e-06,0.9999924,0.0,0.0,0.0,0.0,667609.0,0.8489087,3.0,rand,-0.15109026,0.15109026
3,total,0.15109126,0.22594552,0.5517982,0.5281103,0.576701,0.8624088,0.6911935,592393.0,0.88356906,3.0,al,0.07485426,0.07485426
3,total,0.15109126,0.10704014,0.25038433,0.55636996,0.8620796,0.6107319,0.714958,655999.0,0.9264221,4.0,rand,-0.044051126,0.044051126
3,total,0.15109126,0.21682076,0.46862596,0.5406328,0.59545255,0.85448945,0.70183164,598628.0,0.89030075,4.0,al,0.06572951,0.06572951
3,total,0.15109126,1e-06,0.9999924,0.0,0.0,0.0,0.0,667609.0,0.8489087,5.0,al,-0.15109026,0.15109026
3,total,0.15109126,0.21617734,0.38110644,0.5415913,0.596866,0.8539761,0.7026388,599073.0,0.89078903,5.0,rand,0.0650861,0.0650861
3,total,0.15109126,0.17724709,0.32020357,0.5345187,0.64525944,0.7569578,0.69665927,618161.0,0.90040207,6.0,al,0.026155837,0.026155837
3,total,0.15109126,0.10911787,0.27035338,0.5479157,0.84410286,0.6096042,0.70793945,654231.0,0.9240036,6.0,rand,-0.041973386,0.041973386
3,total,0.15109126,1e-06,0.9999924,0.0,0.0,0.0,0.0,667609.0,0.8489087,7.0,rand,-0.15109026,0.15109026
3,total,0.15109126,0.15774636,0.22582392,0.5706701,0.71133196,0.7426593,0.7266576,631798.0,0.915582,7.0,al,0.0066551035,0.0066551035
3,total,0.15109126,1e-06,0.9999924,0.0,0.0,0.0,0.0,667609.0,0.8489087,8.0,rand,-0.15109026,0.15109026
3,total,0.15109126,1e-06,0.9999924,0.0,0.0,0.0,0.0,667609.0,0.8489087,8.0,al,-0.15109026,0.15109026
3,total,0.15109126,1e-06,0.9999924,0.0,0.0,0.0,0.0,667609.0,0.8489087,9.0,al,-0.15109026,0.15109026
3,total,0.15109126,1e-06,0.9999924,0.0,0.0,0.0,0.0,667609.0,0.8489087,9.0,rand,-0.15109026,0.15109026
