,images,gt_confluence,pred_confluence,relative_delta_confluence,iou,precision,recall,f1,true_negative,accuracy,step,method,dAbsConf,dAbsAbsConf
2,total,0.35496256,0.3556028,0.301054,0.21370879,0.35184175,0.35247537,0.35215777,1018801.0,0.5396668,0.0,rand,0.00064024155,0.00064024155
2,total,0.35496256,0.23581888,0.33842948,0.17207213,0.36779478,0.24434291,0.2936199,1218852.0,0.58268476,0.0,al,-0.119143695,0.119143695
2,total,0.35496256,0.44767964,0.3432137,0.2518212,0.36066586,0.45487162,0.40232724,881839.0,0.52028364,1.0,rand,0.09271707,0.09271707
2,total,0.35496256,0.9848358,1.7758709,0.35582384,0.3570323,0.9905772,0.5248817,29050.0,0.3634383,1.0,al,0.6298732,0.6298732
2,total,0.35496256,0.5918451,0.6728801,0.29139876,0.36097848,0.6018747,0.45129123,655777.0,0.48047933,2.0,al,0.23688251,0.23688251
2,total,0.35496256,0.61892474,0.7506493,0.30192247,0.36490634,0.63626206,0.46380973,619224.0,0.47781208,2.0,rand,0.26396218,0.26396218
2,total,0.35496256,0.48348692,0.70908946,0.25786927,0.35551393,0.48423693,0.41000918,819456.0,0.50532347,3.0,rand,0.12852436,0.12852436
2,total,0.35496256,0.52579284,0.5866287,0.27088642,0.3570438,0.5288747,0.42629477,754425.0,0.49470702,3.0,al,0.17083026,0.17083026
2,total,0.35496256,0.35171732,0.27344185,0.22248994,0.3656745,0.3623303,0.3639942,1036947.0,0.5505485,4.0,al,-0.0032452566,0.0032452566
2,total,0.35496256,0.3454791,0.1606358,0.2186803,0.36380672,0.35408595,0.35888,1045086.0,0.55093384,4.0,rand,-0.009483457,0.009483457
2,total,0.35496256,0.54871196,0.54806286,0.28684127,0.36710018,0.5674736,0.4458063,731771.0,0.49919027,5.0,al,0.19374937,0.19374937
2,total,0.35496256,0.39274636,0.28373134,0.24033386,0.36889032,0.40815562,0.38753042,976090.0,0.54205203,5.0,rand,0.037783798,0.037783798
2,total,0.35496256,0.5201003,0.46348038,0.27860257,0.36660808,0.5371626,0.43579182,775645.0,0.50628334,6.0,al,0.16513772,0.16513772
2,total,0.35496256,0.47847104,0.3454323,0.2637194,0.3635023,0.48998114,0.4173697,836794.0,0.5144173,6.0,rand,0.12350849,0.12350849
2,total,0.35496256,0.5385846,0.5304356,0.27917355,0.36208346,0.5493881,0.43649003,740883.0,0.49647826,7.0,al,0.18362202,0.18362202
2,total,0.35496256,0.4580015,0.28887585,0.2553355,0.36104077,0.46584308,0.4067999,866043.0,0.5177507,7.0,rand,0.10303892,0.10303892
2,total,0.35496256,0.33376932,0.11300958,0.20808505,0.35542488,0.334203,0.34448692,1056519.0,0.54852825,8.0,al,-0.021193255,0.021193255
2,total,0.35496256,0.9850519,1.7776132,0.35744154,0.35820726,0.99405515,0.5266397,31553.0,0.36569133,8.0,rand,0.6300893,0.6300893
2,total,0.35496256,0.4009499,0.12573685,0.23825337,0.36275336,0.409749,0.38482118,957319.0,0.53497964,9.0,rand,0.045987327,0.045987327
2,total,0.35496256,0.37139177,0.31434086,0.23076785,0.3667043,0.38367593,0.37499768,1007216.0,0.54602784,9.0,al,0.016429223,0.016429223
2,total,0.35496256,0.3193109,0.099639565,0.20745593,0.36280864,0.3263679,0.34362435,1085217.0,0.5574243,10.0,rand,-0.03565167,0.03565167
2,total,0.35496256,0.38491717,0.18126996,0.23360474,0.36399886,0.394715,0.37873468,983606.0,0.54033935,10.0,al,0.029954614,0.029954614
2,total,0.35496256,0.48046935,0.36149424,0.26425567,0.36344203,0.49194595,0.41804102,833597.0,0.5138139,11.0,al,0.12550677,0.12550677
2,total,0.35496256,0.5101719,0.46781844,0.2686454,0.3590927,0.51610696,0.42351487,781677.0,0.50126386,11.0,rand,0.15520933,0.15520933
2,total,0.35496256,0.47962257,0.35136387,0.26563412,0.36521372,0.49347284,0.41976398,837010.0,0.5157446,12.0,rand,0.124660015,0.124660015
2,total,0.35496256,0.5634491,0.6035568,0.28046215,0.35701832,0.5667113,0.43806347,694888.0,0.48391196,12.0,al,0.20848651,0.20848651
2,total,0.35496256,0.4658083,0.3172197,0.25972936,0.36329457,0.47674114,0.4123569,856364.0,0.51768064,13.0,rand,0.11084573,0.11084573
2,total,0.35496256,0.43841043,0.24262963,0.25155,0.36372495,0.44923174,0.40198106,899699.0,0.52554893,13.0,al,0.08344786,0.08344786
