,images,gt_confluence,pred_confluence,relative_delta_confluence,iou,precision,recall,f1,true_negative,accuracy,step,method,dAbsConf,dAbsAbsConf
2,total,0.35496256,0.03834288,0.89217854,0.03289257,0.32666165,0.035284907,0.06369003,1521796.0,0.6317452,0.0,rand,-0.3166197,0.3166197
2,total,0.35496256,1e-06,0.9999972,0.0,0.0,0.0,0.0,1585244.0,0.6450374,0.0,al,-0.35496157,0.35496157
2,total,0.35496256,0.30942932,0.1257776,0.20583968,0.3665246,0.31950718,0.3414042,1103517.0,0.5624353,1.0,rand,-0.045533262,0.045533262
2,total,0.35496256,0.36132464,0.09411431,0.21458974,0.3502431,0.35651958,0.35335296,1008267.0,0.536816,1.0,al,0.006362084,0.006362084
2,total,0.35496256,0.64470154,0.82983464,0.2961931,0.35432425,0.64354116,0.45701957,562225.0,0.45720297,2.0,al,0.28973895,0.28973895
2,total,0.35496256,0.3011814,0.15086561,0.20394467,0.36904353,0.3131279,0.33879358,1118222.0,0.56615436,2.0,rand,-0.053781144,0.053781144
2,total,0.35496256,0.3263104,0.07963746,0.21028343,0.36275125,0.33346936,0.34749404,1074210.0,0.5554663,3.0,rand,-0.028652158,0.028652158
2,total,0.35496256,0.5149725,0.44740447,0.27612218,0.36552086,0.53028923,0.43275145,782251.0,0.5065316,3.0,al,0.16000995,0.16000995
2,total,0.35496256,0.5477439,0.5422065,0.2791841,0.35968882,0.555036,0.43650293,723300.0,0.49132854,4.0,al,0.19278136,0.19278136
2,total,0.35496256,0.410744,0.27182204,0.24485038,0.3666699,0.4242901,0.39338073,945934.0,0.53550863,4.0,rand,0.055781435,0.055781435
2,total,0.35496256,0.41166115,0.48604968,0.2396441,0.36000833,0.41751188,0.38663322,937767.0,0.52977943,5.0,al,0.05669859,0.05669859
2,total,0.35496256,0.31090188,0.12450723,0.20554228,0.36515895,0.31983158,0.34099507,1100181.0,0.56119305,5.0,rand,-0.044060685,0.044060685
2,total,0.35496256,0.6472463,0.83602494,0.29877117,0.35620084,0.6495032,0.46008238,561172.0,0.4588908,6.0,al,0.2922837,0.2922837
2,total,0.35496256,0.32398376,0.11044308,0.21022944,0.36403129,0.33225998,0.3474203,1078873.0,0.5569344,6.0,rand,-0.030978817,0.030978817
2,total,0.35496256,0.3377191,0.124422565,0.21754207,0.36646962,0.34866613,0.3573458,1059429.0,0.55484617,7.0,al,-0.017243465,0.017243465
2,total,0.35496256,0.40211606,0.13395284,0.23668347,0.36032918,0.4081946,0.3827708,953097.0,0.53270996,7.0,rand,0.047153506,0.047153506
2,total,0.35496256,0.5249782,0.48496708,0.27351993,0.35999438,0.5324191,0.42954904,759519.0,0.49803793,8.0,al,0.17001565,0.17001565
2,total,0.35496256,0.4301483,0.42548698,0.2489205,0.36378023,0.44083264,0.39861655,912677.0,0.5278483,8.0,rand,0.07518573,0.07518573
2,total,0.35496256,0.37524107,0.107885584,0.22937433,0.36307377,0.38381463,0.3731557,997877.0,0.54227704,9.0,rand,0.020278506,0.020278506
2,total,0.35496256,0.4879307,0.3765851,0.26769796,0.36479098,0.50143975,0.42233664,823542.0,0.51309246,9.0,al,0.13296813,0.13296813
2,total,0.35496256,0.27259296,0.23393583,0.17960042,0.3505184,0.2691791,0.30451012,1150142.0,0.5635425,10.0,rand,-0.0823696,0.0823696
2,total,0.35496256,0.37860858,0.14306381,0.22976586,0.3620057,0.38611987,0.37367365,991612.0,0.54054606,10.0,al,0.02364602,0.02364602
2,total,0.35496256,0.52193826,0.4726174,0.27573907,0.363135,0.533954,0.4322808,768329.0,0.5021676,11.0,al,0.16697569,0.16697569
2,total,0.35496256,0.13251728,0.62630314,0.10253218,0.34210187,0.12771507,0.18599358,1370985.0,0.6031893,11.0,rand,-0.2224453,0.2224453
2,total,0.35496256,0.38580462,0.13460708,0.2321795,0.3617968,0.39323166,0.37685937,980131.0,0.53839886,12.0,rand,0.030842064,0.030842064
2,total,0.35496256,0.33075336,0.068736225,0.21292534,0.3639435,0.33912072,0.3510934,1068221.0,0.5550354,12.0,al,-0.024209205,0.024209205
2,total,0.35496256,0.5129844,0.44262445,0.26946032,0.35914105,0.51902205,0.42452687,777308.0,0.5005208,13.0,rand,0.15802184,0.15802184
2,total,0.35496256,0.5010443,0.41810495,0.26887277,0.36201805,0.51100236,0.42379737,799656.0,0.5067676,13.0,al,0.14608173,0.14608173
