,images,gt_confluence,pred_confluence,relative_delta_confluence,iou,precision,recall,f1,true_negative,accuracy,step,method,dAbsConf,dAbsAbsConf
3,total,0.15109126,0.22077024,0.6400508,0.47826153,0.54494876,0.79626,0.64705896,588603.0,0.86875534,0.0,rand,0.06967899,0.06967899
3,total,0.15109126,0.19382958,0.23377259,0.543086,0.62629485,0.8034471,0.70389545,610644.0,0.89786786,0.0,al,0.042738326,0.042738326
3,total,0.15109126,0.15462086,0.13466837,0.5677824,0.71604794,0.73277056,0.72431225,633081.0,0.91571933,1.0,al,0.003529595,0.003529595
3,total,0.15109126,0.19148609,0.35856467,0.56549907,0.64625144,0.8190249,0.7224516,614338.0,0.9049187,1.0,rand,0.040394828,0.040394828
3,total,0.15109126,0.20543516,0.33145902,0.55227625,0.6174548,0.83953446,0.7115691,605805.0,0.8971672,2.0,al,0.054343905,0.054343905
3,total,0.15109126,0.18704705,0.33548233,0.5759088,0.6606435,0.8178551,0.7308905,617690.0,0.9090042,2.0,rand,0.035955794,0.035955794
3,total,0.15109126,0.15223286,0.2897326,0.5177291,0.67968595,0.6848169,0.68224126,629261.0,0.9036166,3.0,rand,0.0011415945,0.0011415945
3,total,0.15109126,0.17636716,0.20713517,0.5832078,0.68395096,0.7983639,0.7367415,623773.0,0.9137942,3.0,al,0.025275912,0.025275912
3,total,0.15109126,0.15208408,0.07317312,0.5909173,0.7404413,0.74530184,0.7428631,636565.0,0.92204285,4.0,rand,0.0009928213,0.0009928213
3,total,0.15109126,0.21533939,0.35617304,0.542495,0.59846824,0.8529493,0.7033989,599610.0,0.8913167,4.0,al,0.06424813,0.06424813
3,total,0.15109126,0.1568499,0.2434171,0.5707837,0.71341133,0.74059737,0.72674966,632258.0,0.9158554,5.0,al,0.0057586497,0.0057586497
3,total,0.15109126,0.17931466,0.21045582,0.5744409,0.672283,0.797859,0.7297073,621395.0,0.9106941,5.0,rand,0.028223403,0.028223403
3,total,0.15109126,1e-06,0.9999924,0.0,0.0,0.0,0.0,667609.0,0.8489087,6.0,al,-0.15109026,0.15109026
3,total,0.15109126,1e-06,0.9999924,0.0,0.0,0.0,0.0,667609.0,0.8489087,6.0,rand,-0.15109026,0.15109026
3,total,0.15109126,0.15185647,0.07644759,0.6101578,0.7559787,0.7598024,0.7578852,638467.0,0.92665225,7.0,rand,0.000765211,0.000765211
3,total,0.15109126,0.17055357,0.13125058,0.59317136,0.7021576,0.7925991,0.7446417,627660.0,0.91786575,7.0,al,0.019462314,0.019462314
3,total,0.15109126,0.13489632,0.11764715,0.5812382,0.7793017,0.695766,0.7351679,644196.0,0.92426175,8.0,rand,-0.016194932,0.016194932
3,total,0.15109126,0.16221718,0.08441182,0.5855432,0.7132756,0.7657945,0.73860216,631031.0,0.91810226,8.0,al,0.011125929,0.011125929
3,total,0.15109126,0.17260587,0.1422482,0.590733,0.69643146,0.7955951,0.74271744,626402.0,0.9167188,9.0,al,0.02151462,0.02151462
3,total,0.15109126,1e-06,0.9999924,0.0,0.0,0.0,0.0,667609.0,0.8489087,9.0,rand,-0.15109026,0.15109026
