,images,gt_confluence,pred_confluence,relative_delta_confluence,iou,precision,recall,f1,true_negative,accuracy,step,method,dAbsConf,dAbsAbsConf
2,total,0.26927653,0.32661152,0.21774855,0.18146512,0.28022444,0.33988944,0.3071861,1218078.0,0.5871615,0.0,al,0.057334986,0.057334986
2,total,0.26927653,0.24504942,0.09986608,0.15723397,0.28517464,0.2595161,0.27174053,1365336.0,0.6254382,0.0,rand,-0.024227109,0.024227109
2,total,0.26927653,0.28437153,0.10458967,0.17018588,0.28315035,0.29902202,0.29086933,1294842.0,0.6073922,1.0,rand,0.015094995,0.015094995
2,total,0.26927653,0.31205505,0.16456792,0.17661427,0.27963084,0.32405323,0.3002071,1243372.0,0.5931893,1.0,al,0.042778507,0.042778507
2,total,0.26927653,0.42274922,0.573455,0.2043224,0.27772376,0.43600988,0.33931464,1045420.0,0.5427897,2.0,al,0.15347268,0.15347268
2,total,0.26927653,1e-06,0.9999963,0.0,0.0,0.0,0.0,1795826.0,0.73072344,2.0,rand,-0.26927552,0.26927552
2,total,0.26927653,0.6124379,1.281011,0.23597358,0.27486554,0.6251485,0.38184202,704408.0,0.45496216,3.0,al,0.3431614,0.3431614
2,total,0.26927653,0.26622334,0.10444095,0.16308165,0.28203887,0.27883992,0.28042975,1326087.0,0.61467123,3.0,rand,-0.0030531993,0.0030531993
2,total,0.26927653,0.39792174,0.49116483,0.19768776,0.27675396,0.40897045,0.3301152,1088542.0,0.553055,4.0,al,0.12864521,0.12864521
2,total,0.26927653,0.31469908,0.16958462,0.1785386,0.2811177,0.32853663,0.30298254,1239841.0,0.5929598,4.0,rand,0.04542255,0.04542255
2,total,0.26927653,0.30371967,0.1282008,0.17482367,0.28074178,0.3166504,0.29761636,1258958.0,0.5975378,5.0,rand,0.03444314,0.03444314
2,total,0.26927653,0.4106614,0.52592576,0.20387037,0.2803885,0.4276067,0.3386911,1069566.0,0.550352,5.0,al,0.14138487,0.14138487
2,total,0.26927653,0.22135884,0.17221695,0.14631777,0.28291443,0.23256882,0.25528258,1405725.0,0.6346163,6.0,rand,-0.0479177,0.0479177
2,total,0.26927653,0.39389342,0.46750516,0.19997527,0.28057602,0.41042107,0.3332985,1099402.0,0.5578646,6.0,al,0.12461688,0.12461688
2,total,0.26927653,0.2926377,0.08751692,0.17301923,0.28322378,0.3077939,0.2949976,1280332.0,0.6038501,7.0,rand,0.02336119,0.02336119
2,total,0.26927653,0.29972473,0.1150341,0.17330761,0.28041232,0.31211865,0.29541668,1265777.0,0.5990922,7.0,al,0.030448183,0.030448183
2,total,0.26927653,0.46503437,0.7280734,0.21495944,0.2793766,0.48247588,0.35385403,972250.0,0.52552897,8.0,rand,0.19575784,0.19575784
2,total,0.26927653,0.28974873,0.11327587,0.17022085,0.28064385,0.3019792,0.2909204,1283584.0,0.6036076,8.0,al,0.020472191,0.020472191
2,total,0.26927653,0.25575906,0.08302303,0.15986146,0.28294125,0.26873675,0.27565563,1345118.0,0.6196944,9.0,rand,-0.013517473,0.013517473
2,total,0.26927653,0.35943174,0.3390121,0.19022606,0.27955922,0.3731561,0.31964645,1159434.0,0.5722571,9.0,al,0.090155214,0.090155214
2,total,0.26927653,0.41019592,0.52736396,0.201898,0.2782565,0.42387432,0.3359648,1068240.0,0.5488074,10.0,al,0.14091937,0.14091937
2,total,0.26927653,1e-06,0.9999963,0.0,0.0,0.0,0.0,1795826.0,0.73072344,10.0,rand,-0.26927552,0.26927552
2,total,0.26927653,0.28390604,0.10673762,0.16851363,0.28099322,0.29625824,0.2884234,1294157.0,0.6063692,11.0,rand,0.014629499,0.014629499
2,total,0.26927653,0.28239113,0.07182266,0.16920885,0.28272107,0.29648945,0.2894411,1298033.0,0.6080086,11.0,al,0.013114607,0.013114607
2,total,0.26927653,0.31384948,0.16550836,0.17956425,0.28283942,0.32965636,0.30445814,1242670.0,0.59441245,12.0,al,0.044572942,0.044572942
2,total,0.26927653,0.26071918,0.060056332,0.16279162,0.28459704,0.27555177,0.2800009,1337438.0,0.61840457,12.0,rand,-0.008557349,0.008557349
2,total,0.26927653,0.27530617,0.07855947,0.1665631,0.28243545,0.2887587,0.28556156,1310329.0,0.6109302,13.0,rand,0.006029646,0.006029646
2,total,0.26927653,0.28683123,0.119008265,0.17074206,0.28275648,0.30118892,0.2916813,1290231.0,0.6060994,13.0,al,0.017554712,0.017554712
