,images,gt_confluence,pred_confluence,relative_delta_confluence,iou,precision,recall,f1,true_negative,accuracy,step,method,dAbsConf,dAbsAbsConf
2,total,0.26927653,0.306345,0.14079146,0.17423359,0.2788074,0.31718683,0.2967609,1252861.0,0.59520143,0.0,al,0.037068464,0.037068464
2,total,0.26927653,0.22201313,0.17436169,0.1479054,0.28512675,0.23508026,0.25769565,1405779.0,0.6353145,0.0,rand,-0.047263402,0.047263402
2,total,0.26927653,0.2689162,0.086459726,0.1656997,0.28448325,0.28410152,0.28429177,1322951.0,0.614812,1.0,rand,-0.00036032812,0.00036032812
2,total,0.26927653,0.3921177,0.45898616,0.1985465,0.27941632,0.4068821,0.33131164,1101424.0,0.5577344,1.0,al,0.12284117,0.12284117
2,total,0.26927653,0.36170715,0.34572375,0.19055253,0.27920792,0.37504646,0.32010722,1155093.0,0.57099974,2.0,al,0.09243061,0.09243061
2,total,0.26927653,0.27096006,0.08382842,0.16594847,0.2837745,0.28554764,0.2846578,1318885.0,0.61354697,2.0,rand,0.0016835358,0.0016835358
2,total,0.26927653,0.36101338,0.34352714,0.18987842,0.2786061,0.37352026,0.3191555,1155788.0,0.5708716,3.0,al,0.09173684,0.09173684
2,total,0.26927653,0.3344826,0.24590936,0.18412197,0.28067255,0.34863713,0.3109843,1204523.0,0.5840015,3.0,rand,0.06520608,0.06520608
2,total,0.26927653,0.3228135,0.20535788,0.1776906,0.2767387,0.33175826,0.30176058,1222031.0,0.5865804,4.0,al,0.05353697,0.05353697
2,total,0.26927653,0.30812722,0.14595425,0.17668545,0.2813783,0.32197398,0.30030993,1251649.0,0.59599733,4.0,rand,0.03885069,0.03885069
2,total,0.26927653,0.29524434,0.12081245,0.17304216,0.28205737,0.30925664,0.29503095,1274894.0,0.60203123,5.0,rand,0.025967797,0.025967797
2,total,0.26927653,0.30137795,0.16740583,0.17251389,0.2785919,0.31180283,0.29426277,1261505.0,0.5972689,5.0,al,0.032101423,0.032101423
2,total,0.26927653,0.26015848,0.10420248,0.16253078,0.284516,0.27488086,0.27961496,1338372.0,0.61860394,6.0,rand,-0.00911806,0.00911806
2,total,0.26927653,0.42465797,0.58503604,0.20472662,0.2776933,0.43793046,0.33987185,1042000.0,0.5419153,6.0,al,0.15538146,0.15538146
2,total,0.26927653,0.29464373,0.1861707,0.17246729,0.28153163,0.3080523,0.294195,1275573.0,0.60198325,7.0,rand,0.025367212,0.025367212
2,total,0.26927653,0.32636413,0.21789066,0.18048222,0.27903426,0.33818948,0.30577663,1217561.0,0.5864933,7.0,al,0.05708759,0.05708759
2,total,0.26927653,0.2716978,0.060176764,0.16665234,0.28442076,0.2869771,0.28569272,1318018.0,0.6135791,8.0,rand,0.0024212473,0.0024212473
2,total,0.26927653,0.35317728,0.3193008,0.18866643,0.27973676,0.36689565,0.3174417,1170662.0,0.57514,8.0,al,0.08390074,0.08390074
2,total,0.26927653,0.28414652,0.18600371,0.1689131,0.28144708,0.2969881,0.28900832,1294049.0,0.6065218,9.0,rand,0.014869978,0.014869978
2,total,0.26927653,0.23445617,0.18084584,0.15124004,0.28225416,0.2457546,0.26274234,1382263.0,0.6286202,9.0,al,-0.03482037,0.03482037
2,total,0.26927653,0.34038308,0.26804608,0.18418019,0.2785769,0.35213834,0.31106734,1192339.0,0.5799866,10.0,al,0.07110655,0.07110655
2,total,0.26927653,0.30879372,0.14659059,0.17636104,0.28065634,0.3218425,0.2998412,1249924.0,0.59526,10.0,rand,0.039517194,0.039517194
2,total,0.26927653,0.34236306,0.27681294,0.18552896,0.27958173,0.35546425,0.31298885,1189674.0,0.57979774,11.0,rand,0.07308653,0.07308653
2,total,0.26927653,0.31772277,0.18168706,0.18068889,0.28273907,0.33360633,0.30607316,1235765.0,0.59266645,11.0,al,0.04844623,0.04844623
2,total,0.26927653,0.3983433,0.4815996,0.19982392,0.27912715,0.41291437,0.33308825,1090116.0,0.5547575,12.0,al,0.12906675,0.12906675
2,total,0.26927653,0.28608498,0.14049906,0.16847436,0.2798956,0.29736587,0.28836587,1289535.0,0.6047868,12.0,rand,0.016808454,0.016808454
2,total,0.26927653,0.32528502,0.21465237,0.18082324,0.27989987,0.33811694,0.3062659,1220165.0,0.58753335,13.0,rand,0.056008488,0.056008488
2,total,0.26927653,0.30959532,0.15471414,0.17604466,0.27989024,0.32179716,0.29938382,1247924.0,0.594434,13.0,al,0.04031879,0.04031879
