,images,gt_confluence,pred_confluence,relative_delta_confluence,iou,precision,recall,f1,true_negative,accuracy,step,method,dAbsConf,dAbsAbsConf
3,total,0.15109126,0.10367939,0.2560277,0.5358947,0.85738814,0.5883373,0.6978269,655981.0,0.9230156,0.0,rand,-0.047411874,0.047411874
3,total,0.15109126,1e-06,0.9999924,0.0,0.0,0.0,0.0,667609.0,0.8489087,0.0,al,-0.15109026,0.15109026
3,total,0.15109126,0.17040226,0.1828836,0.5298396,0.6534263,0.73693645,0.6926729,621165.0,0.9011968,1.0,al,0.019310998,0.019310998
3,total,0.15109126,0.100026175,0.32119778,0.52642643,0.86582,0.5731887,0.68974966,657054.0,0.9220912,1.0,rand,-0.05106508,0.05106508
3,total,0.15109126,0.16298902,0.0639015,0.5842906,0.71068585,0.7666445,0.73760486,630525.0,0.9175873,2.0,al,0.011897769,0.011897769
3,total,0.15109126,0.09884362,0.28124657,0.5234419,0.8688073,0.5683664,0.68718284,657411.0,0.9218165,2.0,rand,-0.052247636,0.052247636
3,total,0.15109126,0.09998676,0.30034873,0.5350618,0.8752798,0.57922286,0.69712037,657802.0,0.923954,3.0,rand,-0.0511045,0.0511045
3,total,0.15109126,0.15299961,0.13108195,0.5794597,0.7291706,0.73837554,0.7337437,635022.0,0.9190343,3.0,al,0.0019083486,0.0019083486
3,total,0.15109126,1e-06,0.9999924,0.0,0.0,0.0,0.0,667609.0,0.8489087,4.0,rand,-0.15109026,0.15109026
3,total,0.15109126,0.14596276,0.055148706,0.5789609,0.74623007,0.72089577,0.73334366,638479.0,0.92078906,4.0,al,-0.0051284963,0.0051284963
3,total,0.15109126,0.20274326,0.29597548,0.54668695,0.61686623,0.82774377,0.70691305,606521.0,0.8962962,5.0,al,0.051652,0.051652
3,total,0.15109126,0.09492211,0.35256535,0.502952,0.8673124,0.54487765,0.669285,657704.0,0.91864014,5.0,rand,-0.056169145,0.056169145
3,total,0.15109126,0.19693601,0.2636147,0.5494209,0.6266497,0.8167863,0.70919466,609786.0,0.89879227,6.0,al,0.04584476,0.04584476
3,total,0.097042084,1e-06,0.9999877,0.0,0.0,0.0,0.0,710115.0,0.9029579,6.0,rand,-0.097041085,0.097041085
3,total,0.097042084,1e-06,0.9999877,0.0,0.0,0.0,0.0,710115.0,0.9029579,7.0,rand,-0.097041085,0.097041085
3,total,0.15109126,0.15339887,0.16923726,0.57752234,0.7266842,0.73777807,0.7321886,634637.0,0.91845447,7.0,al,0.0023076204,0.0023076204
3,total,0.097042084,0.16404824,0.9264277,0.068086766,0.10145568,0.17150831,0.12749249,594192.0,0.7721977,8.0,rand,0.067006156,0.067006156
3,total,0.15109126,0.1713216,0.27950495,0.55313194,0.6702268,0.7599623,0.7122789,623178.0,0.90723544,8.0,al,0.02023034,0.02023034
3,total,0.15109126,0.13494083,0.112585016,0.59197164,0.788204,0.70394623,0.74369574,645133.0,0.92668915,9.0,al,-0.016150428,0.016150428
3,total,0.097042084,0.16896157,0.66663593,0.4720291,0.5048391,0.8789785,0.6413307,644320.0,0.90459317,9.0,rand,0.071919486,0.071919486
