,images,gt_confluence,pred_confluence,relative_delta_confluence,iou,precision,recall,f1,true_negative,accuracy,step,method,dAbsConf,dAbsAbsConf
2,total,0.35496256,0.41098815,0.15970716,0.24124765,0.36222357,0.41939414,0.3887175,941063.0,0.53178877,0.0,rand,0.056025576,0.056025576
2,total,0.35496256,0.24267149,0.31591886,0.1757337,0.36809823,0.2516507,0.29893404,1208386.0,0.5810201,0.0,al,-0.112291075,0.112291075
2,total,0.35496256,0.3676532,0.04546516,0.22221671,0.35735363,0.37012872,0.3636285,1004586.0,0.5401489,1.0,rand,0.012690616,0.012690616
2,total,0.35496256,0.4251792,0.1941409,0.2518398,0.3691285,0.44214633,0.40235096,926035.0,0.53375,1.0,al,0.070216656,0.070216656
2,total,0.35496256,0.38262632,0.31096098,0.23443234,0.36609206,0.39462215,0.3798216,989155.0,0.5425643,2.0,al,0.02766376,0.02766376
2,total,0.35496256,0.59427994,1.1406249,0.2802562,0.34965903,0.58539975,0.43781224,635421.0,0.46634847,2.0,rand,0.2393174,0.2393174
2,total,0.35496256,0.37535214,0.058453932,0.22670327,0.3595754,0.38022894,0.36961338,994476.0,0.53962034,3.0,rand,0.02038959,0.02038959
2,total,0.35496256,0.6801133,0.92630637,0.31121075,0.3612212,0.6921039,0.47469175,517561.0,0.4562671,3.0,al,0.32515073,0.32515073
2,total,0.35496256,0.7258274,1.0694741,0.30798867,0.3506218,0.7169504,0.47093433,426889.0,0.42819214,4.0,al,0.37086484,0.37086484
2,total,0.35496256,0.5819439,0.6510338,0.28567457,0.35773045,0.58648074,0.4443959,666681.0,0.4794519,4.0,rand,0.22698139,0.22698139
2,total,0.35496256,0.30972552,0.12631549,0.20671149,0.36762312,0.32077157,0.34260252,1103892.0,0.5630367,5.0,al,-0.04523704,0.04523704
2,total,0.35496256,0.41486225,0.17185962,0.24194066,0.36149016,0.42249036,0.3896166,934243.0,0.5301127,5.0,rand,0.05989968,0.05989968
2,total,0.35496256,0.46051207,0.2963613,0.2610282,0.36654937,0.47554323,0.41399217,868335.0,0.52212644,6.0,al,0.1055495,0.1055495
2,total,0.35496256,0.42714334,0.20568079,0.24634837,0.3619117,0.43550456,0.3953117,915414.0,0.5270707,6.0,rand,0.07218077,0.07218077
2,total,0.35496256,0.44227558,0.2470747,0.25229618,0.36316097,0.45248958,0.4029332,893042.0,0.5239966,7.0,al,0.08731301,0.08731301
2,total,0.35496256,0.42759663,0.20800129,0.24835697,0.36410022,0.43860304,0.39789367,917003.0,0.5288171,7.0,rand,0.072634056,0.072634056
2,total,0.35496256,0.537691,0.5231438,0.276342,0.35944325,0.5444773,0.4330214,738795.0,0.4938855,8.0,al,0.18272845,0.18272845
2,total,0.35496256,0.42394102,0.20027615,0.24524535,0.3618467,0.43216187,0.39389032,920368.0,0.5279,8.0,rand,0.06897846,0.06897846
2,total,0.35496256,0.36677548,0.08989367,0.22332196,0.3592283,0.37118217,0.3651069,1007662.0,0.5417745,9.0,rand,0.01181293,0.01181293
2,total,0.35496256,0.4041579,0.27986345,0.24159172,0.3654798,0.4161317,0.38916403,955003.0,0.5363029,9.0,al,0.049195334,0.049195334
2,total,0.35496256,0.4564174,0.29043546,0.25504303,0.36125788,0.46451104,0.40642866,868774.0,0.5183891,10.0,rand,0.101454854,0.101454854
2,total,0.35496256,0.031431258,0.9113775,0.027032085,0.32357624,0.028651146,0.05264102,1532995.0,0.6339474,10.0,al,-0.3235313,0.3235313
2,total,0.35496256,0.38763732,0.15432872,0.2337641,0.36297402,0.3963852,0.37894407,978378.0,0.53880495,11.0,al,0.03267475,0.03267475
2,total,0.35496256,0.5848216,0.66745245,0.28563136,0.35702154,0.58821285,0.44434363,661120.0,0.47780395,11.0,rand,0.229859,0.229859
2,total,0.35496256,0.6285939,0.7753713,0.30351284,0.3643268,0.6451758,0.46568403,603237.0,0.47447103,12.0,rand,0.27363136,0.27363136
2,total,0.35496256,0.40122497,0.13342999,0.23789617,0.36219737,0.40940166,0.3843551,956340.0,0.534458,12.0,al,0.046262395,0.046262395
2,total,0.35496256,0.42530984,0.20346692,0.24436979,0.36027932,0.43167928,0.39276022,916583.0,0.52618855,13.0,rand,0.07034727,0.07034727
2,total,0.35496256,0.35302263,0.18279627,0.22093482,0.3629058,0.36092147,0.3619104,1032510.0,0.548243,13.0,al,-0.0019399179,0.0019399179
