,images,gt_confluence,pred_confluence,relative_delta_confluence,iou,precision,recall,f1,true_negative,accuracy,step,method,dAbsConf,dAbsAbsConf
2,total,0.26927653,0.3870583,0.4383214,0.19370337,0.27516314,0.39551872,0.3245414,1106338.0,0.556674,0.0,al,0.11778176,0.11778176
2,total,0.26927653,0.24155252,0.10044178,0.15562509,0.2847919,0.25546938,0.2693344,1371252.0,0.6267558,0.0,rand,-0.027724016,0.027724016
2,total,0.26927653,0.2499835,0.1454527,0.15845828,0.2841247,0.2637668,0.27356702,1356023.0,0.6227934,1.0,rand,-0.019293027,0.019293027
2,total,0.26927653,0.044714134,0.8337728,0.043706134,0.2940657,0.048829358,0.08375156,1718253.0,0.7123075,1.0,al,-0.22456239,0.22456239
2,total,0.26927653,0.19812316,0.26376477,0.13610572,0.28262597,0.2079441,0.23959996,1446533.0,0.64459026,2.0,al,-0.07115338,0.07115338
2,total,0.26927653,0.30326718,0.13620625,0.17342606,0.27902463,0.31424475,0.29558873,1258478.0,0.59669477,2.0,rand,0.033990666,0.033990666
2,total,0.26927653,0.15876646,0.40952024,0.12086331,0.29071817,0.17140746,0.21566065,1519077.0,0.66427004,3.0,al,-0.110510066,0.110510066
2,total,0.26927653,0.262136,0.047961373,0.1595669,0.27896705,0.27156854,0.2752176,1331320.0,0.61484253,3.0,rand,-0.00714052,0.00714052
2,total,0.26927653,0.23418964,0.17835993,0.15000957,0.28042784,0.24388689,0.26088354,1381682.0,0.6278809,4.0,al,-0.03508689,0.03508689
2,total,0.26927653,0.3163279,0.26125953,0.1788278,0.2808356,0.3299057,0.30339888,1236744.0,0.59206825,4.0,rand,0.047051374,0.047051374
2,total,0.26927653,0.2515932,0.0647304,0.1585305,0.28329343,0.26468855,0.27367464,1352677.0,0.6216801,5.0,rand,-0.017683325,0.017683325
2,total,0.26927653,0.1940045,0.27838862,0.13775147,0.28912315,0.20830223,0.24214637,1456892.0,0.64890176,5.0,al,-0.07527203,0.07527203
2,total,0.26927653,0.6594647,1.4651035,0.24017937,0.27274358,0.6679546,0.38732964,617163.0,0.43098876,6.0,rand,0.3901882,0.3901882
2,total,0.26927653,0.27706113,0.25891396,0.16395518,0.2777635,0.28579244,0.28172028,1304053.0,0.60757774,6.0,al,0.00778461,0.00778461
2,total,0.26927653,0.2740163,0.16369453,0.16491286,0.28068516,0.2856247,0.28313288,1311425.0,0.6105322,7.0,rand,0.0047397697,0.0047397697
2,total,0.26927653,0.3631854,0.3568143,0.19096076,0.2792243,0.37660137,0.32068306,1152489.0,0.5703589,7.0,al,0.093908876,0.093908876
2,total,0.26927653,0.29427347,0.21584311,0.17182036,0.28079906,0.3068646,0.29325324,1275697.0,0.6017139,8.0,rand,0.02499693,0.02499693
2,total,0.26927653,0.28142148,0.14096978,0.16937439,0.2834335,0.29621592,0.28968328,1300235.0,0.608831,8.0,al,0.012144961,0.012144961
2,total,0.26927653,0.28994402,0.07775302,0.17089699,0.28150454,0.30310953,0.2919073,1283852.0,0.604021,9.0,rand,0.020667505,0.020667505
2,total,0.26927653,1e-06,0.9999963,0.0,0.0,0.0,0.0,1795826.0,0.73072344,9.0,al,-0.26927552,0.26927552
2,total,0.26927653,0.30275288,0.13269909,0.17453665,0.28077006,0.31567425,0.29720035,1260688.0,0.59797895,10.0,al,0.03347634,0.03347634
2,total,0.26927653,0.3048183,0.1952032,0.17484736,0.2802986,0.31729412,0.2976507,1256684.0,0.5967859,10.0,rand,0.035541773,0.035541773
2,total,0.26927653,0.17709777,0.34137705,0.1318195,0.2935554,0.1930644,0.23293331,1488358.0,0.65760213,11.0,rand,-0.09217877,0.09217877
2,total,0.26927653,0.29768533,0.16316572,0.17255457,0.28027895,0.30984747,0.29432195,1269286.0,0.5999085,11.0,al,0.028408796,0.028408796
2,total,0.26927653,0.29224873,0.114641175,0.17111292,0.28073815,0.3046871,0.29222226,1279232.0,0.60256594,12.0,al,0.02297219,0.02297219
2,total,0.26927653,0.31661394,0.1780704,0.1792008,0.28121546,0.33065066,0.30393553,1236534.0,0.5921834,12.0,rand,0.047337424,0.047337424
2,total,0.26927653,0.34953225,0.29677242,0.18953373,0.28208467,0.36615673,0.31866845,1179131.0,0.578387,13.0,rand,0.08025572,0.08025572
2,total,0.26927653,0.37932554,0.41115028,0.1954498,0.27955714,0.39380664,0.32698905,1124209.0,0.5634847,13.0,al,0.11004902,0.11004902
