,images,gt_confluence,pred_confluence,relative_delta_confluence,iou,precision,recall,f1,true_negative,accuracy,step,method,dAbsConf,dAbsAbsConf
2,total,0.35496256,0.4538515,0.28071797,0.25018963,0.35663894,0.4559939,0.4002422,867650.0,0.51490843,0.0,rand,0.09888894,0.09888894
2,total,0.35496256,0.33093485,0.12716064,0.20539908,0.35317096,0.3292635,0.34079796,1059176.0,0.54785603,0.0,al,-0.024027728,0.024027728
2,total,0.35496256,0.27430928,0.22688133,0.19038881,0.366903,0.28353563,0.3198762,1158448.0,0.5720182,1.0,rand,-0.080653295,0.080653295
2,total,0.35496256,0.54278785,0.5272119,0.28177273,0.36359152,0.55598176,0.43966052,736305.0,0.49695596,1.0,al,0.1878253,0.1878253
2,total,0.35496256,0.70457536,0.99416333,0.31668946,0.36169252,0.7179328,0.4810385,479975.0,0.4501416,2.0,al,0.3496128,0.3496128
2,total,0.35496256,0.44871193,0.2952549,0.25584924,0.364888,0.4612578,0.40745166,884873.0,0.523785,2.0,rand,0.093749374,0.093749374
2,total,0.35496256,0.4555845,0.67761767,0.26252255,0.36994505,0.47481304,0.4158694,879808.0,0.52653563,3.0,rand,0.10062193,0.10062193
2,total,0.35496256,0.6889899,0.9469102,0.31065834,0.35913822,0.69709384,0.47404885,500099.0,0.450933,3.0,al,0.3340273,0.3340273
2,total,0.35496256,0.5992442,0.6887775,0.2967681,0.364413,0.61519724,0.45770374,649215.0,0.48253825,4.0,al,0.2442816,0.2442816
2,total,0.35496256,0.31987363,0.14604433,0.20557532,0.35974705,0.32418415,0.34104052,1081929.0,0.55531126,4.0,rand,-0.035088927,0.035088927
2,total,0.35496256,0.63779277,0.8064177,0.2992626,0.35852414,0.64419115,0.46066484,579771.0,0.46457317,5.0,al,0.28283018,0.28283018
2,total,0.35496256,0.39427876,0.6566922,0.23729366,0.36444518,0.40481064,0.38356838,969406.0,0.53814495,5.0,rand,0.039316185,0.039316185
2,total,0.35496256,0.39400572,0.10791645,0.23534611,0.36214274,0.40197465,0.38102004,967603.0,0.5364046,6.0,al,0.039043155,0.039043155
2,total,0.35496256,0.41697732,0.17939341,0.2470974,0.36680844,0.43089175,0.39627555,936374.0,0.533962,6.0,rand,0.062014755,0.062014755
2,total,0.35496256,0.6030975,0.70820874,0.29186428,0.35889676,0.60978085,0.45184928,635020.0,0.4748397,7.0,al,0.24813496,0.24813496
2,total,0.35496256,0.40543965,0.14163353,0.23910062,0.36190268,0.41336563,0.3859256,949440.0,0.53305745,7.0,rand,0.050477073,0.050477073
2,total,0.35496256,0.64803284,0.84952766,0.2943195,0.35194898,0.64253014,0.454786,553156.0,0.45315388,8.0,al,0.29307026,0.29307026
2,total,0.35496256,1e-06,0.9999972,0.0,0.0,0.0,0.0,1585244.0,0.6450374,8.0,rand,-0.35496157,0.35496157
2,total,0.35496256,0.41683245,0.17994499,0.24232683,0.36116576,0.42411584,0.39011717,930819.0,0.52929646,9.0,rand,0.061869897,0.061869897
2,total,0.35496256,1e-06,0.9999972,0.0,0.0,0.0,0.0,1585244.0,0.6450374,9.0,al,-0.35496157,0.35496157
2,total,0.35496256,0.42378354,0.19519691,0.24460658,0.3611506,0.4311703,0.39306602,919890.0,0.5273535,10.0,rand,0.06882099,0.06882099
2,total,0.35496256,0.6219301,0.764201,0.29541266,0.35820073,0.6276027,0.45608997,604284.0,0.46865925,10.0,al,0.26696756,0.26696756
2,total,0.35496256,0.5364923,0.5057177,0.28079426,0.36428815,0.550586,0.4384685,747070.0,0.49942097,11.0,al,0.18152973,0.18152973
2,total,0.35496256,0.35994363,0.06041692,0.22304526,0.36221436,0.36729616,0.36473703,1021062.0,0.5458476,11.0,rand,0.004981062,0.004981062
2,total,0.35496256,0.3576764,0.12650843,0.21940927,0.35849687,0.3612367,0.35986108,1021348.0,0.54381305,12.0,rand,0.0027138093,0.0027138093
2,total,0.35496256,0.3722064,0.18202464,0.2280746,0.36283085,0.3804559,0.3714339,1002405.0,0.54292727,12.0,al,0.017243838,0.017243838
2,total,0.35496256,0.563058,0.5989088,0.28091395,0.3575633,0.5671824,0.4386144,696260.0,0.48463744,13.0,rand,0.20809548,0.20809548
2,total,0.35496256,0.48206195,0.3611235,0.26286086,0.36141497,0.4908237,0.41629377,828704.0,0.51142454,13.0,al,0.1270994,0.1270994
