,images,gt_confluence,pred_confluence,relative_delta_confluence,iou,precision,recall,f1,true_negative,accuracy,step,method,dAbsConf,dAbsAbsConf
2,total,0.35496256,1e-06,0.9999972,0.0,0.0,0.0,0.0,1585244.0,0.6450374,0.0,al,-0.35496157,0.35496157
2,total,0.35496256,0.821677,1.3172264,0.42165342,0.4247216,0.98315597,0.5931869,423555.0,0.5213285,0.0,rand,0.46671447,0.46671447
2,total,0.35496256,0.7302252,1.058885,0.45308927,0.46338263,0.9532645,0.62362164,622231.0,0.59155965,1.0,al,0.37526265,0.37526265
2,total,0.35496256,0.91799784,1.5886319,0.38270667,0.38380387,0.9925856,0.5535612,195063.0,0.43170208,1.0,rand,0.56303525,0.56303525
2,total,0.35496256,0.5940989,0.6738061,0.5054913,0.53637844,0.89773214,0.67152953,908331.0,0.6882621,2.0,al,0.23913634,0.23913634
2,total,0.35496256,0.458314,0.29310152,0.5521398,0.63123894,0.8150296,0.7114558,1169890.0,0.7653345,2.0,rand,0.10335142,0.10335142
2,total,0.35496256,0.19000629,0.46358883,0.3866519,0.7997567,0.42809588,0.5576765,1491739.0,0.75894815,3.0,rand,-0.16495627,0.16495627
2,total,0.35496256,0.8376288,1.3619891,0.4134097,0.41644037,0.9827009,0.58498174,383955.0,0.5050537,3.0,al,0.4826662,0.4826662
2,total,0.35496256,0.71927917,1.0276324,0.45078558,0.4640572,0.940342,0.62143606,637859.0,0.5933317,4.0,al,0.36431658,0.36431658
2,total,0.35496256,0.6723777,0.89343804,0.4466052,0.4717099,0.89352167,0.6174523,712280.0,0.6069942,4.0,rand,0.31741515,0.31741515
2,total,0.35496256,0.7185032,1.0237476,0.41371918,0.43722218,0.8850091,0.58529145,591496.0,0.5548254,5.0,al,0.36354062,0.36354062
2,total,0.35496256,0.64261127,0.8114106,0.5207616,0.53158754,0.96236515,0.68486905,845490.0,0.6856344,5.0,rand,0.2876487,0.2876487
2,total,0.35496256,0.51312846,0.44687465,0.5858165,0.6249542,0.9034225,0.7388196,1112288.0,0.7732723,6.0,rand,0.15816587,0.15816587
2,total,0.35496256,0.8085207,1.2797127,0.4277795,0.4311496,0.9820555,0.599223,454928.0,0.5337036,6.0,al,0.45355812,0.45355812
2,total,0.35496256,0.54552263,0.5370854,0.49471286,0.54633564,0.839632,0.6619499,977028.0,0.6955916,7.0,rand,0.19056009,0.19056009
2,total,0.35496256,0.6368357,0.792222,0.43442503,0.4716645,0.84620845,0.60571265,758354.0,0.60894734,7.0,al,0.28187317,0.28187317
2,total,0.35496256,1e-06,0.9999972,0.0,0.0,0.0,0.0,1585244.0,0.6450374,8.0,rand,-0.35496157,0.35496157
2,total,0.35496256,0.5992393,0.68737584,0.54877734,0.56421864,0.95249873,0.7086583,943474.0,0.72200197,8.0,al,0.24427672,0.24427672
2,total,0.35496256,0.3093341,0.1247088,0.5077146,0.72316194,0.63020146,0.67348856,1374787.0,0.7831002,9.0,rand,-0.045628477,0.045628477
2,total,0.35496256,0.42400166,0.19707622,0.55032873,0.65215194,0.7789916,0.7099505,1222778.0,0.7740625,9.0,al,0.069039084,0.069039084
2,total,0.35496256,0.71354795,1.0110639,0.47576177,0.4827576,0.970441,0.6447673,678201.0,0.6204309,10.0,al,0.3585854,0.3585854
2,total,0.35496256,0.55529886,0.56560445,0.50095373,0.5471041,0.8558811,0.66751343,967177.0,0.6973511,10.0,rand,0.20033629,0.20033629
2,total,0.35496256,0.4984739,0.4064245,0.5088796,0.577417,0.81086504,0.6745127,1067560.0,0.72221804,11.0,al,0.14351134,0.14351134
2,total,0.35496256,0.5449595,0.53666383,0.58212596,0.6075988,0.93281984,0.7358777,1059705.0,0.7623112,11.0,rand,0.18999693,0.18999693
2,total,0.35496256,0.07911803,0.7750385,0.1606689,0.75949144,0.16928181,0.2768554,1538480.0,0.6860978,12.0,al,-0.27584454,0.27584454
2,total,0.35496256,0.57377136,0.6158267,0.50898665,0.5459762,0.8825296,0.6746068,945026.0,0.69779706,12.0,rand,0.21880879,0.21880879
2,total,0.35496256,0.37767068,0.065776244,0.5993379,0.7269515,0.77345484,0.74948204,1331811.0,0.8164628,13.0,al,0.022708112,0.022708112
2,total,0.35496256,0.335484,0.055772755,0.5416447,0.7230846,0.6834033,0.70268375,1356932.0,0.79471964,13.0,rand,-0.019478574,0.019478574
