,images,gt_confluence,pred_confluence,relative_delta_confluence,iou,precision,recall,f1,true_negative,accuracy,step,method,dAbsConf,dAbsAbsConf
139,total,0.5766645,0.5784069,0.08438561,0.7909158,0.8819234,0.88458645,0.8832524,18066216.0,0.8651489,0.0,rand,0.0017423145,0.0017423145
139,total,0.5766645,0.62720376,0.12337787,0.8025585,0.85459036,0.9294857,0.89046544,16900684.0,0.8681355,0.0,al,0.050539214,0.050539214
139,total,0.5766645,0.39431828,0.34526837,0.5931208,0.9167686,0.62687695,0.74460196,19871448.0,0.7520136,10.0,al,-0.18234625,0.18234625
139,total,0.5766645,0.5028163,0.1766023,0.6815629,0.8701595,0.7587246,0.8106298,18219400.0,0.7955792,10.0,rand,-0.073848195,0.073848195
139,total,0.5766645,0.28299993,0.4626464,0.40417457,0.8743625,0.42909467,0.57567525,19732242.0,0.63522387,20.0,rand,-0.2936646,0.2936646
139,total,0.5766645,0.2725369,0.47540382,0.37269518,0.8459918,0.39982194,0.54301184,19405688.0,0.61192584,20.0,al,-0.30412763,0.30412763
139,total,0.5766645,0.11453932,0.75954,0.17554297,0.90115535,0.17898935,0.29865825,20965380.0,0.5152308,30.0,al,-0.4621252,0.4621252
139,total,0.5766645,0.34004208,0.37931356,0.49193388,0.8889056,0.5241599,0.65945756,19619206.0,0.68782324,30.0,rand,-0.23662244,0.23662244
139,total,0.5766645,0.097661845,0.76335037,0.113472454,0.70365536,0.11916734,0.20381702,20068796.0,0.46311378,40.0,al,-0.47900268,0.47900268
139,total,0.5766645,0.30837697,0.4668671,0.45803002,0.9015921,0.48213357,0.62828565,19997284.0,0.6710182,40.0,rand,-0.26828757,0.26828757
139,total,0.5766645,0.10485688,0.7485164,0.13592331,0.77773386,0.14141665,0.2393175,20355552.0,0.4815795,50.0,al,-0.47180766,0.47180766
139,total,0.5766645,0.58298373,0.07701489,0.77845234,0.8706829,0.8802225,0.87542623,17705266.0,0.8555389,50.0,rand,0.006319173,0.006319173
139,total,0.5766645,0.46831304,0.19819754,0.64972734,0.87880033,0.71367794,0.78767794,18653274.0,0.778129,60.0,rand,-0.1083515,0.1083515
139,total,0.5766645,0.094010115,0.76851267,0.10619198,0.68486106,0.111647554,0.19199532,20033956.0,0.45809272,60.0,al,-0.48265442,0.48265442
139,total,0.5766645,0.13138373,0.70094246,0.15896967,0.7392072,0.16841517,0.274329,19797964.0,0.48619086,70.0,al,-0.4452808,0.4452808
139,total,0.5766645,0.35024214,0.37386644,0.509526,0.89329344,0.5425479,0.67508036,19639744.0,0.69883054,70.0,rand,-0.22642238,0.22642238
139,total,0.5766645,0.25326142,0.5026115,0.37516037,0.89399505,0.3926261,0.5456237,20175370.0,0.62290215,80.0,rand,-0.32340312,0.32340312
139,total,0.5766645,0.20595029,0.6197854,0.27807495,0.8267853,0.29527712,0.43514615,19726228.0,0.55793786,80.0,al,-0.37071425,0.37071425
139,total,0.5766645,0.11750859,0.72626114,0.1455542,0.7506031,0.15295126,0.25411987,20050236.0,0.482231,90.0,al,-0.45915595,0.45915595
139,total,0.5766645,0.4178576,0.30178472,0.5682024,0.8623582,0.6248729,0.72465396,18614844.0,0.726163,90.0,rand,-0.15880696,0.15880696
139,total,0.5766645,0.29298526,0.4909333,0.44234106,0.91030914,0.46249807,0.61336493,20204316.0,0.6637637,100.0,rand,-0.28367928,0.28367928
139,total,0.5766645,0.11741503,0.74092585,0.18089084,0.9055146,0.18437083,0.30636308,20976960.0,0.51856166,100.0,al,-0.4592495,0.4592495
139,total,0.5766645,0.2609027,0.54813766,0.40145543,0.9196028,0.41605806,0.57291174,20474122.0,0.64228565,110.0,rand,-0.31576183,0.31576183
139,total,0.5766645,0.46058363,0.3128574,0.5486033,0.79779804,0.6372022,0.7085132,16802508.0,0.69765663,110.0,al,-0.11608091,0.11608091
139,total,0.5766645,0.43809184,0.2695856,0.5724606,0.843263,0.6406251,0.7281076,18047446.0,0.7240962,120.0,al,-0.1385727,0.1385727
139,total,0.5766645,0.31214255,0.41364703,0.4674399,0.9070284,0.49096352,0.6370817,20064774.0,0.6774364,120.0,rand,-0.26452196,0.26452196
139,total,0.5766645,0.24887645,0.5215168,0.35051966,0.8609294,0.37155777,0.51908815,19780278.0,0.6029884,130.0,rand,-0.32778808,0.32778808
139,total,0.5766645,0.12414089,0.6997377,0.14362067,0.7089579,0.15261897,0.25116807,19703000.0,0.4752155,130.0,al,-0.45252365,0.45252365
139,total,0.5766645,0.08708978,0.7745223,0.11014055,0.75616014,0.11419649,0.19842608,20460894.0,0.46795282,140.0,al,-0.48957476,0.48957476
139,total,0.5766645,0.64987534,0.18617761,0.79603064,0.83650386,0.94270134,0.88643277,16134834.0,0.860706,140.0,rand,0.07321081,0.07321081
139,total,0.5766645,0.6202321,0.14228065,0.7804262,0.8458836,0.9097895,0.876673,16677480.0,0.852391,150.0,rand,0.043567587,0.043567587
139,total,0.5766645,0.30138266,0.52621603,0.43357566,0.8811398,0.4605093,0.6048866,19718656.0,0.6530726,150.0,al,-0.27528188,0.27528188
139,total,0.5766645,0.1082494,0.77583647,0.15473358,0.8478454,0.15915303,0.2679985,20703372.0,0.4986429,160.0,al,-0.46841514,0.46841514
139,total,0.5766645,0.28347066,0.47979337,0.37888154,0.83375055,0.40984485,0.5495486,19143428.0,0.61255175,160.0,rand,-0.29319388,0.29319388
139,total,0.5766645,0.2376987,0.5284569,0.32325396,0.83693796,0.34498087,0.4885739,19569196.0,0.5835142,170.0,al,-0.33896583,0.33896583
139,total,0.5766645,0.16856562,0.6533631,0.21293858,0.776138,0.22687264,0.35111153,19621316.0,0.51642966,170.0,rand,-0.4080989,0.4080989
139,total,0.5766645,0.5545947,0.14724307,0.731857,0.86198765,0.82899654,0.8451698,17646688.0,0.8248476,180.0,rand,-0.022069853,0.022069853
139,total,0.5766645,0.46202987,0.22682351,0.63939106,0.87680346,0.7025029,0.7800343,18645076.0,0.7715236,180.0,al,-0.11463467,0.11463467
139,total,0.5766645,0.5924184,0.115110695,0.7820553,0.866031,0.88968855,0.8776999,17502950.0,0.85702175,190.0,rand,0.015753856,0.015753856
139,total,0.5766645,0.14118487,0.67823213,0.16549519,0.7219756,0.17676015,0.2839909,19544104.0,0.48601422,190.0,al,-0.43547967,0.43547967
139,total,0.5766645,0.4656505,0.27814165,0.5737074,0.8160296,0.6589338,0.7291152,17182364.0,0.7176535,200.0,al,-0.111014046,0.111014046
139,total,0.5766645,0.33059755,0.4606399,0.50952154,0.92631185,0.53104615,0.6750764,20301860.0,0.7052099,200.0,rand,-0.24606699,0.24606699
139,total,0.5766645,0.58813673,0.11365993,0.7743543,0.8643174,0.8815107,0.8728289,17480856.0,0.85187167,210.0,rand,0.011472193,0.011472193
139,total,0.5766645,0.60003996,0.09981882,0.78238374,0.86080784,0.8956996,0.8779067,17291514.0,0.85633296,210.0,al,0.023375398,0.023375398
139,total,0.5766645,0.5278616,0.14551225,0.71659476,0.87349856,0.7995732,0.83490217,18143616.0,0.81764585,220.0,rand,-0.048802912,0.048802912
139,total,0.5766645,0.51815027,0.14603782,0.7170925,0.8824028,0.79286367,0.8352399,18440896.0,0.81961894,220.0,al,-0.05851424,0.05851424
139,total,0.5766645,0.24644141,0.5434388,0.34178653,0.8507751,0.36358294,0.50944954,19670174.0,0.5962258,230.0,al,-0.3302231,0.3302231
139,total,0.5766645,0.4020768,0.29713258,0.5688096,0.8825844,0.6153766,0.7251476,19139192.0,0.73099136,230.0,rand,-0.17458773,0.17458773
139,total,0.5766645,0.3832889,0.34474102,0.5470478,0.88561743,0.5886376,0.7072146,19310598.0,0.71894044,240.0,al,-0.19337565,0.19337565
139,total,0.5766645,0.6271952,0.1422611,0.78932726,0.84672195,0.9209151,0.882261,16649630.0,0.85825944,240.0,rand,0.050530642,0.050530642
139,total,0.5766645,0.51564735,0.13409096,0.6842414,0.86059606,0.7695344,0.8125213,17883694.0,0.7952155,250.0,al,-0.06101721,0.06101721
139,total,0.5766645,0.4324105,0.25964883,0.5960188,0.8714646,0.6534641,0.7468814,18713284.0,0.7445851,250.0,rand,-0.14425404,0.14425404
139,total,0.5766645,0.3598854,0.37861744,0.506712,0.8751821,0.546183,0.6726059,19255716.0,0.6933798,260.0,al,-0.21677916,0.21677916
139,total,0.5766645,0.29145393,0.44913948,0.40928316,0.865039,0.43720073,0.5808383,19539920.0,0.6361188,260.0,rand,-0.2852106,0.2852106
139,total,0.5766645,0.44335106,0.22985098,0.62346023,0.883541,0.6792822,0.76806295,18914170.0,0.7634213,270.0,al,-0.13331348,0.13331348
139,total,0.5766645,0.67840016,0.21837105,0.7816679,0.81166345,0.95485634,0.87745583,15040019.0,0.8461999,270.0,rand,0.101735614,0.101735614
139,total,0.5766645,0.46483868,0.20344827,0.6557616,0.8873747,0.7152949,0.79209614,18877512.0,0.7834682,280.0,rand,-0.11182584,0.11182584
139,total,0.5766645,0.45050395,0.24999122,0.61609733,0.86921144,0.679047,0.7624503,18543292.0,0.7559972,280.0,al,-0.12616059,0.12616059
139,total,0.5766645,1e-06,0.9999975,0.0,0.0,0.0,0.0,21541476.0,0.42333546,290.0,rand,-0.57666355,0.57666355
139,total,0.5766645,0.5606833,0.116004534,0.73361945,0.8584068,0.8346161,0.8463438,17501768.0,0.8252402,290.0,al,-0.015981216,0.015981216
139,total,0.5766645,0.49767402,0.15652733,0.6964872,0.88625604,0.7648567,0.82109284,18661006.0,0.80779386,300.0,rand,-0.078990504,0.078990504
139,total,0.5766645,0.4561946,0.21723722,0.6162026,0.86321545,0.6828812,0.7625309,18366232.0,0.7547286,300.0,al,-0.120469935,0.120469935
139,total,0.5766645,0.54416585,0.1321161,0.7554655,0.8864033,0.83644736,0.86070055,18395996.0,0.8438697,310.0,rand,-0.0324987,0.0324987
139,total,0.5766645,0.5800241,0.1138513,0.74315155,0.8501842,0.8551358,0.8526523,17119732.0,0.82956535,310.0,al,0.003359585,0.003359585
139,total,0.5766645,0.18088964,0.6106942,0.24262273,0.8177001,0.25649688,0.39050066,19863488.0,0.53827214,320.0,rand,-0.3957749,0.3957749
139,total,0.5766645,0.4553704,0.20856188,0.63537323,0.88052595,0.69531685,0.7770371,18773080.0,0.76989526,320.0,al,-0.121294126,0.121294126
139,total,0.5766645,0.27942434,0.47006217,0.38227233,0.8472955,0.41055784,0.55310667,19370248.0,0.61742043,330.0,al,-0.2972402,0.2972402
139,total,0.5766645,0.4830574,0.2001072,0.65209377,0.86590254,0.72534335,0.78941447,18245308.0,0.7768386,330.0,rand,-0.09360711,0.09360711
