,images,gt_confluence,pred_confluence,relative_delta_confluence,iou,precision,recall,f1,true_negative,accuracy,step,method,dAbsConf,dAbsAbsConf
2,total,0.35496256,0.9601442,1.7075641,0.3631873,0.3649218,0.9870821,0.5328498,86683.0,0.3856486,0.0,al,0.60518163,0.60518163
2,total,0.35496256,0.38238138,0.18569127,0.3378255,0.4869304,0.52454156,0.50503623,1103093.0,0.6350423,0.0,rand,0.027418805,0.027418805
2,total,0.35496256,0.9892275,1.7895359,0.35754576,0.35788357,0.9973669,0.52675277,24180.0,0.36386678,1.0,al,0.6342649,0.6342649
2,total,0.35496256,0.66459614,0.8718477,0.4826043,0.49936783,0.9349646,0.65102196,767557.0,0.64419717,1.0,rand,0.30963358,0.30963358
2,total,0.35496256,0.8881268,1.5029306,0.38315287,0.38773,0.97011083,0.5540278,248868.0,0.44561768,2.0,al,0.53316426,0.53316426
2,total,0.35496256,0.9803644,1.764628,0.36004087,0.3605787,0.9958744,0.52945554,44660.0,0.37167034,2.0,rand,0.6254018,0.6254018
2,total,0.35496256,0.67098695,0.8916224,0.5026631,0.51147866,0.9668484,0.66902924,779665.0,0.66044146,3.0,rand,0.31602436,0.31602436
2,total,0.35496256,0.79550517,1.2434429,0.42798838,0.4334499,0.9714016,0.59942794,477621.0,0.53915566,3.0,al,0.44054258,0.44054258
2,total,0.35496256,0.5135565,0.44577873,0.55271447,0.60200584,0.8709747,0.7119327,1082930.0,0.7498087,4.0,al,0.15859394,0.15859394
2,total,0.35496256,0.81302994,1.2930242,0.42145622,0.42594415,0.9756097,0.59299177,438223.0,0.5246183,4.0,rand,0.45806742,0.45806742
2,total,0.35496256,0.49106422,0.38434982,0.5687133,0.6245914,0.8640738,0.7250693,1132187.0,0.76740193,5.0,al,0.13610166,0.13610166
2,total,0.35496256,0.64330095,0.81407243,0.4686026,0.49514413,0.89735156,0.6381607,787080.0,0.6387899,5.0,rand,0.2883384,0.2883384
2,total,0.35496256,0.92312074,1.6029949,0.38111883,0.38205874,0.99358636,0.55189824,183346.0,0.42728963,6.0,rand,0.56815815,0.56815815
2,total,0.35496256,0.7182302,1.0262632,0.47520486,0.4813299,0.97392005,0.64425564,669729.0,0.6182186,6.0,al,0.3632676,0.3632676
2,total,0.35496256,0.81698465,1.304415,0.42636657,0.42879164,0.98690903,0.5978355,438361.0,0.52868533,7.0,rand,0.46202207,0.46202207
2,total,0.35496256,0.8363869,1.3588536,0.41544437,0.41807306,0.985091,0.58701575,389092.0,0.5079923,7.0,al,0.48142433,0.48142433
2,total,0.35496256,0.48424295,0.36342198,0.4928435,0.5721372,0.78051275,0.6602744,1076056.0,0.71490115,8.0,rand,0.12928037,0.12928037
2,total,0.35496256,0.40653908,0.14571495,0.59758383,0.700655,0.80245906,0.748109,1286166.0,0.8081852,8.0,al,0.05157652,0.05157652
2,total,0.35496256,0.516192,0.4575187,0.45967257,0.5314684,0.772868,0.6298292,990869.0,0.6775248,9.0,rand,0.16122943,0.16122943
2,total,0.35496256,0.3701833,0.04331839,0.6044316,0.73796386,0.7696055,0.7534521,1346854.0,0.8212175,9.0,al,0.015220727,0.015220727
2,total,0.35496256,0.40767962,0.15247019,0.44956592,0.5801733,0.66633576,0.6202761,1164615.0,0.7104073,10.0,al,0.052717064,0.052717064
2,total,0.35496256,0.40259743,0.13740487,0.4714499,0.6028879,0.68379194,0.6407959,1192333.0,0.7278821,10.0,rand,0.04763487,0.04763487
2,total,0.35496256,0.6013511,0.6959275,0.52335227,0.54634416,0.92557395,0.6871056,914796.0,0.70077556,11.0,al,0.24638854,0.24638854
2,total,0.35496256,0.60573995,0.7081526,0.52316695,0.5447482,0.9296056,0.68694586,907527.0,0.69924885,11.0,rand,0.25077736,0.25077736
2,total,0.35496256,0.07162332,0.79611784,0.14460291,0.75245285,0.15182564,0.25266886,1541671.0,0.68119997,12.0,al,-0.28333926,0.28333926
2,total,0.35496256,0.28900084,0.18706985,0.5006913,0.7434326,0.6052804,0.6672804,1403018.0,0.7857414,12.0,rand,-0.065961726,0.065961726
2,total,0.35496256,0.29523292,0.16920036,0.524392,0.75759894,0.63011545,0.68800104,1409367.0,0.7971403,13.0,al,-0.059729632,0.059729632
2,total,0.35496256,0.3976845,0.12120471,0.5656489,0.68376327,0.76605654,0.7225739,1276171.0,0.7911967,13.0,rand,0.042721946,0.042721946
