,images,gt_confluence,pred_confluence,relative_delta_confluence,iou,precision,recall,f1,true_negative,accuracy,step,method,dAbsConf,dAbsAbsConf
139,total,0.5766645,0.49351695,0.16488655,0.65727866,0.86002254,0.73601687,0.79320186,18026276.0,0.77868915,0.0,rand,-0.08314759,0.08314759
139,total,0.5766645,0.5120751,0.13253078,0.74030066,0.9044294,0.80312705,0.8507728,19051196.0,0.8375311,0.0,al,-0.06458941,0.06458941
139,total,0.5766645,0.15493698,0.659315,0.20178589,0.79283977,0.2130171,0.33580974,19908238.0,0.5140783,10.0,rand,-0.42172754,0.42172754
139,total,0.5766645,0.38222918,0.328006,0.54153836,0.8812968,0.5841463,0.7025942,19232732.0,0.7148202,10.0,al,-0.19443534,0.19443534
139,total,0.5766645,0.3648468,0.33184585,0.53712887,0.90174544,0.5705189,0.69887245,19717358.0,0.71648574,20.0,al,-0.21181774,0.21181774
139,total,0.5766645,0.27480435,0.49494055,0.37014666,0.8370532,0.39888877,0.5403018,19262924.0,0.60858214,20.0,rand,-0.30186018,0.30186018
139,total,0.5766645,0.22570738,0.5679172,0.31974828,0.86128813,0.337108,0.4845591,19948356.0,0.58642554,30.0,al,-0.35095716,0.35095716
139,total,0.5766645,0.25947946,0.50059456,0.39661157,0.91510093,0.41176277,0.56796217,20420504.0,0.63875496,30.0,rand,-0.31718507,0.31718507
139,total,0.5766645,0.17924838,0.79037595,0.2886568,0.94463253,0.2936246,0.44799602,21036468.0,0.58273387,40.0,al,-0.39741617,0.39741617
139,total,0.5766645,0.2680943,0.48085663,0.39915815,0.89892703,0.41791424,0.57056856,20162644.0,0.6372348,40.0,rand,-0.30857024,0.30857024
139,total,0.5766645,0.6572959,0.53358155,0.5952274,0.7004884,0.798432,0.74625975,11523852.0,0.68689543,50.0,al,0.08063135,0.08063135
139,total,0.5766645,0.546278,0.15762198,0.725642,0.86440235,0.8188524,0.8410106,17772218.0,0.8214647,50.0,rand,-0.030386508,0.030386508
139,total,0.5766645,0.21819793,0.5804663,0.28135645,0.79988897,0.30266005,0.43915367,19319648.0,0.5542052,60.0,al,-0.3584666,0.3584666
139,total,0.5766645,0.27036804,0.5150457,0.4188707,0.92487496,0.4336242,0.5904278,20507932.0,0.6530798,60.0,rand,-0.3062965,0.3062965
139,total,0.5766645,0.16800037,0.6512156,0.24668847,0.8770888,0.2555218,0.39574963,20490748.0,0.55003685,70.0,rand,-0.40866417,0.40866417
139,total,0.5766645,0.9685975,1.3984222,0.5666618,0.5770423,0.969231,0.7233998,695097.0,0.57258123,70.0,al,0.39193293,0.39193293
139,total,0.5766645,0.14675929,0.7272188,0.22433987,0.9032211,0.22986531,0.36646634,20818748.0,0.54168755,80.0,al,-0.42990524,0.42990524
139,total,0.5766645,0.3109681,0.419756,0.4326487,0.8620134,0.46484187,0.6039839,19358032.0,0.648484,80.0,rand,-0.2656964,0.2656964
139,total,0.5766645,0.4313155,0.29705843,0.58413875,0.8617479,0.64454174,0.73748386,18507190.0,0.7353897,90.0,rand,-0.14534904,0.14534904
139,total,0.5766645,0.29104593,0.5385874,0.42517492,0.8894341,0.448901,0.59666306,19904012.0,0.65002114,90.0,al,-0.2856186,0.2856186
139,total,0.5766645,0.5074471,0.2000831,0.73487633,0.90496004,0.7963356,0.8471796,19087406.0,0.8343263,100.0,rand,-0.06921739,0.06921739
139,total,0.5766645,0.6507379,0.26114854,0.7344211,0.79867816,0.901268,0.846877,14875141.0,0.8120572,100.0,al,0.07407332,0.07407332
139,total,0.5766645,0.20831253,0.58364505,0.30943087,0.89048004,0.32167274,0.4726185,20380568.0,0.58601844,110.0,rand,-0.368352,0.368352
139,total,0.5766645,0.024370383,0.9284818,0.04034841,0.95653766,0.040422518,0.07756703,21487580.0,0.44558656,110.0,al,-0.55229414,0.55229414
139,total,0.5766645,0.35018814,0.36627942,0.52238274,0.90818644,0.5515082,0.68626946,19905420.0,0.70921874,120.0,al,-0.22647639,0.22647639
139,total,0.5766645,0.3191247,0.41041103,0.4474007,0.86766917,0.48016444,0.61821216,19392602.0,0.65799934,120.0,rand,-0.25753984,0.25753984
139,total,0.5766645,0.05873597,0.8611222,0.07830381,0.7855826,0.080013886,0.14523499,20900640.0,0.45688283,130.0,al,-0.51792854,0.51792854
139,total,0.5766645,0.6605499,0.15918817,0.7931133,0.82845163,0.94896215,0.884621,15775373.0,0.8572522,130.0,rand,0.083885364,0.083885364
139,total,0.5766645,0.44628897,0.22437343,0.6258332,0.88231343,0.68283355,0.76986104,18868884.0,0.76457924,140.0,rand,-0.13037556,0.13037556
139,total,0.5766645,0.14493102,0.67731124,0.18757339,0.78640395,0.1976427,0.31589323,19966252.0,0.50635254,140.0,al,-0.43173352,0.43173352
139,total,0.5766645,0.18332271,0.6163136,0.22747079,0.7682566,0.24422884,0.37063295,19379692.0,0.52168995,150.0,al,-0.39334184,0.39334184
139,total,0.5766645,0.2956379,0.46349522,0.43205068,0.8901931,0.4563727,0.60340095,19889594.0,0.6540465,150.0,rand,-0.28102663,0.28102663
139,total,0.5766645,0.2657775,0.5622931,0.37992084,0.8726938,0.40221217,0.55064106,19819778.0,0.62144196,160.0,al,-0.31088704,0.31088704
139,total,0.5766645,0.13124211,0.69121975,0.1673057,0.7730927,0.17594554,0.28665245,20026140.0,0.49501744,160.0,rand,-0.4454224,0.4454224
139,total,0.5766645,0.15951818,0.66024595,0.20594558,0.7881381,0.21801509,0.34155002,19821782.0,0.5152614,170.0,al,-0.41714635,0.41714635
139,total,0.5766645,0.339808,0.37794966,0.4789167,0.8733794,0.51465005,0.64765835,19352064.0,0.67708933,170.0,rand,-0.23685655,0.23685655
139,total,0.5766645,0.36308694,0.345882,0.49776065,0.860164,0.54158604,0.6646727,18957912.0,0.68487644,180.0,rand,-0.21357758,0.21357758
139,total,0.5766645,0.088172376,0.7770399,0.1075254,0.7320559,0.11193054,0.19417211,20339316.0,0.46425685,180.0,al,-0.48849216,0.48849216
139,total,0.5766645,0.54877156,0.10874816,0.76081485,0.8861249,0.84326196,0.86416173,18361598.0,0.84712344,190.0,rand,-0.02789295,0.02789295
139,total,0.5766645,0.35641515,0.35801116,0.499964,0.87261206,0.5393279,0.6666342,19231146.0,0.6889439,190.0,al,-0.22024938,0.22024938
139,total,0.5766645,0.21734643,0.5703335,0.30717903,0.8584835,0.32356325,0.4699873,19976352.0,0.5791649,200.0,rand,-0.3593181,0.3593181
139,total,0.5766645,0.21683182,0.6465356,0.34415504,0.93697536,0.35231078,0.512076,20846096.0,0.61283493,200.0,al,-0.35983273,0.35983273
139,total,0.5766645,0.32819486,0.47145742,0.5051073,0.92526543,0.5265911,0.6711906,20293396.0,0.7024745,210.0,al,-0.24846967,0.24846967
139,total,0.5766645,1.000001,1.4803905,0.5766645,0.5766645,1.0,0.7314989,0.0,0.5766645,210.0,rand,0.42333648,0.42333648
139,total,0.5766645,0.14572062,0.66775984,0.19076073,0.79417217,0.20068248,0.32040113,20015272.0,0.5090688,220.0,al,-0.4309439,0.4309439
139,total,0.5766645,0.2808482,0.47608992,0.3962743,0.86655295,0.4220287,0.5676162,19634392.0,0.6292262,220.0,rand,-0.29581633,0.29581633
139,total,0.5766645,0.2439861,0.53569216,0.33182982,0.838033,0.35456935,0.4983062,19530622.0,0.5882855,230.0,al,-0.33267844,0.33267844
139,total,0.5766645,0.52275676,0.12082261,0.7395184,0.89409757,0.8105139,0.850256,18724420.0,0.835369,230.0,rand,-0.053907804,0.053907804
139,total,0.5766645,0.536344,0.11445655,0.70199215,0.8559141,0.7960669,0.82490593,17609100.0,0.8051196,240.0,al,-0.040320512,0.040320512
139,total,0.5766645,0.25742996,0.5046251,0.35523167,0.84928894,0.37913132,0.52423716,19567266.0,0.6031696,240.0,rand,-0.31923455,0.31923455
139,total,0.5766645,0.50431734,0.220416,0.6384812,0.83525985,0.7304684,0.77935684,17313880.0,0.7614895,250.0,al,-0.072347164,0.072347164
139,total,0.5766645,0.6056384,0.09229469,0.79111284,0.86224604,0.90556705,0.8833753,17296184.0,0.86211497,250.0,rand,0.02897383,0.02897383
139,total,0.5766645,0.2841803,0.47772378,0.40784276,0.8775473,0.4324538,0.57938635,19770748.0,0.6379177,260.0,al,-0.29248422,0.29248422
139,total,0.5766645,0.41749728,0.34880456,0.60851556,0.90084577,0.6521985,0.75661707,19435008.0,0.7580387,260.0,rand,-0.15916726,0.15916726
139,total,0.5766645,0.2489744,0.5055349,0.33734575,0.83650446,0.36115858,0.50450003,19470144.0,0.5908968,270.0,al,-0.32769015,0.32769015
139,total,0.5766645,0.5040687,0.18003848,0.6849425,0.87156194,0.76184016,0.81301534,18247100.0,0.7979202,270.0,rand,-0.072595865,0.072595865
139,total,0.5766645,0.48032615,0.18079713,0.6688781,0.88197803,0.734632,0.8015896,18656854.0,0.7902828,280.0,al,-0.096338384,0.096338384
139,total,0.5766645,0.5591062,0.11209931,0.79030985,0.8967388,0.8694333,0.8828744,18603680.0,0.8669729,280.0,rand,-0.017558338,0.017558338
139,total,0.5766645,0.32009366,0.4152049,0.44528222,0.8631412,0.479109,0.6161868,19312326.0,0.65581316,290.0,rand,-0.25657088,0.25657088
139,total,0.5766645,1e-06,0.9999975,0.0,0.0,0.0,0.0,21541476.0,0.42333546,290.0,al,-0.57666355,0.57666355
139,total,0.5766645,0.16667971,0.6449774,0.2091326,0.7713599,0.22295332,0.34592134,19602272.0,0.5137953,300.0,rand,-0.40998483,0.40998483
139,total,0.5766645,0.25949457,0.49965963,0.34835216,0.8324861,0.37461084,0.51670754,19329562.0,0.5958915,300.0,al,-0.31716996,0.31716996
139,total,0.5766645,0.4609043,0.20030689,0.6445696,0.8823162,0.7051976,0.7838758,18781424.0,0.775757,310.0,rand,-0.11576023,0.11576023
139,total,0.5766645,0.523978,0.114452,0.7131394,0.8744106,0.7945192,0.8325522,18192932.0,0.8157006,310.0,al,-0.052686565,0.052686565
139,total,0.5766645,0.3975451,0.39288574,0.5982288,0.9172654,0.6323494,0.74861425,19867832.0,0.7550983,320.0,rand,-0.17911944,0.17911944
139,total,0.5766645,0.1535987,0.6867023,0.23288514,0.8980764,0.23920748,0.3777885,20744858.0,0.5456227,320.0,al,-0.42306584,0.42306584
139,total,0.5766645,0.6212991,0.13579053,0.7988817,0.85629445,0.9225712,0.88819766,16998250.0,0.86606556,330.0,al,0.04463454,0.04463454
139,total,0.5766645,0.49947184,0.20000257,0.70375913,0.88996434,0.7708316,0.82612467,18744850.0,0.81288713,330.0,rand,-0.07719269,0.07719269
