,images,gt_confluence,pred_confluence,relative_delta_confluence,iou,precision,recall,f1,true_negative,accuracy,step,method,dAbsConf,dAbsAbsConf
139,total,0.5766645,0.42253703,0.29138586,0.64115506,0.92385197,0.67692864,0.7813456,19904232.0,0.7815209,0.0,rand,-0.15412751,0.15412751
139,total,0.5766645,0.31324136,0.44953308,0.42898118,0.85285974,0.46326777,0.600401,19196168.0,0.6443953,0.0,al,-0.26342317,0.26342317
139,total,0.5766645,0.17754339,0.61992353,0.2508678,0.85196537,0.2623015,0.40110967,20204092.0,0.548313,10.0,al,-0.39912114,0.39912114
139,total,0.5766645,0.23559451,0.5267193,0.33508506,0.8653202,0.3535224,0.5019677,19926908.0,0.5954696,10.0,rand,-0.34107003,0.34107003
139,total,0.5766645,0.27869976,0.51549166,0.4232172,0.9126573,0.44108215,0.5947327,20302816.0,0.6533496,20.0,al,-0.29796478,0.29796478
139,total,0.5766645,0.288404,0.4541486,0.3998685,0.85680145,0.4285058,0.57129395,19439976.0,0.6291407,20.0,rand,-0.28826055,0.28826055
139,total,0.5766645,0.06706813,0.8394135,0.10127358,0.8826654,0.10265559,0.18392067,21141046.0,0.474664,30.0,al,-0.5095964,0.5095964
139,total,0.5766645,0.23568076,0.53367656,0.3522481,0.89786315,0.36695194,0.5209811,20316590.0,0.61087203,30.0,rand,-0.34098378,0.34098378
139,total,0.5766645,0.34903595,0.394699,0.5222012,0.9098439,0.5506968,0.68611276,19940242.0,0.70943516,40.0,rand,-0.22762859,0.22762859
139,total,0.5766645,0.10434573,0.748049,0.13633522,0.7830403,0.14168745,0.23995572,20389508.0,0.48240298,40.0,al,-0.4723188,0.4723188
139,total,0.5766645,0.4955719,0.30825457,0.5648295,0.78097063,0.67114645,0.721905,16018172.0,0.7018172,50.0,al,-0.08109261,0.08109261
139,total,0.5766645,0.31110278,0.43223456,0.4278571,0.8550867,0.46130633,0.59929913,19247432.0,0.6442717,50.0,rand,-0.26556173,0.26556173
139,total,0.5766645,0.52808243,0.12856679,0.7017683,0.8626901,0.7900098,0.8247514,17851756.0,0.8063953,60.0,rand,-0.048582084,0.048582084
139,total,0.5766645,0.51452935,0.13349411,0.65076345,0.83604664,0.74596184,0.78843886,17248876.0,0.76914656,60.0,al,-0.06213516,0.06213516
139,total,0.5766645,0.12395052,0.7173526,0.15489185,0.75809085,0.16294567,0.26823583,20015710.0,0.48731595,70.0,al,-0.45271403,0.45271403
139,total,0.5766645,0.27508318,0.49336585,0.3714543,0.83863324,0.40004724,0.5416936,19282730.0,0.6096394,70.0,rand,-0.30158135,0.30158135
139,total,0.5766645,0.3908705,0.34820852,0.50563204,0.8312855,0.56345433,0.6716537,18185838.0,0.6823142,80.0,al,-0.18579403,0.18579403
139,total,0.5766645,0.20138276,0.5918389,0.26584068,0.81138635,0.2833509,0.42002195,19608688.0,0.5487505,80.0,rand,-0.37528178,0.37528178
139,total,0.5766645,0.19305286,0.653125,0.27737433,0.8657746,0.28983817,0.43428788,20222916.0,0.5645624,90.0,rand,-0.38361168,0.38361168
139,total,0.5766645,0.23350438,0.56428283,0.3302061,0.86128724,0.348753,0.4964732,19893312.0,0.5920591,90.0,al,-0.34316015,0.34316015
139,total,0.5766645,0.20485991,0.59215826,0.27686065,0.82718927,0.2938573,0.43365797,19740050.0,0.55739075,100.0,al,-0.37180462,0.37180462
139,total,0.5766645,0.40581322,0.32388848,0.5796924,0.88842803,0.6252074,0.7339303,19237536.0,0.73859316,100.0,rand,-0.17085132,0.17085132
139,total,0.5766645,0.2584771,0.5924774,0.38534212,0.89872885,0.4028337,0.55631286,20209498.0,0.6294592,110.0,al,-0.31818745,0.31818745
139,total,0.5766645,0.42633006,0.2690579,0.6331643,0.9120943,0.6743129,0.77538294,19634468.0,0.774711,110.0,rand,-0.15033446,0.15033446
139,total,0.5766645,0.34885612,0.41629186,0.49673983,0.8804875,0.53265387,0.663762,19419946.0,0.6888055,120.0,al,-0.2278084,0.2278084
139,total,0.5766645,0.045948874,0.8925689,0.07247517,0.91570246,0.07296197,0.13515483,21344384.0,0.46153677,120.0,rand,-0.53071564,0.53071564
139,total,0.5766645,0.20179373,0.6345811,0.27544957,0.833121,0.29153475,0.43192506,19827920.0,0.55777824,130.0,al,-0.3748708,0.3748708
139,total,0.5766645,0.2782022,0.46599415,0.40299213,0.88263315,0.42581013,0.5744748,19879996.0,0.63623345,130.0,rand,-0.29846233,0.29846233
139,total,0.5766645,0.18415345,0.6374778,0.21937735,0.74328667,0.2373617,0.35981828,19135912.0,0.51293916,140.0,al,-0.39251107,0.39251107
139,total,0.5766645,0.56392103,0.13748087,0.7205003,0.8470116,0.82829237,0.8375469,17151452.0,0.81470907,140.0,rand,-0.012743492,0.012743492
139,total,0.5766645,0.4087976,0.35460404,0.6074013,0.9109271,0.6457548,0.7557551,19688612.0,0.75930667,150.0,al,-0.16786696,0.16786696
139,total,0.5766645,0.6352512,0.15319246,0.76131845,0.8246235,0.90840036,0.8644865,15872469.0,0.8357698,150.0,rand,0.058586694,0.058586694
139,total,0.5766645,0.4975554,0.22351292,0.6426625,0.8446696,0.72879297,0.78246397,17608802.0,0.7663192,160.0,al,-0.07910912,0.07910912
139,total,0.5766645,0.28675112,0.46431974,0.39758053,0.8565724,0.4259361,0.568955,19448680.0,0.62782985,160.0,rand,-0.28991342,0.28991342
139,total,0.5766645,0.38848478,0.31735814,0.5206989,0.8506768,0.57307863,0.68481475,18589648.0,0.69579995,170.0,rand,-0.18817975,0.18817975
139,total,0.5766645,0.095524326,0.75762,0.10965029,0.6953523,0.11518372,0.19763012,20060670.0,0.46065688,170.0,al,-0.4811402,0.4811402
139,total,0.5766645,0.107576475,0.7339861,0.12653683,0.7144416,0.13327748,0.22464721,19978332.0,0.4694728,180.0,al,-0.46908805,0.46908805
139,total,0.5766645,0.33268622,0.3925621,0.48941734,0.89817387,0.5181681,0.6571926,19817688.0,0.6882686,180.0,rand,-0.24397832,0.24397832
139,total,0.5766645,0.3591528,0.39482823,0.49743858,0.8655716,0.5390857,0.6643855,19084732.0,0.6859269,190.0,al,-0.21751174,0.21751174
139,total,0.5766645,0.3759553,0.3318917,0.5177179,0.86434317,0.56350535,0.68223155,18946296.0,0.6972882,190.0,rand,-0.20070922,0.20070922
139,total,0.5766645,0.6259456,0.11424602,0.8041007,0.85632426,0.9295033,0.8914139,16965220.0,0.869414,200.0,rand,0.049281124,0.049281124
139,total,0.5766645,0.44005895,0.27974296,0.6126343,0.877724,0.66979915,0.7597927,18803422.0,0.75577635,200.0,al,-0.13660558,0.13660558
139,total,0.5766645,0.18551898,0.61983395,0.24227156,0.80123305,0.25776362,0.39004567,19665096.0,0.53510374,210.0,al,-0.39114556,0.39114556
139,total,0.5766645,0.47702578,0.18376502,0.6487893,0.86918086,0.71899825,0.7869882,18366042.0,0.7755523,210.0,rand,-0.09963876,0.09963876
139,total,0.5766645,0.5735781,0.12350994,0.7299374,0.84616,0.84162974,0.8438883,17051420.0,0.8204344,220.0,rand,-0.0030864251,0.0030864251
139,total,0.5766645,0.33114028,0.4256569,0.45955846,0.86317843,0.49566475,0.6297221,19236024.0,0.66386074,220.0,al,-0.24552426,0.24552426
139,total,0.5766645,0.16522665,0.65373796,0.22276476,0.81802344,0.23437968,0.36436206,20011504.0,0.5284267,230.0,al,-0.4114379,0.4114379
139,total,0.5766645,0.46878064,0.21230765,0.6289529,0.8610765,0.6999826,0.772217,18227608.0,0.76186603,230.0,rand,-0.1078839,0.1078839
139,total,0.5766645,0.4480108,0.24820538,0.626592,0.8810581,0.6844927,0.77043486,18829954.0,0.764771,240.0,al,-0.12865373,0.12865373
139,total,0.5766645,0.3622707,0.34494755,0.5213729,0.88821054,0.5579878,0.68539745,19480734.0,0.70460933,240.0,rand,-0.21439382,0.21439382
139,total,0.5766645,0.50957805,0.1505452,0.6973779,0.8758026,0.7739142,0.82171154,18321052.0,0.80633616,250.0,rand,-0.06708651,0.06708651
139,total,0.5766645,0.32611477,0.42760837,0.4717395,0.8873261,0.5017983,0.6410634,19671728.0,0.67596024,250.0,al,-0.25054976,0.25054976
139,total,0.5766645,0.32102057,0.41646808,0.4167498,0.82257265,0.45791256,0.5883177,18643180.0,0.63043976,260.0,rand,-0.25564396,0.25564396
139,total,0.5766645,0.17010055,0.6413191,0.234784,0.83475256,0.24622814,0.38028318,20111172.0,0.537218,260.0,al,-0.406564,0.406564
139,total,0.5766645,0.6085804,0.13545194,0.7151143,0.8120315,0.8569725,0.83389646,15720537.0,0.80312735,270.0,al,0.03191585,0.03191585
139,total,0.5766645,0.52456313,0.12999645,0.6912981,0.8580745,0.78054637,0.81747586,17753142.0,0.7990001,270.0,rand,-0.05210138,0.05210138
139,total,0.5766645,0.4000429,0.30907148,0.56738967,0.8838184,0.61311966,0.72399265,19176462.0,0.7304223,280.0,al,-0.17662166,0.17662166
139,total,0.5766645,0.38047472,0.30989668,0.531671,0.87322766,0.5761412,0.69423604,19087106.0,0.7073421,280.0,rand,-0.1961898,0.1961898
139,total,0.5766645,0.4719677,0.23745635,0.6644423,0.8869517,0.7259188,0.7983958,18826498.0,0.78859204,290.0,al,-0.10469684,0.10469684
139,total,0.5766645,0.42447013,0.299241,0.6093911,0.8930596,0.6573601,0.75729346,19231652.0,0.7570188,290.0,rand,-0.1521944,0.1521944
139,total,0.5766645,0.40494034,0.30556995,0.5495393,0.85969114,0.60368335,0.7092933,18650358.0,0.7146417,300.0,rand,-0.17172419,0.17172419
139,total,0.5766645,1e-06,0.9999975,0.0,0.0,0.0,0.0,21541476.0,0.42333546,300.0,al,-0.57666355,0.57666355
139,total,0.5766645,0.46060196,0.19534662,0.6363434,0.8757541,0.69949365,0.7777622,18629434.0,0.7694809,310.0,al,-0.116062574,0.116062574
139,total,0.5766645,1.000001,1.4803905,0.5766645,0.5766645,1.0,0.7314989,0.0,0.5766645,310.0,rand,0.42333648,0.42333648
139,total,0.5766645,0.3904426,0.30338636,0.5664601,0.8957112,0.6064582,0.72323537,19469500.0,0.7323397,320.0,rand,-0.18622193,0.18622193
139,total,0.5766645,0.37179196,0.3976822,0.5584952,0.9141809,0.5893967,0.7167104,19917896.0,0.7313129,320.0,al,-0.20487258,0.20487258
139,total,0.5766645,0.51540786,0.15958193,0.70771056,0.87809646,0.7848185,0.82884085,18344368.0,0.8130825,330.0,al,-0.06125665,0.06125665
139,total,0.5766645,0.5076671,0.16024774,0.7174416,0.8922532,0.7854944,0.83547664,18758092.0,0.8216028,330.0,rand,-0.06899738,0.06899738
