,images,gt_confluence,pred_confluence,relative_delta_confluence,iou,precision,recall,f1,true_negative,accuracy,step,method,dAbsConf,dAbsAbsConf
2,total,0.35496256,0.34132668,0.058836296,0.40380764,0.58679587,0.56425244,0.5753029,1238631.0,0.7042887,0.0,al,-0.013635881,0.013635881
2,total,0.35496256,0.5305719,0.49624604,0.5920774,0.6206916,0.92776227,0.7437792,1090652.0,0.7731083,0.0,rand,0.17560932,0.17560932
2,total,0.35496256,0.6658909,0.8767673,0.45372817,0.47849026,0.8976209,0.6242265,731798.0,0.6163912,1.0,al,0.31092831,0.31092831
2,total,0.35496256,0.7092035,0.9999843,0.48082978,0.48721984,0.97344774,0.6494054,691501.0,0.62691,1.0,rand,0.3542409,0.3542409
2,total,0.35496256,0.14505878,0.5909416,0.29824784,0.7918927,0.32361215,0.4594617,1511055.0,0.72972006,2.0,al,-0.20990379,0.20990379
2,total,0.35496256,0.3534503,0.005599984,0.534623,0.69823986,0.69526315,0.69674784,1323124.0,0.78517294,2.0,rand,-0.001512265,0.001512265
2,total,0.35496256,0.3916697,0.10383403,0.6213703,0.73055947,0.80610555,0.766475,1325890.0,0.8256433,3.0,rand,0.036707137,0.036707137
2,total,0.35496256,0.6230259,0.75566703,0.53191555,0.54504925,0.9566622,0.69444454,888648.0,0.70117104,3.0,al,0.26806334,0.26806334
2,total,0.35496256,0.34647357,0.051061228,0.467175,0.64463866,0.6292202,0.6368356,1282657.0,0.74526405,4.0,al,-0.00848899,0.00848899
2,total,0.35496256,0.12973814,0.63303405,0.2836697,0.825597,0.30175182,0.44196644,1529637.0,0.7295215,4.0,rand,-0.22522442,0.22522442
2,total,0.35496256,0.7537042,1.1263522,0.4418799,0.4507912,0.9571792,0.6129215,567944.0,0.5708598,5.0,al,0.39874163,0.39874163
2,total,0.35496256,0.7068402,0.9932011,0.47059828,0.4807055,0.95723194,0.64000887,683163.0,0.61776125,5.0,rand,0.35187763,0.35187763
2,total,0.35496256,0.79633236,1.2456087,0.43069226,0.43522438,0.9763927,0.6020749,479942.0,0.5418717,6.0,rand,0.4413698,0.4413698
2,total,0.35496256,0.8331565,1.3503538,0.41547948,0.418581,0.9824785,0.5870508,394752.0,0.50936806,6.0,al,0.47819394,0.47819394
2,total,0.35496256,0.60897523,0.71734685,0.5442855,0.5578903,0.95711726,0.70490223,923576.0,0.7155448,7.0,rand,0.25401264,0.25401264
2,total,0.35496256,0.9077199,1.5579451,0.3434497,0.35561836,0.90939593,0.51129484,147751.0,0.38292155,7.0,al,0.5527573,0.5527573
2,total,0.35496256,0.424907,0.1954654,0.50737643,0.6177846,0.7395157,0.6731909,1186116.0,0.74513227,8.0,rand,0.06994444,0.06994444
2,total,0.35496256,0.18110086,0.48876813,0.3789849,0.8135039,0.415045,0.54965734,1502240.0,0.75858843,8.0,al,-0.17386171,0.17386171
2,total,0.35496256,0.6185622,0.74599093,0.49018392,0.51770586,0.9021592,0.65788335,852072.0,0.6669417,9.0,rand,0.26359963,0.26359963
2,total,0.35496256,0.59473246,0.6753849,0.49824816,0.531037,0.88974,0.6651072,899802.0,0.68195474,9.0,al,0.23976988,0.23976988
2,total,0.35496256,0.5900364,0.6629604,0.54053575,0.56196004,0.93411636,0.7017499,950055.0,0.7181547,10.0,al,0.23507383,0.23507383
2,total,0.35496256,0.37914774,0.12293589,0.46584946,0.6153322,0.65725577,0.6356029,1226814.0,0.7324931,10.0,rand,0.024185164,0.024185164
2,total,0.35496256,0.5378017,0.5173406,0.565497,0.59964335,0.90851444,0.72244996,1056093.0,0.75221395,11.0,al,0.18283914,0.18283914
2,total,0.35496256,0.38194966,0.07581733,0.5852672,0.7122983,0.7664509,0.7383825,1315185.0,0.8072115,11.0,rand,0.026987083,0.026987083
2,total,0.35496256,0.12740415,0.6393002,0.27316526,0.8123383,0.29156446,0.42911163,1526486.0,0.7246232,12.0,al,-0.2275584,0.2275584
2,total,0.35496256,0.014032982,0.9599694,0.028978715,0.7405829,0.029275892,0.056325126,1576298.0,0.6517891,12.0,rand,-0.34092957,0.34092957
2,total,0.35496256,0.37962583,0.07129266,0.6001507,0.72575206,0.7761762,0.7501172,1329380.0,0.8164396,13.0,al,0.024663271,0.024663271
2,total,0.35496256,0.29565245,0.16801544,0.5244884,0.7571034,0.63059807,0.688084,1408757.0,0.7970634,13.0,rand,-0.059310116,0.059310116
