,images,gt_confluence,pred_confluence,relative_delta_confluence,iou,precision,recall,f1,true_negative,accuracy,step,method,dAbsConf,dAbsAbsConf
139,total,0.5766645,0.5945924,0.11052669,0.7663628,0.8546488,0.88121736,0.86772925,17143752.0,0.8450777,0.0,rand,0.017927833,0.017927833
139,total,0.5766645,0.52121085,0.12588333,0.71451855,0.8778319,0.79341555,0.83349127,18301356.0,0.8171949,0.0,al,-0.0554537,0.0554537
139,total,0.5766645,0.5560226,0.1074374,0.7469008,0.8709889,0.83980995,0.8551148,17891336.0,0.8358911,10.0,al,-0.02064197,0.02064197
139,total,0.5766645,0.30090764,0.4289226,0.43312415,0.88141245,0.45992574,0.60444707,19725702.0,0.6528745,10.0,rand,-0.2757569,0.2757569
139,total,0.5766645,0.44326264,0.24688776,0.61334956,0.87475854,0.67239594,0.7603426,18716602.0,0.7555676,20.0,al,-0.13340192,0.13340192
139,total,0.5766645,0.20739055,0.5810655,0.2788683,0.8243895,0.29648045,0.43611687,19688252.0,0.55788547,20.0,rand,-0.369274,0.369274
139,total,0.5766645,0.17386301,0.6338747,0.22530569,0.79375976,0.23931533,0.3677539,19716872.0,0.5254828,30.0,al,-0.4028015,0.4028015
139,total,0.5766645,0.48195392,0.2397904,0.6382744,0.85576636,0.71521497,0.7792028,18004256.0,0.76626074,30.0,rand,-0.09471062,0.09471062
139,total,0.5766645,0.3719912,0.34138077,0.55429655,0.90946287,0.5866691,0.7132438,19827720.0,0.7279678,40.0,rand,-0.20467335,0.20467335
139,total,0.5766645,0.14834586,0.65760237,0.21848577,0.8763424,0.22543591,0.35861817,20608040.0,0.5349924,40.0,al,-0.42831868,0.42831868
139,total,0.5766645,0.1545237,0.6795253,0.23049879,0.8863878,0.23751597,0.37464252,20648154.0,0.54274684,50.0,rand,-0.42214084,0.42214084
139,total,0.5766645,0.053695813,0.85741085,0.05994779,0.66396403,0.061823506,0.11311445,20623336.0,0.4409435,50.0,al,-0.5229687,0.5229687
139,total,0.5766645,0.23866723,0.5641374,0.36543423,0.91428435,0.37839815,0.5352641,20500496.0,0.62108684,60.0,rand,-0.3379973,0.3379973
139,total,0.5766645,0.09914749,0.7608203,0.12344098,0.7489573,0.12876894,0.21975492,20274944.0,0.47270194,60.0,al,-0.47751704,0.47751704
139,total,0.5766645,0.37697503,0.3213394,0.52702105,0.8730825,0.5707468,0.6902599,19106898.0,0.7046203,70.0,rand,-0.1996895,0.1996895
139,total,0.5766645,0.283546,0.46183077,0.41149095,0.88443196,0.43487376,0.5830581,19874036.0,0.641343,70.0,al,-0.2931185,0.2931185
139,total,0.5766645,0.14042842,0.7269915,0.21146098,0.89134073,0.2170563,0.34910044,20765032.0,0.5332454,80.0,al,-0.4362361,0.4362361
139,total,0.5766645,0.30497468,0.44653004,0.45799977,0.90810454,0.48025838,0.6282572,20115384.0,0.6722577,80.0,rand,-0.27168986,0.27168986
139,total,0.5766645,0.34699714,0.38948345,0.48498577,0.86934966,0.5231135,0.65318525,19234592.0,0.6796613,90.0,rand,-0.22966738,0.22966738
139,total,0.5766645,0.48814064,0.16494593,0.67443234,0.8786106,0.7437334,0.8055648,18526280.0,0.7929652,90.0,al,-0.08852388,0.08852388
139,total,0.5766645,0.4412676,0.26534015,0.6033553,0.86808187,0.6642606,0.75261533,18579400.0,0.74818,100.0,rand,-0.13539691,0.13539691
139,total,0.5766645,0.55663055,0.16437489,0.68423164,0.8271375,0.79840034,0.81251436,16645289.0,0.7875242,100.0,al,-0.020033972,0.020033972
139,total,0.5766645,0.14916237,0.6776592,0.22262911,0.8860604,0.22919042,0.36418062,20676664.0,0.5385061,110.0,al,-0.42750216,0.42750216
139,total,0.5766645,0.42636538,0.24178277,0.5925038,0.8752723,0.6471439,0.74411553,18835432.0,0.74334097,110.0,rand,-0.15029915,0.15029915
139,total,0.5766645,0.117723845,0.7421467,0.16135746,0.8195288,0.16730222,0.27787706,20460392.0,0.49856713,120.0,al,-0.45894068,0.45894068
139,total,0.5766645,0.33566758,0.36973417,0.486455,0.88947815,0.51775,0.65451646,19653716.0,0.6848051,120.0,rand,-0.24099696,0.24099696
139,total,0.5766645,0.17318921,0.64682287,0.1951132,0.70686305,0.2122904,0.326518,18958148.0,0.49498793,130.0,al,-0.4034753,0.4034753
139,total,0.5766645,0.46897712,0.23325749,0.6218459,0.85487956,0.69523627,0.7668367,18078336.0,0.75619555,130.0,rand,-0.10768741,0.10768741
139,total,0.5766645,0.34423488,0.3855836,0.47220132,0.8580609,0.5122105,0.6414897,19055216.0,0.66984886,140.0,al,-0.23242964,0.23242964
139,total,0.5766645,0.22580387,0.5850015,0.3448893,0.91136247,0.35685956,0.5128884,20523030.0,0.6091091,140.0,rand,-0.35086066,0.35086066
139,total,0.5766645,0.42044798,0.259946,0.5853025,0.87558985,0.6383939,0.7384106,18879784.0,0.7391667,150.0,rand,-0.15621656,0.15621656
139,total,0.5766645,0.3662624,0.39350215,0.4222212,0.764292,0.48543072,0.5937485,17148526.0,0.61693543,150.0,al,-0.21040212,0.21040212
139,total,0.5766645,0.41187114,0.2827786,0.5847155,0.8855741,0.6325021,0.73794335,19143332.0,0.7409484,160.0,al,-0.1647934,0.1647934
139,total,0.5766645,0.3628275,0.38601777,0.55595917,0.92520577,0.5821221,0.71461874,20160590.0,0.73188734,160.0,rand,-0.21383703,0.21383703
139,total,0.5766645,1e-06,0.9999975,0.0,0.0,0.0,0.0,21541476.0,0.42333546,170.0,rand,-0.57666355,0.57666355
139,total,0.5766645,0.10325488,0.7463566,0.12122523,0.7119518,0.12747756,0.21623681,20028046.0,0.46710515,170.0,al,-0.47340965,0.47340965
139,total,0.5766645,0.22852077,0.55709845,0.3007551,0.8146837,0.32284164,0.46243116,19386570.0,0.56715834,180.0,al,-0.34814376,0.34814376
139,total,0.5766645,0.58724403,0.19037169,0.719208,0.8291378,0.8443477,0.83667314,16435784.0,0.8099032,180.0,rand,0.010579475,0.010579475
139,total,0.5766645,0.17951591,0.66083384,0.25207996,0.8480679,0.2640024,0.4026576,20153632.0,0.54830223,190.0,rand,-0.3971486,0.3971486
139,total,0.5766645,0.42916986,0.2684305,0.5890036,0.8687422,0.6465407,0.74134916,18675028.0,0.7398408,190.0,al,-0.14749467,0.14749467
139,total,0.5766645,0.68636376,0.22784577,0.75545204,0.791912,0.94255656,0.8606918,14273868.0,0.82405055,200.0,al,0.109699234,0.109699234
139,total,0.5766645,0.29278925,0.48409027,0.44408223,0.9131956,0.46365425,0.61503685,20248216.0,0.6652931,200.0,rand,-0.28387526,0.28387526
139,total,0.5766645,0.43589473,0.3051636,0.599966,0.87107444,0.6584346,0.74997294,18681842.0,0.7468335,210.0,al,-0.1407698,0.1407698
139,total,0.5766645,0.4915907,0.17430428,0.6753392,0.8759737,0.74674207,0.8062114,18439008.0,0.7929851,210.0,rand,-0.085073814,0.085073814
139,total,0.5766645,0.5424169,0.11170989,0.7249748,0.86709976,0.8156019,0.8405623,17873310.0,0.82157695,220.0,rand,-0.034247655,0.034247655
139,total,0.5766645,0.46749738,0.21494284,0.6402876,0.87185496,0.70680445,0.7807011,18493084.0,0.7710172,220.0,al,-0.10916714,0.10916714
139,total,0.5766645,0.41319358,0.3069726,0.5917011,0.8905552,0.63810205,0.7434822,19240360.0,0.7460845,230.0,rand,-0.16347095,0.16347095
139,total,0.5766645,0.19411573,0.5998241,0.25486153,0.8064548,0.27146587,0.40619826,19629724.0,0.54231024,230.0,al,-0.3825488,0.3825488
139,total,0.5766645,0.2406957,0.52931094,0.32388964,0.8307909,0.3467648,0.48929965,19469040.0,0.58257467,240.0,al,-0.33596882,0.33596882
139,total,0.5766645,0.18622495,0.6161661,0.27600062,0.886104,0.28615212,0.43260226,20462194.0,0.5671391,240.0,rand,-0.39043957,0.39043957
139,total,0.5766645,0.38999245,0.35225132,0.5856528,0.9154803,0.6191286,0.73868936,19864204.0,0.74740297,250.0,rand,-0.18667209,0.18667209
139,total,0.5766645,0.4893951,0.18983953,0.673717,0.8768349,0.74413776,0.8050544,18474312.0,0.7921771,250.0,al,-0.087269425,0.087269425
139,total,0.5766645,0.24296626,0.54649293,0.3461266,0.86740637,0.36546314,0.5142552,19902180.0,0.60186946,260.0,rand,-0.33369827,0.33369827
139,total,0.5766645,0.43298185,0.22785056,0.53735375,0.81505454,0.61197275,0.69906276,17466704.0,0.6961606,260.0,al,-0.14368269,0.14368269
139,total,0.5766645,0.3495039,0.3756281,0.49738136,0.8802293,0.5334864,0.6643345,19411414.0,0.68911797,270.0,al,-0.22716063,0.22716063
139,total,0.5766645,0.45159087,0.25792405,0.6002588,0.85409206,0.66884524,0.75020164,18188628.0,0.7431443,270.0,rand,-0.12507366,0.12507366
139,total,0.5766645,0.24070676,0.5281595,0.31716293,0.8176648,0.34130174,0.48158455,19308172.0,0.57626295,280.0,al,-0.3359578,0.3359578
139,total,0.5766645,0.39256504,0.29325405,0.55421376,0.8804045,0.59933484,0.71317524,19152476.0,0.7220017,280.0,rand,-0.18409948,0.18409948
139,total,0.5766645,0.5867378,0.082720265,0.78404486,0.8714077,0.88662803,0.87895143,17702200.0,0.8591725,290.0,rand,0.010073257,0.010073257
139,total,0.5766645,0.17366995,0.6332899,0.23664562,0.82677126,0.24899137,0.38272145,20010624.0,0.5368355,290.0,al,-0.4029946,0.4029946
139,total,0.5766645,1.0000007,1.4803894,0.5766642,0.5766644,0.99999946,0.7314986,0.0,0.5766642,300.0,al,0.42333615,0.42333615
139,total,0.5766645,0.2566409,0.53439534,0.38120463,0.89614785,0.39882338,0.55198824,20185256.0,0.6266702,300.0,rand,-0.32002363,0.32002363
139,total,0.5766645,0.49525988,0.1536059,0.69516295,0.88757825,0.7622821,0.82017195,18708300.0,0.80723864,310.0,al,-0.08140464,0.08140464
139,total,0.5766645,0.5663963,0.08836994,0.74731326,0.86314,0.8477692,0.85538507,17597020.0,0.83469707,310.0,rand,-0.01026823,0.01026823
139,total,0.5766645,0.49638876,0.15253164,0.6876198,0.88079244,0.7581784,0.81489843,18530442.0,0.8013769,320.0,rand,-0.08027577,0.08027577
139,total,0.5766645,0.6132627,0.14933349,0.7472542,0.82982486,0.88248855,0.8553463,16231009.0,0.8278734,320.0,al,0.036598183,0.036598183
139,total,0.5766645,0.40041268,0.28760216,0.5571552,0.873104,0.6062468,0.715606,18955970.0,0.7221259,330.0,rand,-0.17625184,0.17625184
139,total,0.5766645,0.5125303,0.15887317,0.70700425,0.8801848,0.78229284,0.82835627,18416684.0,0.81304723,330.0,al,-0.06413421,0.06413421
