,images,gt_confluence,pred_confluence,relative_delta_confluence,iou,precision,recall,f1,true_negative,accuracy,step,method,dAbsConf,dAbsAbsConf
139,total,0.5766645,1.000001,1.4803905,0.5766645,0.5766645,1.0,0.7314989,0.0,0.5766645,0.0,al,0.42333648,0.42333648
139,total,0.5766645,0.28626022,0.4464066,0.42934814,0.9054918,0.44949073,0.60076034,20164838.0,0.655487,0.0,rand,-0.29040432,0.29040432
139,total,0.5766645,0.13172719,0.70523363,0.19449422,0.8756355,0.20001946,0.32565087,20707872.0,0.52229756,10.0,al,-0.44493735,0.44493735
139,total,0.5766645,0.41642386,0.26107618,0.61456305,0.907746,0.65550447,0.7612743,19586640.0,0.76292497,10.0,rand,-0.16024068,0.16024068
139,total,0.5766645,0.44235945,0.22805658,0.6441353,0.90250415,0.6923095,0.7835546,19346896.0,0.77943766,20.0,rand,-0.1343051,0.1343051
139,total,0.5766645,0.072696105,0.8067578,0.07656379,0.6352779,0.08008399,0.14223714,20192332.0,0.44300357,20.0,al,-0.5039684,0.5039684
139,total,0.5766645,0.37296748,0.3346058,0.5429397,0.89595824,0.5794745,0.7037726,19566924.0,0.71869373,30.0,rand,-0.20369706,0.20369706
139,total,0.5766645,0.13785933,0.7062854,0.2124432,0.90816456,0.21710725,0.35043788,20897256.0,0.53587323,30.0,al,-0.4388052,0.4388052
139,total,0.5766645,0.03393023,0.91169924,0.041573342,0.718296,0.042262405,0.07982787,21055116.0,0.4381487,40.0,al,-0.5427343,0.5427343
139,total,0.5766645,0.39708728,0.30190995,0.5323129,0.851888,0.5866028,0.6947831,18548756.0,0.70279527,40.0,rand,-0.17957726,0.17957726
139,total,0.5766645,0.2463132,0.6281971,0.24731086,0.66247594,0.28296506,0.39655006,17311076.0,0.5033751,50.0,al,-0.33035132,0.33035132
139,total,0.5766645,0.24746652,0.55150586,0.35938892,0.8804445,0.3778274,0.52875024,20035996.0,0.61162925,50.0,rand,-0.329198,0.329198
139,total,0.5766645,0.18358946,0.62163174,0.28700644,0.92347187,0.29399896,0.44600585,20826556.0,0.5788246,60.0,rand,-0.39307508,0.39307508
139,total,0.5766645,0.13865682,0.6980744,0.19309552,0.83494806,0.20075867,0.32368797,20376948.0,0.51622045,60.0,al,-0.4380077,0.4380077
139,total,0.5766645,0.72939056,0.32918108,0.72092354,0.7501174,0.94878006,0.8378328,12267065.0,0.7882015,70.0,rand,0.15272602,0.15272602
139,total,0.5766645,0.1550302,0.7047263,0.24273764,0.92187804,0.24783565,0.39064953,20925196.0,0.5541423,70.0,al,-0.42163432,0.42163432
139,total,0.5766645,0.046876784,0.8747728,0.060484707,0.75867736,0.06167121,0.11406979,20965854.0,0.44758686,80.0,al,-0.5297877,0.5297877
139,total,0.5766645,0.18273917,0.67352384,0.2633471,0.8662609,0.27450782,0.4169034,20297882.0,0.5571951,80.0,rand,-0.39392537,0.39392537
139,total,0.5766645,0.14429519,0.6841185,0.18488191,0.77961636,0.1950772,0.31206778,19923324.0,0.5040295,90.0,rand,-0.43236935,0.43236935
139,total,0.5766645,0.10322465,0.79361796,0.15440714,0.8809812,0.15769671,0.26750872,20916324.0,0.501988,90.0,al,-0.47343987,0.47343987
139,total,0.5766645,0.11623343,0.72990143,0.1358398,0.71293724,0.14369954,0.23918803,19843644.0,0.4728359,100.0,al,-0.4604311,0.4604311
139,total,0.5766645,0.428484,0.27344766,0.63369226,0.9099224,0.6761059,0.7757788,19577478.0,0.77462506,100.0,rand,-0.14818053,0.14818053
139,total,0.5766645,0.24799061,0.513301,0.32040992,0.8069294,0.34701303,0.48531845,19105122.0,0.57556605,110.0,rand,-0.32867393,0.32867393
139,total,0.5766645,0.14862767,0.6733262,0.21865116,0.8755643,0.22566362,0.35884094,20600384.0,0.5349732,110.0,al,-0.42803687,0.42803687
139,total,0.5766645,0.06607513,0.82824457,0.07687156,0.694392,0.07956333,0.1427681,20513964.0,0.44902405,120.0,al,-0.5105894,0.5105894
139,total,0.5766645,0.5793632,0.1305637,0.7175685,0.83361787,0.8375176,0.8355627,16636379.0,0.80990666,120.0,rand,0.0026986846,0.0026986846
139,total,0.5766645,0.08500176,0.79225403,0.11843304,0.824287,0.121500485,0.21178365,20781468.0,0.47846475,130.0,rand,-0.49166277,0.49166277
139,total,0.5766645,0.33735615,0.39297134,0.45240963,0.8439387,0.49371353,0.62297755,18862472.0,0.6553945,130.0,al,-0.23930837,0.23930837
139,total,0.5766645,0.6631097,0.17570537,0.7766282,0.81728613,0.9398004,0.8742716,15376278.0,0.84412587,140.0,rand,0.08644517,0.08644517
139,total,0.5766645,0.29757926,0.49478406,0.4315392,0.88562095,0.45701015,0.60290194,19809512.0,0.65284026,140.0,al,-0.27908525,0.27908525
139,total,0.5766645,0.107774824,0.7468827,0.13286701,0.7448336,0.13920324,0.23456743,20142122.0,0.47610876,150.0,al,-0.4688897,0.4688897
139,total,0.5766645,0.3202039,0.40348512,0.47075224,0.8965115,0.49780345,0.6401512,19855280.0,0.67726374,150.0,rand,-0.25646064,0.25646064
139,total,0.5766645,0.44694403,0.23837414,0.6212255,0.8775809,0.6801678,0.7663648,18757328.0,0.7608498,160.0,rand,-0.12972052,0.12972052
139,total,0.5766645,0.29361442,0.46729788,0.4010328,0.84842545,0.43198267,0.5724812,19276868.0,0.62794024,160.0,al,-0.28305012,0.28305012
139,total,0.5766645,0.13128611,0.7127564,0.18288314,0.8337171,0.18980645,0.3092156,20430630.0,0.5109596,170.0,al,-0.44537842,0.44537842
139,total,0.5766645,0.41866755,0.26831013,0.58984977,0.8820326,0.64036804,0.742019,19028310.0,0.74322397,170.0,rand,-0.15799698,0.15799698
139,total,0.5766645,0.32669854,0.46790075,0.5081168,0.93163234,0.5277973,0.67384225,20404928.0,0.7053619,180.0,al,-0.24996601,0.24996601
139,total,0.5766645,0.4788511,0.24958155,0.6419747,0.86181915,0.7156365,0.78195393,18174512.0,0.7698497,180.0,rand,-0.09781343,0.09781343
139,total,0.5766645,0.4856998,0.20652446,0.6592989,0.869088,0.73199403,0.7946712,18306008.0,0.78186667,190.0,al,-0.09096473,0.09096473
139,total,0.5766645,0.59718996,0.17921902,0.7309877,0.8300767,0.85962045,0.84458977,16377841.0,0.81757176,190.0,rand,0.020525428,0.020525428
139,total,0.5766645,0.35601208,0.36679885,0.50517535,0.8792698,0.54282826,0.6712507,19354368.0,0.693384,200.0,al,-0.22065245,0.22065245
139,total,0.5766645,0.5101338,0.12760566,0.71857435,0.8907764,0.7880045,0.8362442,18706232.0,0.8220312,200.0,rand,-0.06653073,0.06653073
139,total,0.5766645,0.30984437,0.50958997,0.4552092,0.89500606,0.48088914,0.6256267,19886098.0,0.6681155,210.0,al,-0.26682013,0.26682013
139,total,0.5766645,0.5358206,0.10835401,0.74496627,0.8863899,0.8236072,0.85384554,18443868.0,0.83740604,210.0,rand,-0.040843945,0.040843945
139,total,0.5766645,1.000001,1.4803905,0.5766645,0.5766645,1.0,0.7314989,0.0,0.5766645,220.0,rand,0.42333648,0.42333648
139,total,0.5766645,0.15633856,0.655275,0.19835308,0.77606136,0.21039534,0.33104247,19759988.0,0.509653,220.0,al,-0.420326,0.420326
139,total,0.5766645,0.21060733,0.5678091,0.2908913,0.8423524,0.30763942,0.4506825,19852008.0,0.5675386,230.0,rand,-0.3660572,0.3660572
139,total,0.5766645,0.26606485,0.56136763,0.36679247,0.8500013,0.3921771,0.5367196,19510690.0,0.6095809,230.0,al,-0.31059968,0.31059968
139,total,0.5766645,0.37314886,0.34361625,0.51924884,0.8699684,0.56293887,0.6835595,19072480.0,0.6994413,240.0,al,-0.20351566,0.20351566
139,total,0.5766645,0.36901593,0.35574207,0.53672904,0.8950717,0.5727677,0.6985339,19571198.0,0.71491015,240.0,rand,-0.2076486,0.2076486
139,total,0.5766645,0.21368489,0.5662945,0.30592796,0.86645657,0.32106674,0.46852157,20089414.0,0.5799472,250.0,rand,-0.36297965,0.36297965
139,total,0.5766645,0.26577997,0.5082565,0.3627042,0.84366715,0.38883784,0.5323296,19427200.0,0.6060145,250.0,al,-0.31088457,0.31088457
139,total,0.5766645,0.15109438,0.6695547,0.1963431,0.7904991,0.20712073,0.32823843,19930748.0,0.51112044,260.0,al,-0.42557016,0.42557016
139,total,0.5766645,0.306398,0.44793677,0.40600914,0.8322506,0.44219658,0.57753366,18926088.0,0.6269366,260.0,rand,-0.27026653,0.27026653
139,total,0.5766645,0.6136423,0.08904415,0.79214567,0.85738474,0.91236174,0.8840188,17088284.0,0.8619475,270.0,al,0.036977742,0.036977742
139,total,0.5766645,0.46552143,0.20879747,0.6793096,0.90561384,0.73106927,0.8090339,19305652.0,0.80097854,270.0,rand,-0.11114312,0.11114312
139,total,0.5766645,0.51277727,0.15687709,0.68462217,0.86342406,0.76776594,0.8127897,17977844.0,0.79604596,280.0,rand,-0.06388726,0.06388726
139,total,0.5766645,0.4312073,0.29728907,0.6065609,0.882464,0.6598707,0.7551043,18962504.0,0.7531772,280.0,al,-0.14545724,0.14545724
139,total,0.5766645,0.48933432,0.16068295,0.68044376,0.882104,0.74851644,0.8098377,18605892.0,0.7972879,290.0,rand,-0.08733021,0.08733021
139,total,0.5766645,0.5017864,0.16711223,0.662663,0.8565849,0.7453585,0.7971099,17879600.0,0.78119373,290.0,al,-0.0748781,0.0748781
139,total,0.5766645,0.43217352,0.2672624,0.606949,0.88168603,0.66076624,0.7554049,18939616.0,0.7532439,300.0,rand,-0.14449103,0.14449103
139,total,0.5766645,0.6645246,1.0321677,0.35673234,0.4911063,0.56592995,0.52586937,4333559.0,0.41151533,300.0,al,0.087860085,0.087860085
139,total,0.5766645,0.45756137,0.2124715,0.63819396,0.88054985,0.6986813,0.77914286,18760316.0,0.7715846,310.0,al,-0.11910317,0.11910317
139,total,0.5766645,0.46118945,0.23808774,0.64150304,0.8794567,0.70334697,0.78160393,18712610.0,0.77333754,310.0,rand,-0.115475096,0.115475096
139,total,0.5766645,0.56892794,0.1514701,0.71777743,0.84138775,0.83009815,0.8357043,16949664.0,0.81178486,320.0,rand,-0.0077365665,0.0077365665
139,total,0.5766645,0.38489524,0.33028275,0.5374024,0.8732658,0.58286047,0.6991039,19059336.0,0.7106712,320.0,al,-0.19176929,0.19176929
139,total,0.5766645,0.644933,0.19759707,0.7749046,0.8269649,0.92486376,0.87317836,15862908.0,0.8450757,330.0,al,0.06826844,0.06826844
139,total,0.5766645,1.000001,1.4803905,0.5766645,0.5766645,1.0,0.7314989,0.0,0.5766645,330.0,rand,0.42333648,0.42333648
