,images,gt_confluence,pred_confluence,relative_delta_confluence,iou,precision,recall,f1,true_negative,accuracy,step,method,dAbsConf,dAbsAbsConf
139,total,0.5766645,0.9961802,1.4701837,0.5760412,0.57707745,0.99689245,0.7309972,103237.0,0.5769013,0.0,al,0.4195156,0.4195156
139,total,0.5766645,0.99744076,1.4731214,0.57686996,0.5773363,0.99860173,0.7316641,89246.0,0.57761204,0.0,rand,0.42077625,0.42077625
139,total,0.5766645,0.5161221,0.13036731,0.7196325,0.8860505,0.79302496,0.8369603,18548834.0,0.8218331,10.0,rand,-0.060542434,0.060542434
139,total,0.5766645,0.49037835,0.22419348,0.6543053,0.8606287,0.7318516,0.7910328,18063756.0,0.7770238,10.0,al,-0.08628617,0.08628617
139,total,0.5766645,0.46483424,0.21338108,0.6431551,0.8769974,0.70692325,0.7828289,18632084.0,0.77381736,20.0,rand,-0.11183028,0.11183028
139,total,0.5766645,0.1930525,0.59109956,0.27803168,0.8673812,0.2903755,0.4350932,20238702.0,0.56518245,20.0,al,-0.38361204,0.38361204
139,total,0.5766645,0.37782362,0.33741394,0.57089937,0.9181071,0.601531,0.72684354,19967040.0,0.7392761,30.0,rand,-0.19884092,0.19884092
139,total,0.5766645,0.5280614,0.168261,0.61745095,0.79862314,0.73131126,0.76348597,16130396.0,0.7387176,30.0,al,-0.04860313,0.04860313
139,total,0.5766645,0.20898874,0.5708149,0.28233668,0.8277035,0.29996622,0.44034678,19709212.0,0.5603075,40.0,al,-0.3676758,0.3676758
139,total,0.5766645,0.1767345,0.6385624,0.26691183,0.89810485,0.27524707,0.42135784,20625122.0,0.5640524,40.0,rand,-0.39993003,0.39993003
139,total,0.5766645,0.15864417,0.70892376,0.25215116,0.9333659,0.2567734,0.4027484,21003568.0,0.56083655,50.0,al,-0.41802037,0.41802037
139,total,0.5766645,0.39412817,0.31875217,0.54243547,0.8662251,0.5920302,0.7033489,18858592.0,0.712014,50.0,rand,-0.18253636,0.18253636
139,total,0.5766645,0.08316364,0.7829232,0.09364051,0.67934614,0.09797069,0.17124529,20184552.0,0.45316526,60.0,al,-0.4935009,0.4935009
139,total,0.5766645,0.27304417,0.47073388,0.3779055,0.853497,0.40411976,0.5485212,19505988.0,0.6163753,60.0,rand,-0.30362037,0.30362037
139,total,0.5766645,0.8900999,1.0835407,0.627386,0.63528126,0.98057556,0.7710348,5022347.0,0.6641629,70.0,al,0.31343535,0.31343535
139,total,0.5766645,0.4396031,0.2549772,0.6014577,0.8682355,0.661872,0.7511373,18594008.0,0.7470897,70.0,rand,-0.13706145,0.13706145
139,total,0.5766645,0.34449208,0.44326833,0.525706,0.9213552,0.5504043,0.68913096,20162874.0,0.71364164,80.0,rand,-0.23217246,0.23217246
139,total,0.5766645,0.35287997,0.408606,0.4799054,0.8542119,0.52271885,0.6485618,18923664.0,0.67332333,80.0,al,-0.22378457,0.22378457
139,total,0.5766645,0.47364458,0.25521716,0.6025773,0.8337942,0.68483704,0.7520098,17535680.0,0.7395344,90.0,rand,-0.10301996,0.10301996
139,total,0.5766645,0.10401201,0.75428146,0.14612786,0.83437407,0.1504932,0.25499374,20664882.0,0.49289262,90.0,al,-0.47265252,0.47265252
139,total,0.5766645,0.40202093,0.41641074,0.45746377,0.76410675,0.5326947,0.6277527,16715848.0,0.6356878,100.0,al,-0.1746436,0.1746436
139,total,0.5766645,0.2769003,0.4965672,0.40145385,0.8830209,0.42400363,0.57291013,19893234.0,0.6354519,100.0,rand,-0.29976425,0.29976425
139,total,0.5766645,0.2652121,0.531896,0.36521098,0.8491811,0.3905429,0.5350245,19506130.0,0.6085489,110.0,rand,-0.31145245,0.31145245
139,total,0.5766645,0.24134481,0.54475766,0.34441748,0.86830556,0.3634005,0.5123664,19924162.0,0.601112,110.0,al,-0.33531973,0.33531973
139,total,0.5766645,0.085217506,0.77952,0.11686725,0.8127323,0.12010138,0.20927668,20729436.0,0.47663537,120.0,al,-0.49144703,0.49144703
139,total,0.5766645,0.2719531,0.49529162,0.3682553,0.8398485,0.39606836,0.538284,19325248.0,0.6081805,120.0,rand,-0.30471143,0.30471143
139,total,0.5766645,0.40247327,0.28955865,0.5057324,0.81710976,0.5702866,0.67174226,17795912.0,0.67859125,130.0,al,-0.17419127,0.17419127
139,total,0.5766645,0.23621437,0.52584094,0.32441348,0.84293896,0.34528473,0.48989716,19653642.0,0.585349,130.0,rand,-0.34045017,0.34045017
139,total,0.5766645,0.29720294,0.453942,0.4448783,0.9053227,0.46658608,0.6157999,20109656.0,0.6642608,140.0,rand,-0.2794616,0.2794616
139,total,0.5766645,0.14015044,0.68544614,0.17171742,0.7495603,0.1821691,0.2931035,19755460.0,0.49328694,140.0,al,-0.4365141,0.4365141
139,total,0.5766645,0.14193448,0.67870826,0.18689863,0.7972484,0.19622542,0.31493583,20077144.0,0.50771445,150.0,rand,-0.43473005,0.43473005
139,total,0.5766645,0.41504544,0.31656593,0.55990666,0.85764325,0.61727405,0.7178715,18534960.0,0.72021115,150.0,al,-0.1616191,0.1616191
139,total,0.5766645,0.10682985,0.73592025,0.13035914,0.7378546,0.13668981,0.23065057,20116454.0,0.47415495,160.0,rand,-0.4698347,0.4698347
139,total,0.5766645,0.12716386,0.70716953,0.14715287,0.7099918,0.15656345,0.2565529,19664920.0,0.4767418,160.0,al,-0.44950068,0.44950068
139,total,0.5766645,0.11168015,0.7246719,0.13503112,0.7332623,0.14200649,0.23793352,20025656.0,0.47543654,170.0,al,-0.4649844,0.4649844
139,total,0.5766645,0.1961467,0.6211605,0.27611634,0.85250306,0.28996894,0.4327444,20069324.0,0.56161934,170.0,rand,-0.38051784,0.38051784
139,total,0.5766645,0.33520767,0.4347016,0.4918888,0.8969151,0.5213636,0.65941703,19783152.0,0.6894326,180.0,al,-0.24145685,0.24145685
139,total,0.5766645,0.42598984,0.26820463,0.60587305,0.8880206,0.6559912,0.7545711,19114156.0,0.7539203,180.0,rand,-0.1506747,0.1506747
139,total,0.5766645,0.67125416,0.20638134,0.79431856,0.8229904,0.95798314,0.88537025,15495395.0,0.85695213,190.0,rand,0.09458961,0.09458961
139,total,0.5766645,0.20679267,0.66639185,0.3228316,0.92459846,0.33156064,0.48809135,20748054.0,0.5989423,190.0,al,-0.36987185,0.36987185
139,total,0.5766645,0.5644046,0.102273576,0.7700904,0.87956524,0.8608641,0.87011373,18082620.0,0.85179144,200.0,rand,-0.012259932,0.012259932
139,total,0.5766645,0.52122134,0.13486263,0.70427924,0.8704415,0.7867517,0.8264829,18105280.0,0.8094987,200.0,al,-0.055443205,0.055443205
139,total,0.5766645,0.47455502,0.2520095,0.6675035,0.8867356,0.72972053,0.8006017,18806396.0,0.79038936,210.0,al,-0.10210952,0.10210952
139,total,0.5766645,0.41110727,0.29850593,0.57992584,0.88193756,0.62873656,0.7341173,19071704.0,0.7373693,210.0,rand,-0.16555727,0.16555727
139,total,0.5766645,0.38558814,0.33817038,0.537808,0.8727529,0.58356684,0.6994471,19044804.0,0.7107929,220.0,rand,-0.1910764,0.1910764
139,total,0.5766645,0.29277074,0.44034111,0.41323513,0.8683471,0.44085556,0.58480686,19580160.0,0.6390173,220.0,al,-0.2838938,0.2838938
139,total,0.5766645,0.43413067,0.26629883,0.55250025,0.8285984,0.6237927,0.711755,17755088.0,0.7086441,230.0,al,-0.14253385,0.14253385
139,total,0.5766645,0.45507184,0.22082831,0.63709784,0.8823092,0.6962682,0.77832544,18816188.0,0.771291,230.0,rand,-0.1215927,0.1215927
139,total,0.5766645,0.6330938,0.1562988,0.78990406,0.84328717,0.9258052,0.88262117,16492971.0,0.8580007,240.0,al,0.056429263,0.056429263
139,total,0.5766645,0.25259534,0.5192284,0.3469214,0.8455813,0.370387,0.51513195,19556688.0,0.5979192,240.0,rand,-0.3240692,0.3240692
139,total,0.5766645,0.227892,0.5717828,0.33649853,0.88888085,0.35127518,0.503552,20252908.0,0.60058033,250.0,al,-0.34877253,0.34877253
139,total,0.5766645,0.6023186,0.13891804,0.7479737,0.83759314,0.8748536,0.8558175,16563867.0,0.830012,250.0,rand,0.02565404,0.02565404
139,total,0.5766645,0.5224965,0.17485666,0.70482045,0.86971754,0.78802055,0.8268554,18077624.0,0.80968696,260.0,al,-0.054168038,0.054168038
139,total,0.5766645,0.56435657,0.091699116,0.76412034,0.87573767,0.85704494,0.86629,17972998.0,0.84743476,260.0,rand,-0.012307981,0.012307981
139,total,0.5766645,0.2875351,0.48375797,0.4115499,0.8762953,0.43693477,0.5831173,19731528.0,0.63973093,270.0,rand,-0.28912944,0.28912944
139,total,0.5766645,0.5572798,0.080293335,0.7575045,0.8770162,0.8475335,0.86202234,18054000.0,0.8435417,270.0,al,-0.019384727,0.019384727
139,total,0.5766645,0.4953911,0.18430986,0.69138896,0.88460326,0.75992835,0.8175394,18632556.0,0.80439276,280.0,al,-0.08127343,0.08127343
139,total,0.5766645,0.48463666,0.18408065,0.65792423,0.8690286,0.73034185,0.7936717,18311624.0,0.78102434,280.0,rand,-0.092027865,0.092027865
139,total,0.5766645,0.16929784,0.6666659,0.23258545,0.83144397,0.24409483,0.37739408,20089418.0,0.5355603,290.0,al,-0.4073667,0.4073667
139,total,0.5766645,1.000001,1.4803905,0.5766645,0.5766645,1.0,0.7314989,0.0,0.5766645,290.0,rand,0.42333648,0.42333648
139,total,0.5766645,0.49492308,0.16337246,0.6726889,0.8707421,0.747314,0.80431986,18286222.0,0.79031235,300.0,rand,-0.081741445,0.081741445
139,total,0.5766645,0.44914737,0.2190204,0.6336374,0.88585895,0.6899684,0.77573764,18932796.0,0.76994973,300.0,al,-0.12751716,0.12751716
139,total,0.5766645,0.25297797,0.5043786,0.34111843,0.83415645,0.3659361,0.5087069,19406612.0,0.59240323,310.0,al,-0.32368654,0.32368654
139,total,0.5766645,0.19985276,0.6213935,0.27912626,0.8478712,0.29384252,0.43643233,19994404.0,0.5623808,310.0,rand,-0.37681177,0.37681177
139,total,0.5766645,0.3153451,0.42842522,0.44741914,0.8743888,0.4781521,0.6182298,19525878.0,0.65945804,320.0,rand,-0.26131943,0.26131943
139,total,0.5766645,0.32698128,0.40321517,0.45293868,0.8615259,0.48850232,0.62347895,19237484.0,0.6597591,320.0,al,-0.24968328,0.24968328
139,total,0.5766645,0.46373,0.20739245,0.64337885,0.87833965,0.70632327,0.7829947,18670668.0,0.7742296,330.0,al,-0.11293453,0.11293453
139,total,0.5766645,0.57329714,0.115820214,0.75685716,0.86413467,0.85908717,0.861603,17577980.0,0.8408495,330.0,rand,-0.0033673716,0.0033673716
