,images,gt_confluence,pred_confluence,relative_delta_confluence,iou,precision,recall,f1,true_negative,accuracy,step,method,dAbsConf,dAbsAbsConf
139,total,0.5766645,0.32430962,0.4430873,0.48982906,0.91340095,0.5136848,0.6575636,20112376.0,0.69147444,0.0,rand,-0.25235492,0.25235492
139,total,0.5766645,0.080812484,0.7913584,0.116039574,0.84592795,0.11854499,0.20794864,20907916.0,0.47924536,0.0,al,-0.49585205,0.49585205
139,total,0.5766645,0.19799352,0.58722216,0.27992642,0.85569614,0.29379547,0.4374098,20087632.0,0.5641858,10.0,rand,-0.37867102,0.37867102
139,total,0.5766645,0.62176514,0.17782862,0.75765675,0.8308544,0.8958337,0.86212087,16189957.0,0.83476233,10.0,al,0.045100607,0.045100607
139,total,0.5766645,0.46919748,0.21149749,0.64650595,0.8752426,0.7121311,0.78530604,18562878.0,0.7754605,20.0,al,-0.107467055,0.107467055
139,total,0.5766645,0.28874078,0.45537993,0.43269756,0.9051955,0.4532374,0.6040315,20148556.0,0.6573276,20.0,rand,-0.28792375,0.28792375
139,total,0.5766645,0.2064854,0.5855412,0.30972904,0.896928,0.3211601,0.47296622,20458500.0,0.58725435,30.0,rand,-0.37017912,0.37017912
139,total,0.5766645,0.30682603,0.4517007,0.4151363,0.8447012,0.44943887,0.5867081,19116822.0,0.63486135,30.0,al,-0.2698385,0.2698385
139,total,0.5766645,0.2256314,0.54218024,0.28851762,0.79619306,0.3115249,0.44782835,19201522.0,0.5569958,40.0,al,-0.35103312,0.35103312
139,total,0.5766645,0.13068324,0.7141304,0.20072503,0.9048441,0.20505346,0.3343394,20908710.0,0.5291473,40.0,rand,-0.4459813,0.4459813
139,total,0.5766645,0.07655804,0.80553937,0.10290331,0.7960994,0.10568885,0.1866042,20747158.0,0.46867245,50.0,rand,-0.5001065,0.5001065
139,total,0.5766645,0.16080877,0.71608865,0.25061494,0.91901374,0.25627476,0.4007864,20878788.0,0.5580968,50.0,al,-0.41585577,0.41585577
139,total,0.5766645,0.3812616,0.32584172,0.49059284,0.8269359,0.54672694,0.65825146,18183948.0,0.67263097,60.0,rand,-0.19540296,0.19540296
139,total,0.5766645,0.22145432,0.57395095,0.31944975,0.8725584,0.33508384,0.4842162,20105378.0,0.5883441,60.0,al,-0.3552102,0.3552102
139,total,0.5766645,0.19126795,0.5954643,0.27504212,0.8660784,0.28725916,0.431424,20238064.0,0.56337285,70.0,rand,-0.38539657,0.38539657
139,total,0.5766645,0.19243592,0.59355515,0.27731484,0.8677083,0.28955722,0.43421495,20246066.0,0.5648553,70.0,al,-0.38422862,0.38422862
139,total,0.5766645,0.14806484,0.6758822,0.16658193,0.6989384,0.17945877,0.28558943,19273204.0,0.48224664,80.0,al,-0.4285997,0.4285997
139,total,0.5766645,0.21092857,0.5947732,0.30143696,0.8648511,0.3163381,0.46323672,20090912.0,0.57724977,80.0,rand,-0.36573595,0.36573595
139,total,0.5766645,0.4597838,0.25662994,0.5268066,0.7777888,0.62014204,0.6900759,16342600.0,0.6787805,90.0,rand,-0.11688073,0.11688073
139,total,0.5766645,0.17653474,0.68020344,0.28229424,0.9392818,0.28754142,0.44029522,20996048.0,0.5784316,90.0,al,-0.4001298,0.4001298
139,total,0.5766645,0.16757113,0.63807756,0.21809359,0.7951985,0.23107283,0.3580897,19795168.0,0.52226835,100.0,rand,-0.4090934,0.4090934
139,total,0.5766645,0.23146875,0.58024687,0.3470238,0.89944774,0.3610299,0.5152448,20357144.0,0.608254,100.0,al,-0.3451958,0.3451958
139,total,0.5766645,0.0951805,0.7596917,0.10258891,0.6567678,0.10840068,0.18608709,19879128.0,0.45317763,110.0,al,-0.48148403,0.48148403
139,total,0.5766645,0.2198809,0.5583969,0.29581407,0.82699066,0.31532824,0.45656827,19605740.0,0.56713283,110.0,rand,-0.35678363,0.35678363
139,total,0.5766645,0.45522743,0.24433951,0.6191327,0.86677754,0.6842454,0.7647703,18455476.0,0.75726914,120.0,rand,-0.121437095,0.121437095
139,total,0.5766645,0.39130086,0.3309317,0.5703281,0.89842963,0.6096359,0.72638035,19519074.0,0.7351464,120.0,al,-0.18536368,0.18536368
139,total,0.5766645,0.57571906,0.1811501,0.69633824,0.8216647,0.82031614,0.8209893,16317056.0,0.7937118,130.0,al,-0.0009454456,0.0009454456
139,total,0.5766645,0.23848687,0.52889615,0.3409958,0.8691539,0.35944802,0.5085706,19953608.0,0.5994115,130.0,rand,-0.33817765,0.33817765
139,total,0.5766645,0.17465149,0.60898536,0.2331096,0.81322503,0.24629596,0.37808377,19881586.0,0.53274524,140.0,rand,-0.40201303,0.40201303
139,total,0.5766645,0.24630567,0.5377167,0.29831067,0.7677169,0.32790685,0.45953622,18630216.0,0.5552153,140.0,al,-0.33035886,0.33035886
139,total,0.5766645,0.473991,0.22796553,0.6682964,0.88794625,0.7298483,0.8011718,18838848.0,0.79110074,150.0,al,-0.10267354,0.10267354
139,total,0.5766645,0.34718728,0.36965021,0.48791423,0.8725793,0.5253445,0.65583605,19290384.0,0.68204427,150.0,rand,-0.22947726,0.22947726
139,total,0.5766645,0.41286287,0.35519397,0.56450355,0.86479414,0.6191477,0.72163874,18701000.0,0.72455466,160.0,al,-0.16380166,0.16380166
139,total,0.5766645,0.31181905,0.43062964,0.4222693,0.84597075,0.45743915,0.5937961,19097510.0,0.6390953,160.0,rand,-0.2648455,0.2648455
139,total,0.5766645,0.31705415,0.42736772,0.4536518,0.8796917,0.4836591,0.6241542,19600508.0,0.6641004,170.0,al,-0.25961038,0.25961038
139,total,0.5766645,0.3299974,0.40675488,0.46636438,0.8738144,0.5000405,0.63608205,19422580.0,0.67005026,170.0,rand,-0.24666715,0.24666715
139,total,0.5766645,0.2534818,0.5524159,0.38030174,0.90232575,0.39662963,0.551041,20281634.0,0.62729913,180.0,rand,-0.32318273,0.32318273
139,total,0.5766645,0.34505844,0.4189004,0.4837704,0.8709257,0.52113384,0.6520821,19275152.0,0.6793168,180.0,al,-0.2316061,0.2316061
139,total,0.5766645,0.111907154,0.7285842,0.1311462,0.7133974,0.1384402,0.23188168,19909458.0,0.47109643,190.0,al,-0.46475738,0.46475738
139,total,0.5766645,1e-06,0.9999975,0.0,0.0,0.0,0.0,21541476.0,0.42333546,190.0,rand,-0.57666355,0.57666355
139,total,0.5766645,0.59420514,0.08449242,0.7801799,0.8635816,0.889848,0.87651753,17416708.0,0.85541886,200.0,rand,0.017540626,0.017540626
139,total,0.5766645,0.2993921,0.48680753,0.4287838,0.8781418,0.45591125,0.6002076,19685020.0,0.64976007,200.0,al,-0.27727243,0.27727243
139,total,0.5766645,0.20002474,0.5978671,0.2880888,0.8684519,0.30123407,0.44731164,20202548.0,0.5707337,210.0,rand,-0.37663978,0.37663978
139,total,0.5766645,0.167639,0.6441581,0.2158668,0.7882734,0.2291533,0.35508263,19735388.0,0.5199866,210.0,al,-0.40902552,0.40902552
139,total,0.5766645,0.46890262,0.201299,0.65681434,0.8839721,0.71878177,0.7928636,18773036.0,0.78342575,220.0,rand,-0.10776192,0.10776192
139,total,0.5766645,0.115892224,0.71409583,0.13905254,0.7295236,0.14661103,0.24415445,19946440.0,0.476535,220.0,al,-0.4607723,0.4607723
139,total,0.5766645,0.13222072,0.6933869,0.1559138,0.7231664,0.16581018,0.26976687,19678936.0,0.48234946,230.0,al,-0.44444382,0.44444382
139,total,0.5766645,0.56531733,0.12756412,0.7302775,0.8525884,0.83581036,0.8441155,17301008.0,0.82198346,230.0,rand,-0.01134719,0.01134719
139,total,0.5766645,0.20475397,0.5936523,0.2758348,0.8251018,0.29296416,0.43239853,19719232.0,0.5564666,240.0,al,-0.37191057,0.37191057
139,total,0.5766645,0.258315,0.5130697,0.381011,0.89180064,0.39947763,0.55178523,20119268.0,0.62575066,240.0,rand,-0.31834954,0.31834954
139,total,0.5766645,0.14055605,0.6791398,0.18769185,0.80639404,0.19654886,0.31606123,20156776.0,0.50946593,250.0,rand,-0.43610847,0.43610847
139,total,0.5766645,0.15955777,0.6494889,0.19930513,0.7667996,0.21216509,0.33236733,19648108.0,0.5084748,250.0,al,-0.41710675,0.41710675
139,total,0.5766645,0.37519425,0.33848554,0.5144756,0.8618259,0.5607268,0.6794104,18903490.0,0.6948447,260.0,rand,-0.20147027,0.20147027
139,total,0.5766645,1e-06,0.9999975,0.0,0.0,0.0,0.0,21541476.0,0.42333546,260.0,al,-0.57666355,0.57666355
139,total,0.5766645,0.5099359,0.17776392,0.71091914,0.8854121,0.7829553,0.83103716,18568136.0,0.8164056,270.0,rand,-0.06672861,0.06672861
139,total,0.5766645,0.36260775,0.3456771,0.50682503,0.87126523,0.54785174,0.6727054,19166154.0,0.692582,270.0,al,-0.21405679,0.21405679
139,total,0.5766645,0.63506156,0.1082587,0.8079707,0.852694,0.93904215,0.8937869,16781262.0,0.8712995,280.0,rand,0.05839701,0.05839701
139,total,0.5766645,0.38905007,0.34577313,0.5816913,0.91288245,0.61587983,0.7355303,19816826.0,0.7445985,280.0,al,-0.18761447,0.18761447
139,total,0.5766645,0.15252557,0.6832649,0.21854053,0.8574176,0.22678219,0.35869193,20434860.0,0.5323654,290.0,rand,-0.42413896,0.42413896
139,total,0.5766645,0.51846755,0.14740747,0.68452436,0.8583353,0.7717106,0.8127207,17804044.0,0.7949052,290.0,al,-0.058196995,0.058196995
139,total,0.5766645,0.5731671,0.07091982,0.78194016,0.8803063,0.8749657,0.8776274,18050534.0,0.8592928,300.0,al,-0.0034974688,0.0034974688
139,total,0.5766645,0.6188488,0.13689384,0.79521734,0.8557344,0.9183318,0.8859283,16998532.0,0.8636264,300.0,rand,0.042184293,0.042184293
139,total,0.5766645,0.35388574,0.38522652,0.50382453,0.8809671,0.54062766,0.6700571,19397996.0,0.69297236,310.0,al,-0.2227788,0.2227788
139,total,0.5766645,0.32931384,0.422291,0.46164936,0.86891586,0.4962073,0.6316823,19344884.0,0.66631293,310.0,rand,-0.24735071,0.24735071
139,total,0.5766645,0.30297756,0.4496767,0.42481726,0.8656443,0.45480505,0.5963108,19470114.0,0.6448988,320.0,rand,-0.27368698,0.27368698
139,total,0.5766645,0.37997794,0.3858871,0.55810547,0.9018024,0.5942174,0.71638936,19642808.0,0.72868675,320.0,al,-0.1966866,0.1966866
139,total,0.5766645,0.5714,0.14423914,0.7158434,0.838237,0.830583,0.83439195,16838104.0,0.80987203,330.0,rand,-0.0052645667,0.0052645667
139,total,0.5766645,0.22271082,0.5525413,0.3191604,0.86840487,0.33538094,0.48388377,20050160.0,0.58743024,330.0,al,-0.35395372,0.35395372
