,images,gt_confluence,pred_confluence,relative_delta_confluence,iou,precision,recall,f1,true_negative,accuracy,step,method,dAbsConf,dAbsAbsConf
3,total,0.15109126,0.09460804,0.6347799,0.177677,0.39181742,0.2453397,0.30174103,622359.0,0.82843906,0.0,al,-0.056483224,0.056483224
3,total,0.15109126,0.22103982,0.47187427,0.36406645,0.44933614,0.6573559,0.5337953,571886.0,0.8265114,0.0,rand,0.06994856,0.06994856
3,total,0.15109126,0.007645653,0.95435035,0.016066937,0.3283433,0.016612945,0.031625655,663571.0,0.8462842,1.0,al,-0.14344561,0.14344561
3,total,0.15109126,0.10879871,0.7381689,0.29517442,0.5444006,0.39201164,0.45580596,628627.0,0.8585701,1.0,rand,-0.04229255,0.04229255
3,total,0.15109126,0.100641616,0.76206756,0.19125558,0.40158185,0.2674903,0.3210987,620246.0,0.829099,2.0,al,-0.050449643,0.050449643
3,total,0.15109126,0.14334588,0.23021129,0.3401434,0.5213384,0.49460962,0.5076219,613649.0,0.85502625,2.0,rand,-0.0077453787,0.0077453787
3,total,0.15109126,0.028284438,0.7985411,0.06870611,0.40772378,0.076323606,0.12857784,654435.0,0.84368896,3.0,al,-0.12280682,0.12280682
3,total,0.15109126,0.047960646,0.7223636,0.21067286,0.7222208,0.22924855,0.3480257,657132.0,0.870224,3.0,rand,-0.10313061,0.10313061
3,total,0.15109126,0.14244306,0.16508816,0.3832934,0.5710001,0.53831327,0.5541746,619552.0,0.86913556,4.0,al,-0.008648191,0.008648191
3,total,0.15109126,0.04115141,0.72668666,0.18704951,0.73614115,0.20049149,0.31514996,659070.0,0.86834335,4.0,rand,-0.10993984,0.10993984
3,total,0.15109126,0.19393384,0.38542527,0.37425295,0.48450315,0.621883,0.54466337,588988.0,0.8428981,5.0,rand,0.042842593,0.042842593
3,total,0.15109126,0.06821669,0.65258145,0.20644669,0.5501333,0.24837784,0.3422388,643475.0,0.8557485,5.0,al,-0.08287457,0.08287457
3,total,0.15109126,0.13707197,0.2784602,0.38053292,0.5794781,0.5257063,0.5512836,622278.0,0.870697,6.0,rand,-0.014019284,0.014019284
3,total,0.15109126,0.0796061,0.3973568,0.22740896,0.53693056,0.28289136,0.37055078,638619.0,0.8547885,6.0,al,-0.071485154,0.071485154
3,total,0.15109126,0.053580966,0.7042118,0.13792859,0.4630135,0.1641938,0.24242009,644982.0,0.84494525,7.0,al,-0.09751029,0.09751029
3,total,0.15109126,0.03046263,0.7716704,0.123916656,0.65712136,0.13248277,0.22050834,659395.0,0.8584811,7.0,rand,-0.120628625,0.120628625
3,total,0.15109126,0.29379246,1.1127356,0.2591457,0.3116552,0.6060022,0.411621,508569.0,0.73824054,8.0,rand,0.1427012,0.1427012
3,total,0.15109126,0.3283727,1.0705987,0.23825178,0.2809419,0.61058044,0.38481915,481918.0,0.7050438,8.0,al,0.17728142,0.17728142
3,total,0.15109126,0.13041405,0.1267384,0.33573067,0.54254544,0.4682932,0.5026917,620692.0,0.8600057,9.0,rand,-0.020677201,0.020677201
3,total,0.15109126,0.23592222,0.49923137,0.3379535,0.41435623,0.64699596,0.5051793,558951.0,0.8084984,9.0,al,0.08483097,0.08483097
