,images,gt_confluence,pred_confluence,relative_delta_confluence,iou,precision,recall,f1,true_negative,accuracy,step,method,dAbsConf,dAbsAbsConf
139,total,0.5766645,0.80499977,0.71048766,0.7026954,0.7083325,0.98880154,0.8253913,9594058.0,0.75875026,0.0,rand,0.22833522,0.22833522
139,total,0.5766645,1.000001,1.4803905,0.5766645,0.5766645,1.0,0.7314989,0.0,0.5766645,0.0,al,0.42333648,0.42333648
139,total,0.5766645,0.99946874,1.4782885,0.57692915,0.5769447,0.9999533,0.73171175,25714.0,0.57714295,10.0,rand,0.42280424,0.42280424
139,total,0.5766645,0.3721732,0.36023596,0.5337225,0.8871893,0.57258105,0.6959827,19405064.0,0.71153766,10.0,al,-0.20449133,0.20449133
139,total,0.5766645,0.42134106,0.2548836,0.6114526,0.8987627,0.6566812,0.75888324,19370956.0,0.7593649,20.0,rand,-0.15532349,0.15532349
139,total,0.5766645,0.6806056,0.340954,0.7623476,0.7990884,0.94311893,0.8651496,14583376.0,0.8304574,20.0,al,0.10394107,0.10394107
139,total,0.5766645,0.32094723,0.40895846,0.45777678,0.8782507,0.4887959,0.6280474,19553140.0,0.66613173,30.0,al,-0.2557173,0.2557173
139,total,0.5766645,0.45117348,0.23637517,0.66192055,0.907355,0.70989907,0.79657257,19414536.0,0.79091024,30.0,rand,-0.12549105,0.12549105
139,total,0.5766645,0.08034834,0.7873871,0.08515409,0.641676,0.08940546,0.15694354,20076474.0,0.44610205,40.0,al,-0.4963162,0.4963162
139,total,0.5766645,0.3966544,0.29967672,0.5548425,0.87564254,0.6023027,0.7136956,19031476.0,0.72133523,40.0,rand,-0.18001015,0.18001015
139,total,0.5766645,0.0888272,0.77906036,0.104240514,0.70725137,0.10894107,0.18880014,20218272.0,0.46015418,50.0,al,-0.48783734,0.48783734
139,total,0.5766645,0.35241228,0.41309866,0.5292794,0.9124299,0.55760425,0.69219404,19971126.0,0.7140254,50.0,rand,-0.22425224,0.22425224
139,total,0.5766645,0.3668842,0.31744543,0.49598384,0.85266155,0.5424769,0.66308665,18790830.0,0.6821067,60.0,rand,-0.20978035,0.20978035
139,total,0.5766645,0.9917833,1.4542093,0.57542413,0.5776224,0.9934297,0.73050016,225362.0,0.57730454,60.0,al,0.41511878,0.41511878
139,total,0.5766645,0.40609613,0.28745314,0.5679819,0.8766233,0.6173302,0.7244746,18991996.0,0.7292252,70.0,rand,-0.1705684,0.1705684
139,total,0.5766645,0.09713607,0.751472,0.11591644,0.72055644,0.121372655,0.20775086,20160262.0,0.466183,70.0,al,-0.47952846,0.47952846
139,total,0.5766645,0.10339865,0.7583269,0.13104402,0.76203626,0.13663535,0.23172195,20289452.0,0.47752333,80.0,rand,-0.4732659,0.4732659
139,total,0.5766645,0.18427576,0.61370146,0.21297613,0.72504145,0.23168902,0.35116258,18963232.0,0.5062744,80.0,al,-0.3923888,0.3923888
139,total,0.5766645,0.15034547,0.68865025,0.20413606,0.8197784,0.21372765,0.3390578,20162728.0,0.5194893,90.0,al,-0.42631906,0.42631906
139,total,0.5766645,0.24408388,0.5231143,0.3358986,0.84548694,0.35786647,0.50288,19622396.0,0.59199035,90.0,rand,-0.33258066,0.33258066
139,total,0.5766645,0.11756869,0.72806406,0.14768732,0.7598649,0.15491775,0.2573648,20104880.0,0.4844389,100.0,al,-0.45909584,0.45909584
139,total,0.5766645,0.34378752,0.38757867,0.47155696,0.85796374,0.5114869,0.64089483,19056748.0,0.66946167,100.0,rand,-0.23287702,0.23287702
139,total,0.5766645,0.2440878,0.52841336,0.35415885,0.8794189,0.37223467,0.52306795,20043812.0,0.60855776,110.0,rand,-0.33257672,0.33257672
139,total,0.5766645,0.6399017,0.37926555,0.6399208,0.7418672,0.8232192,0.78042835,13136304.0,0.73287743,110.0,al,0.063237146,0.063237146
139,total,0.5766645,0.046518292,0.87840915,0.07575679,0.9434259,0.07610251,0.14084357,21407564.0,0.46458942,120.0,al,-0.53014624,0.53014624
139,total,0.5766645,0.49775612,0.19562776,0.6622053,0.8599361,0.7422645,0.7967787,17993892.0,0.78165555,120.0,rand,-0.07890841,0.07890841
139,total,0.5766645,0.16039231,0.6601324,0.21259142,0.80565816,0.22408274,0.3506395,19955348.0,0.5213853,130.0,al,-0.41627222,0.41627222
139,total,0.5766645,0.36992532,0.34331232,0.505015,0.8586417,0.55080974,0.67110914,18880596.0,0.688676,130.0,rand,-0.2067392,0.2067392
139,total,0.5766645,0.2025079,0.5888446,0.27330998,0.8258754,0.29002213,0.42929018,19747194.0,0.5553195,140.0,rand,-0.37415662,0.37415662
139,total,0.5766645,0.24240991,0.52585703,0.32839048,0.8352934,0.35112715,0.49441817,19509820.0,0.58589166,140.0,al,-0.33425462,0.33425462
139,total,0.5766645,0.19755048,0.5889958,0.27135321,0.8364768,0.28655404,0.4268727,19897688.0,0.5562771,150.0,rand,-0.37911406,0.37911406
139,total,0.5766645,0.53774047,0.12623277,0.724677,0.870778,0.8120002,0.84036213,18005584.0,0.82209945,150.0,al,-0.038924072,0.038924072
139,total,0.5766645,0.27154785,0.49737895,0.371205,0.8456113,0.39819178,0.54142845,19408180.0,0.61103475,160.0,al,-0.30511668,0.30511668
139,total,0.5766645,0.58750874,0.19076419,0.69029105,0.80923456,0.82445085,0.8167713,15838466.0,0.78669083,160.0,rand,0.010844209,0.010844209
139,total,0.5766645,0.13923927,0.67929745,0.17540324,0.7672664,0.18525995,0.29845595,19892522.0,0.4977629,170.0,al,-0.43742526,0.43742526
139,total,0.5766645,0.3354646,0.38816875,0.4713988,0.871101,0.5067464,0.64074874,19341156.0,0.6723172,170.0,rand,-0.24119994,0.24119994
139,total,0.5766645,0.4973194,0.21841066,0.6489133,0.8498685,0.73293084,0.78707945,17742232.0,0.7713275,180.0,rand,-0.07934512,0.07934512
139,total,0.5766645,0.17129919,0.6337994,0.23417819,0.8285062,0.24610774,0.37948808,20046644.0,0.5358805,180.0,al,-0.40536535,0.40536535
139,total,0.5766645,0.31599504,0.42678392,0.45046154,0.87731993,0.48074374,0.6211281,19568856.0,0.66179717,190.0,rand,-0.2606695,0.2606695
139,total,0.5766645,0.14088553,0.6895158,0.18468155,0.79398113,0.193977,0.31178227,20064542.0,0.5061703,190.0,al,-0.435779,0.435779
139,total,0.5766645,0.278666,0.5283219,0.400708,0.8780747,0.42431718,0.5721502,19812588.0,0.6340478,200.0,rand,-0.29799855,0.29799855
139,total,0.5766645,0.23294589,0.6271288,0.34934583,0.89981794,0.36348343,0.51779985,20353976.0,0.60960656,200.0,al,-0.34371865,0.34371865
139,total,0.5766645,0.2558442,0.5199184,0.32464004,0.7974778,0.3538093,0.49015543,18904918.0,0.5755508,210.0,al,-0.32082033,0.32082033
139,total,0.5766645,0.27777934,0.46742257,0.3782185,0.84413004,0.40661603,0.5488509,19338288.0,0.61451924,210.0,rand,-0.2988852,0.2988852
139,total,0.5766645,0.51827824,0.14565915,0.7000541,0.8699569,0.78187376,0.8235663,18111902.0,0.806816,220.0,rand,-0.058386303,0.058386303
139,total,0.5766645,0.23146422,0.52872276,0.32175574,0.8499104,0.3411394,0.4868607,19773716.0,0.5853182,220.0,al,-0.3452003,0.3452003
139,total,0.5766645,0.316655,0.45916954,0.44813034,0.87300766,0.4793799,0.6189084,19495252.0,0.6595642,230.0,rand,-0.2600095,0.2600095
139,total,0.5766645,0.58665943,0.0759969,0.7751074,0.8658691,0.88087505,0.8733071,17537376.0,0.85261583,230.0,al,0.009994904,0.009994904
139,total,0.5766645,0.4180132,0.2703607,0.59003264,0.8830047,0.6400718,0.7421637,19052916.0,0.7435367,240.0,al,-0.15865135,0.15865135
40,total,0.3649216,0.31010002,0.18423799,0.6086842,0.8236409,0.6999044,0.7567474,8498761.0,0.8357998,240.0,rand,-0.05482158,0.05482158
139,total,0.5766645,0.1507937,0.680748,0.16669641,0.68927974,0.1802406,0.28575766,19157288.0,0.4804195,250.0,al,-0.42587084,0.42587084
139,total,0.5766645,0.45427686,0.24971734,0.6469391,0.89145565,0.70225716,0.7856255,19032378.0,0.7789932,250.0,rand,-0.12238767,0.12238767
139,total,0.5766645,0.4844514,0.17037207,0.69058293,0.894731,0.751655,0.81697565,18946456.0,0.8057906,260.0,rand,-0.09221313,0.09221313
139,total,0.5766645,0.22381172,0.5624395,0.30719858,0.84051347,0.32621378,0.47001016,19725142.0,0.5757566,260.0,al,-0.35285282,0.35285282
139,total,0.5766645,0.31458595,0.42620188,0.44251335,0.8690963,0.4741138,0.6135306,19446008.0,0.6555597,270.0,al,-0.26207858,0.26207858
139,total,0.5766645,0.3791942,0.3172186,0.53592616,0.8795638,0.57836854,0.6978536,19217624.0,0.7111915,270.0,rand,-0.19747032,0.19747032
139,total,0.5766645,0.36917755,0.3562366,0.5388663,0.8971482,0.5743479,0.70034146,19609344.0,0.7165711,280.0,rand,-0.20748699,0.20748699
139,total,0.5766645,0.15824401,0.6602568,0.21771169,0.8303199,0.2278488,0.35757476,20175176.0,0.5278771,280.0,al,-0.41842052,0.41842052
139,total,0.5766645,0.33751234,0.38651204,0.47854668,0.8766589,0.51309264,0.6473199,19423178.0,0.67758876,290.0,rand,-0.23915218,0.23915218
139,total,0.5766645,0.3343712,0.39594075,0.46052992,0.85912186,0.4981488,0.63063353,19144508.0,0.66349477,290.0,al,-0.24229333,0.24229333
139,total,0.5766645,0.29728374,0.45582685,0.43047488,0.8846737,0.45606798,0.60186243,19796904.0,0.6520492,300.0,al,-0.2793808,0.2793808
139,total,0.5766645,1.000001,1.4803905,0.5766645,0.5766645,1.0,0.7314989,0.0,0.5766645,300.0,rand,0.42333648,0.42333648
139,total,0.5766645,0.49500647,0.16595918,0.67298293,0.8708906,0.7475675,0.8045301,18289416.0,0.79052126,310.0,rand,-0.08165806,0.08165806
139,total,0.5766645,1e-06,0.9999975,0.0,0.0,0.0,0.0,21541476.0,0.42333546,310.0,al,-0.57666355,0.57666355
139,total,0.5766645,0.45961133,0.22648862,0.6272046,0.869065,0.6926579,0.77089775,18479256.0,0.7625876,320.0,al,-0.1170532,0.1170532
139,total,0.5766645,0.52968764,0.13712634,0.69596857,0.85712826,0.78730243,0.82073236,17690630.0,0.8016676,320.0,rand,-0.046976898,0.046976898
139,total,0.5766645,0.5196404,0.1690412,0.6465076,0.8283976,0.74647903,0.7853073,17003980.0,0.76463205,330.0,al,-0.05702416,0.05702416
139,total,0.5766645,0.40368673,0.30301052,0.5830669,0.89445186,0.6261482,0.736629,19373348.0,0.74180466,330.0,rand,-0.1729778,0.1729778
