,images,gt_confluence,pred_confluence,relative_delta_confluence,iou,precision,recall,f1,true_negative,accuracy,step,method,dAbsConf,dAbsAbsConf
2,total,0.26927653,0.32668027,0.21549784,0.2405745,0.35376853,0.42918277,0.3878432,1277001.0,0.6351819,0.0,rand,0.05740375,0.05740375
2,total,0.26927653,0.44276956,0.6461453,0.3067789,0.37753227,0.62077236,0.46951875,1118489.0,0.62227374,0.0,al,0.17349303,0.17349303
2,total,0.26927653,0.18665871,0.30328226,0.19113599,0.39195606,0.27169698,0.3209301,1516898.0,0.690389,1.0,rand,-0.08261781,0.08261781
2,total,0.26927653,0.28065285,0.043616343,0.27934632,0.42785147,0.44592565,0.43670112,1401198.0,0.69022626,1.0,al,0.011376326,0.011376326
2,total,0.26927653,0.33490783,0.24916069,0.30726016,0.4240226,0.52736884,0.47008216,1321758.0,0.67983276,2.0,rand,0.06563129,0.06563129
2,total,0.26927653,0.22822976,0.1503252,0.25500676,0.4429278,0.37540913,0.4063826,1483367.0,0.70467246,2.0,al,-0.04104677,0.04104677
2,total,0.26927653,0.2523423,0.06809301,0.26432854,0.43216363,0.40498418,0.4181322,1443680.0,0.6964876,3.0,al,-0.016934222,0.016934222
2,total,0.26927653,0.33251157,0.23967099,0.30230477,0.42011654,0.51877224,0.4642607,1321958.0,0.6775993,3.0,rand,0.06323505,0.06323505
2,total,0.26927653,0.27617452,0.09507282,0.28473535,0.43772432,0.44893575,0.44325864,1414196.0,0.69632566,4.0,rand,0.0068979724,0.0068979724
2,total,0.26927653,0.29820046,0.10957004,0.2796147,0.41583532,0.46050012,0.437029,1367718.0,0.68052775,4.0,al,0.028923932,0.028923932
2,total,0.26927653,0.22369322,0.16774546,0.2376796,0.42320636,0.35156414,0.3840724,1478736.0,0.6963672,5.0,al,-0.04558331,0.04558331
2,total,0.26927653,0.2154551,0.19829161,0.24132161,0.43737864,0.34995633,0.3888135,1497918.0,0.7037394,5.0,rand,-0.05382143,0.05382143
2,total,0.26927653,0.21689919,0.19168125,0.2519009,0.45102045,0.3632902,0.40242898,1503193.0,0.7094763,6.0,rand,-0.052377336,0.052377336
2,total,0.26927653,0.25449726,0.053328436,0.2492081,0.41057158,0.3880358,0.39898524,1427168.0,0.6852051,6.0,al,-0.014779273,0.014779273
2,total,0.26927653,0.21936624,0.18349233,0.24449046,0.43761593,0.35650238,0.39291608,1492638.0,0.7033537,7.0,rand,-0.049910296,0.049910296
2,total,0.26927653,0.2214866,0.17681159,0.2343134,0.4206271,0.3459746,0.3796655,1480460.0,0.69556355,7.0,al,-0.047789935,0.047789935
2,total,0.26927653,0.14190611,0.47153997,0.1823248,0.44683236,0.23547465,0.308417,1602911.0,0.7156339,8.0,rand,-0.12737042,0.12737042
2,total,0.26927653,0.1910858,0.28876445,0.21921897,0.43318072,0.30739498,0.3596051,1529642.0,0.7051872,8.0,al,-0.07819073,0.07819073
2,total,0.26927653,0.17741108,0.3402328,0.2028337,0.42457965,0.27972993,0.33725926,1544941.0,0.7039628,9.0,al,-0.09186546,0.09186546
2,total,0.26927653,0.16342874,0.3914469,0.20441484,0.44936758,0.27272755,0.3394421,1574670.0,0.714174,9.0,rand,-0.1058478,0.1058478
2,total,0.26927653,0.2524176,0.060453866,0.27997288,0.452077,0.42377156,0.4374664,1455928.0,0.70653033,10.0,rand,-0.016858945,0.016858945
2,total,0.26927653,0.17290668,0.35639557,0.20292787,0.4314139,0.277016,0.33738947,1554215.0,0.7070056,10.0,al,-0.09636985,0.09636985
2,total,0.26927653,0.15713438,0.41566876,0.19623509,0.4451629,0.25976995,0.32808736,1581564.0,0.71349,11.0,al,-0.112142146,0.112142146
2,total,0.26927653,0.14722635,0.45221344,0.19450614,0.46065873,0.2518624,0.3256674,1600681.0,0.7191394,11.0,rand,-0.12205019,0.12205019
2,total,0.26927653,0.17292824,0.3565047,0.21710052,0.45613503,0.29292628,0.35674986,1564691.0,0.71555257,12.0,al,-0.096348286,0.096348286
2,total,0.26927653,0.17969826,0.33139372,0.22350861,0.4564222,0.30458584,0.36535636,1555769.0,0.71506184,12.0,rand,-0.08957826,0.08957826
2,total,0.26927653,0.1620941,0.39646834,0.20259865,0.44833317,0.26987764,0.3369343,1576064.0,0.7139738,13.0,rand,-0.10718243,0.10718243
2,total,0.26927653,0.19123635,0.28743196,0.23188667,0.45329162,0.32191956,0.37647355,1538884.0,0.7128589,13.0,al,-0.078040175,0.078040175
