,images,gt_confluence,pred_confluence,relative_delta_confluence,iou,precision,recall,f1,true_negative,accuracy,step,method,dAbsConf,dAbsAbsConf
139,total,0.5766645,0.6733129,0.44636536,0.62748826,0.7157696,0.8357306,0.77111197,11803300.0,0.713896,0.0,rand,0.09664839,0.09664839
139,total,0.5766645,0.5947791,0.48601684,0.53437465,0.6859311,0.7074768,0.6965369,12036070.0,0.6445109,0.0,al,0.018114528,0.018114528
139,total,0.5766645,0.41860366,0.3390422,0.47833946,0.7693071,0.55844253,0.64713025,16627568.0,0.6488008,10.0,rand,-0.15806086,0.15806086
139,total,0.5766645,0.548495,0.3082861,0.5556098,0.7326745,0.6968827,0.71433,14080371.0,0.6785766,10.0,al,-0.028169515,0.028169515
139,total,0.5766645,0.37921712,0.32106394,0.45488328,0.78811336,0.5182654,0.62531877,17452816.0,0.64184994,20.0,rand,-0.19744743,0.19744743
139,total,0.5766645,0.2401375,0.5081639,0.27037495,0.72392344,0.30145854,0.42566127,18167992.0,0.53087986,20.0,al,-0.33652702,0.33652702
139,total,0.5766645,0.5735682,0.29796448,0.62015754,0.7676192,0.7634962,0.7655516,14759201.0,0.73033065,30.0,rand,-0.0030963297,0.0030963297
139,total,0.5766645,0.50254816,0.3584509,0.5067313,0.7222237,0.6293979,0.6726228,14438132.0,0.6466912,30.0,al,-0.07411639,0.07411639
139,total,0.5766645,0.49374923,0.33125475,0.5094574,0.73169947,0.6264913,0.6750201,14800576.0,0.6521379,40.0,al,-0.082915306,0.082915306
139,total,0.5766645,0.40971816,0.29145154,0.5083368,0.8113609,0.5764677,0.6740357,17608632.0,0.67847526,40.0,rand,-0.1669464,0.1669464
139,total,0.5766645,0.33183393,0.45950195,0.299551,0.63107604,0.3631432,0.46100646,15312062.0,0.51032615,50.0,al,-0.2448306,0.2448306
139,total,0.5766645,0.5457859,0.2890556,0.58396095,0.7582015,0.71760076,0.7373421,14826167.0,0.70518035,50.0,rand,-0.030878637,0.030878637
139,total,0.5766645,0.47909692,0.32640004,0.50203013,0.7365361,0.6119181,0.6684683,15118528.0,0.64998245,60.0,al,-0.0975676,0.0975676
139,total,0.5766645,0.42069182,0.39044955,0.4116053,0.6912809,0.50430626,0.58317286,14932757.0,0.5842757,60.0,rand,-0.15597273,0.15597273
139,total,0.5766645,0.38912985,0.30294117,0.50051814,0.8278838,0.55864966,0.6671266,18133424.0,0.6785135,70.0,rand,-0.18753469,0.18753469
139,total,0.5766645,0.5187941,0.24831966,0.53491384,0.7358702,0.66202164,0.6969948,14568753.0,0.66807115,70.0,al,-0.0578704,0.0578704
139,total,0.5766645,0.5217443,0.29766387,0.55845994,0.75440246,0.6825536,0.7166813,15021114.0,0.68880105,80.0,rand,-0.054920204,0.054920204
139,total,0.5766645,0.45008242,0.43962464,0.41469187,0.66870654,0.52191937,0.5862641,13954045.0,0.5751988,80.0,al,-0.12658212,0.12658212
139,total,0.5766645,0.38842887,0.67478377,0.25681785,0.5077049,0.34197828,0.40867904,11811166.0,0.42932108,90.0,al,-0.18823566,0.18823566
139,total,0.5766645,0.16089618,0.6395394,0.20153794,0.76890635,0.2145326,0.3354663,19649472.0,0.50986695,90.0,rand,-0.41576836,0.41576836
139,total,0.5766645,0.38337547,0.31986156,0.45795774,0.7865859,0.52293307,0.62821764,17378182.0,0.6430749,100.0,rand,-0.19328906,0.19328906
139,total,0.5766645,0.56361735,0.52354854,0.4411585,0.61931443,0.60530114,0.6122271,10623533.0,0.5578306,100.0,al,-0.013047196,0.013047196
139,total,0.5766645,0.5265759,0.271686,0.56987584,0.76054436,0.69448274,0.7260134,15125304.0,0.69772774,110.0,rand,-0.050088633,0.050088633
139,total,0.5766645,0.2763379,0.5031589,0.24119636,0.5998479,0.28744635,0.38865098,15914763.0,0.47851878,110.0,al,-0.30032665,0.30032665
139,total,0.5766645,0.4019078,0.417626,0.33843818,0.61567026,0.42909187,0.50572056,13681519.0,0.5163128,120.0,al,-0.17475674,0.17475674
139,total,0.5766645,0.5006808,0.25472122,0.531828,0.74706024,0.64862317,0.69436985,15097291.0,0.6707316,120.0,rand,-0.07598371,0.07598371
139,total,0.5766645,0.40772268,0.39073393,0.40856025,0.7002972,0.49513423,0.58010995,15323552.0,0.5866665,130.0,al,-0.16894184,0.16894184
139,total,0.5766645,0.34860766,0.33167526,0.4504553,0.8242913,0.4983026,0.6211221,18424598.0,0.6494357,130.0,rand,-0.22805686,0.22805686
139,total,0.5766645,0.44577345,0.231788,0.58464307,0.8462188,0.654143,0.73788565,18053228.0,0.7320051,140.0,rand,-0.13089107,0.13089107
139,total,0.5766645,0.5027158,0.4219636,0.44217786,0.6583102,0.5738905,0.613208,12800810.0,0.5825052,140.0,al,-0.073948696,0.073948696
139,total,0.5766645,0.46460658,0.31124085,0.4703617,0.71694654,0.5776276,0.63979,14849664.0,0.6249246,150.0,al,-0.11205795,0.11205795
139,total,0.5766645,0.3921473,0.301782,0.5031161,0.8269258,0.56233025,0.6694303,18087884.0,0.67974097,150.0,rand,-0.18451725,0.18451725
139,total,0.5766645,0.37310922,0.37989488,0.41646022,0.7484349,0.4842455,0.588029,16765347.0,0.6087217,160.0,al,-0.2035553,0.2035553
139,total,0.5766645,0.10423758,0.7373901,0.14858218,0.84502304,0.15274446,0.2587225,20719464.0,0.49526352,160.0,rand,-0.47242695,0.47242695
139,total,0.5766645,0.35748795,0.32434174,0.46730673,0.8322202,0.51591146,0.636958,18489432.0,0.66086423,170.0,al,-0.21917659,0.21917659
139,total,0.5766645,0.17569847,0.61359894,0.2432703,0.83788586,0.2552861,0.391339,20092112.0,0.5420669,170.0,rand,-0.40096605,0.40096605
139,total,0.5766645,0.11308367,0.73867905,0.16350082,0.8571309,0.1680815,0.2810495,20719376.0,0.5041061,180.0,rand,-0.46358088,0.46358088
139,total,0.5766645,0.20421089,0.6369856,0.30738437,0.8990481,0.31837317,0.47022763,20492460.0,0.5863146,180.0,al,-0.37245363,0.37245363
139,total,0.5766645,0.19605789,0.5841373,0.27476215,0.8495102,0.28882012,0.4310795,20040132.0,0.56038326,190.0,rand,-0.38060665,0.38060665
139,total,0.5766645,0.20873833,0.6264542,0.30710828,0.8840397,0.319999,0.46990448,20309788.0,0.5836623,190.0,al,-0.3679262,0.3679262
139,total,0.5766645,0.1486625,0.6543492,0.19975384,0.81233984,0.20941752,0.33299103,20121892.0,0.51620126,200.0,rand,-0.42800203,0.42800203
139,total,0.5766645,0.30550858,0.41170308,0.4158639,0.8481273,0.4493242,0.5874344,19180496.0,0.6360465,200.0,al,-0.27115595,0.27115595
139,total,0.5766645,0.0778267,0.7905141,0.10227205,0.7802761,0.10530478,0.18556568,20671332.0,0.46696085,210.0,rand,-0.49883783,0.49883783
139,total,0.5766645,0.27511367,0.45964214,0.37903276,0.8509766,0.4059803,0.5497077,19455276.0,0.6164517,210.0,al,-0.30155087,0.30155087
139,total,0.5766645,0.33155623,0.36124814,0.44872957,0.84846205,0.48782617,0.61947966,18984844.0,0.65440434,220.0,al,-0.24510829,0.24510829
139,total,0.5766645,0.09999795,0.76320946,0.14518473,0.8578869,0.14876254,0.2535566,20818354.0,0.4949107,220.0,rand,-0.47666657,0.47666657
139,total,0.5766645,0.1010164,0.7398447,0.13005482,0.7720829,0.13524722,0.2301741,20369940.0,0.4783046,230.0,rand,-0.47564813,0.47564813
139,total,0.5766645,0.2625504,0.517146,0.31434363,0.76446456,0.34805286,0.47832748,18394756.0,0.5622055,230.0,al,-0.31411412,0.31411412
139,total,0.5766645,0.16841328,0.6311889,0.2240368,0.8097523,0.2364845,0.36606184,19911114.0,0.52766764,240.0,rand,-0.40825126,0.40825126
139,total,0.5766645,0.23304622,0.5504782,0.27590808,0.75133604,0.30363455,0.43248856,18592686.0,0.5404808,240.0,al,-0.3436183,0.3436183
139,total,0.5766645,0.09788604,0.7522596,0.11799172,0.7272948,0.12345355,0.21107773,20183160.0,0.46783298,250.0,al,-0.47877848,0.47877848
139,total,0.5766645,0.12947427,0.6911482,0.16483475,0.7717805,0.1732809,0.28301796,20037906.0,0.4937121,250.0,rand,-0.44719025,0.44719025
139,total,0.5766645,0.35749698,0.34506747,0.44600433,0.8059718,0.49965212,0.6168778,18011864.0,0.64210284,260.0,al,-0.21916758,0.21916758
139,total,0.5766645,0.3164058,0.38319692,0.4301856,0.84899586,0.4658278,0.60157967,19110264.0,0.6441834,260.0,rand,-0.26025873,0.26025873
139,total,0.5766645,9.2107184e-05,0.999779,0.0001278262,0.80910265,0.00012783006,0.00025561944,21540592.0,0.4233918,270.0,al,-0.5765724,0.5765724
139,total,0.5766645,0.15261221,0.68899053,0.22972608,0.8927035,0.23624925,0.37362123,20708250.0,0.5431974,270.0,rand,-0.42405233,0.42405233
139,total,0.5766645,0.10241552,0.7521831,0.14445308,0.8369271,0.14863665,0.25244012,20691642.0,0.49234793,280.0,al,-0.474249,0.474249
139,total,0.5766645,0.11974992,0.71085334,0.15362978,0.77446985,0.16082475,0.26634127,20167222.0,0.4890704,280.0,rand,-0.4569146,0.4569146
139,total,0.5766645,0.15743642,0.6477417,0.227231,0.86336416,0.2357074,0.37031463,20446870.0,0.5377482,290.0,rand,-0.4192281,0.4192281
139,total,0.5766645,0.19725892,0.5908681,0.27408382,0.84401155,0.2887085,0.43024418,19975744.0,0.5590535,290.0,al,-0.37940562,0.37940562
139,total,0.5766645,0.15731575,0.6637296,0.23183103,0.8780814,0.23954162,0.37640035,20565520.0,0.54229105,300.0,rand,-0.41934878,0.41934878
139,total,0.5766645,0.17588419,0.6312813,0.26493725,0.8961563,0.27332845,0.41889355,20612092.0,0.56268996,300.0,al,-0.40078035,0.40078035
139,total,0.5766645,0.10027976,0.7435431,0.121084996,0.72911346,0.12678878,0.2160137,20159224.0,0.4692859,310.0,al,-0.47638476,0.47638476
139,total,0.5766645,0.10028303,0.7416772,0.13524936,0.8042207,0.13985407,0.23827226,20542440.0,0.4843512,310.0,rand,-0.4763815,0.4763815
139,total,0.5766645,0.103810504,0.7391572,0.13906762,0.8002966,0.14406711,0.24417774,20486572.0,0.48568276,320.0,rand,-0.47285402,0.47285402
139,total,0.5766645,0.23920923,0.5086618,0.33304435,0.85212594,0.35347334,0.4996744,19741532.0,0.5917983,320.0,al,-0.3374553,0.3374553
139,total,0.5766645,0.23690845,0.5238638,0.35624152,0.90203786,0.37057853,0.52533597,20360536.0,0.613827,330.0,rand,-0.33975607,0.33975607
139,total,0.5766645,0.1482657,0.64995486,0.18416157,0.7604067,0.19550616,0.31104097,19733872.0,0.5005537,330.0,al,-0.42839885,0.42839885
