,images,gt_confluence,pred_confluence,relative_delta_confluence,iou,precision,recall,f1,true_negative,accuracy,step,method,dAbsConf,dAbsAbsConf
2,total,0.35496256,0.30422625,0.1425729,0.47427332,0.6970511,0.59741664,0.64339894,1358740.0,0.7649333,0.0,rand,-0.050736304,0.050736304
2,total,0.35496256,0.3396942,0.042520326,0.5233565,0.7025526,0.67233104,0.6871092,1336926.0,0.7826489,0.0,al,-0.015268369,0.015268369
2,total,0.35496256,0.3176605,0.10548286,0.36038128,0.56093276,0.5019843,0.5298234,1242473.0,0.6837492,1.0,al,-0.03730206,0.03730206
2,total,0.35496256,0.35026345,0.025187224,0.4739493,0.64741606,0.63884354,0.64310074,1281738.0,0.7483061,1.0,rand,-0.004699114,0.004699114
2,total,0.35496256,0.31374857,0.11600061,0.40336516,0.61261165,0.5414808,0.57485366,1286542.0,0.7157007,2.0,al,-0.041214008,0.041214008
2,total,0.35496256,0.2929258,0.17483053,0.4453538,0.6815133,0.56240344,0.6162553,1355968.0,0.7513769,2.0,rand,-0.06203676,0.06203676
2,total,0.35496256,0.35050392,0.044332765,0.5315235,0.69852656,0.6897505,0.69411033,1325556.0,0.78420573,3.0,rand,-0.0044586356,0.0044586356
2,total,0.35496256,0.31867003,0.10164172,0.40767714,0.6122036,0.5496082,0.57921916,1281537.0,0.7165491,3.0,al,-0.036292538,0.036292538
2,total,0.35496256,0.30418313,0.14333484,0.5068617,0.7288919,0.6246177,0.67273766,1382575.0,0.7842871,4.0,rand,-0.050779436,0.050779436
2,total,0.35496256,0.33373675,0.05948324,0.4468509,0.6373311,0.59921867,0.61768705,1287787.0,0.7367021,4.0,al,-0.021225806,0.021225806
2,total,0.35496256,0.3261753,0.08055797,0.45147043,0.6495398,0.5968607,0.6220865,1304313.0,0.74258953,5.0,al,-0.028787248,0.028787248
2,total,0.35496256,0.28534767,0.19685717,0.45799482,0.7048903,0.566646,0.6282525,1378293.0,0.76196694,5.0,rand,-0.06961489,0.06961489
2,total,0.35496256,0.33643287,0.05177141,0.458735,0.64627033,0.612532,0.62894857,1292775.0,0.74345744,6.0,al,-0.01852968,0.01852968
2,total,0.35496256,0.2940936,0.17212926,0.4608525,0.6962306,0.576839,0.6309359,1365691.0,0.76045734,6.0,rand,-0.060868956,0.060868956
2,total,0.35496256,0.20264016,0.4303703,0.33480415,0.69019854,0.3940169,0.50165236,1430961.0,0.72212076,7.0,rand,-0.15232241,0.15232241
2,total,0.35496256,0.3002431,0.15301003,0.43034127,0.6565665,0.55535126,0.6017318,1331833.0,0.73905313,7.0,al,-0.05471946,0.05471946
2,total,0.35496256,0.30994648,0.12855531,0.49780884,0.71298844,0.6225658,0.66471565,1366621.0,0.77706707,8.0,rand,-0.04501609,0.04501609
2,total,0.35496256,0.2717169,0.23430024,0.43014008,0.69368297,0.5309988,0.6015351,1380695.0,0.75029093,8.0,al,-0.083245665,0.083245665
2,total,0.35496256,0.23804544,0.33061025,0.41763347,0.73389363,0.49216262,0.58919764,1429567.0,0.7563916,9.0,rand,-0.11691713,0.11691713
2,total,0.35496256,0.26716042,0.24668358,0.41250807,0.68005896,0.51184034,0.58407843,1375180.0,0.74124634,9.0,al,-0.08780214,0.08780214
2,total,0.35496256,0.2559092,0.2795717,0.4427952,0.73259395,0.5281594,0.61380136,1417067.0,0.76408285,10.0,rand,-0.09905336,0.09905336
2,total,0.35496256,0.27577412,0.22307473,0.4613869,0.722097,0.5610026,0.6314365,1396898.0,0.7675342,10.0,al,-0.07918845,0.07918845
2,total,0.35496256,0.25805682,0.27337453,0.47024772,0.75979424,0.55236626,0.6396845,1432906.0,0.77912027,11.0,al,-0.09690574,0.09690574
2,total,0.35496256,0.24005918,0.32424313,0.43170315,0.747391,0.5054542,0.6030619,1436213.0,0.7638139,11.0,rand,-0.114903376,0.114903376
2,total,0.35496256,0.23946919,0.32564658,0.42394164,0.739039,0.49857742,0.5954476,1431664.0,0.7595219,12.0,rand,-0.11549339,0.11549339
2,total,0.35496256,0.25869524,0.2711599,0.46927106,0.7576361,0.5521599,0.6387803,1431157.0,0.7783354,12.0,al,-0.09626731,0.09626731
2,total,0.35496256,0.25529885,0.28094915,0.44347054,0.73438686,0.5281892,0.6144499,1418593.0,0.76471436,13.0,al,-0.09966371,0.09966371
2,total,0.35496256,0.23403706,0.3414142,0.41694948,0.7405606,0.48827085,0.5885166,1436023.0,0.75763714,13.0,rand,-0.120925516,0.120925516
