,images,gt_confluence,pred_confluence,relative_delta_confluence,iou,precision,recall,f1,true_negative,accuracy,step,method,dAbsConf,dAbsAbsConf
139,total,0.5766645,0.3215903,0.40270433,0.36202547,0.74242294,0.41402802,0.5315982,17326456.0,0.5792567,0.0,rand,-0.25507423,0.25507423
139,total,0.5766645,0.67035854,0.2844382,0.69649446,0.7637177,0.887802,0.8210979,13481599.0,0.7769058,0.0,al,0.09369399,0.09369399
139,total,0.5766645,0.24483143,0.5843929,0.35161325,0.87287545,0.37059066,0.5202864,19957730.0,0.605918,10.0,al,-0.3318331,0.3318331
139,total,0.5766645,0.48587358,0.21823251,0.552861,0.7785833,0.6560006,0.7120542,16067239.0,0.69404745,10.0,rand,-0.09079094,0.09079094
139,total,0.5766645,0.49883577,0.23984638,0.57800657,0.7897277,0.6831418,0.7325777,16204078.0,0.712388,20.0,rand,-0.07782875,0.07782875
139,total,0.5766645,0.013837343,0.9827194,0.023195587,0.96748877,0.02321368,0.045339454,21518586.0,0.43627214,20.0,al,-0.56282717,0.56282717
139,total,0.5766645,0.22504906,0.5185514,0.26039413,0.7359837,0.2872237,0.41319436,18518068.0,0.52955085,30.0,rand,-0.35161546,0.35161546
139,total,0.5766645,0.32110286,0.44163182,0.3280857,0.6906877,0.38459292,0.49407262,16487528.0,0.5457958,30.0,al,-0.25556168,0.25556168
139,total,0.5766645,0.6257869,0.38186124,0.57526165,0.70170426,0.76147676,0.73036915,12042788.0,0.67578286,40.0,al,0.049122375,0.049122375
139,total,0.5766645,0.45272008,0.30163994,0.48957098,0.7473137,0.5866897,0.65733105,15720426.0,0.6472627,40.0,rand,-0.12394447,0.12394447
139,total,0.5766645,0.57185113,0.27040738,0.54646045,0.7096991,0.70377403,0.70672363,13094108.0,0.6631684,50.0,al,-0.004813413,0.004813413
139,total,0.5766645,0.48572806,0.1765501,0.5953141,0.8161919,0.687482,0.7463279,16998424.0,0.7305014,50.0,rand,-0.09093649,0.09093649
139,total,0.5766645,0.43086803,0.31557724,0.47982332,0.7582054,0.5665091,0.6484868,16240197.0,0.64583987,60.0,rand,-0.1457965,0.1457965
139,total,0.5766645,0.41589808,0.3017934,0.4480185,0.73840296,0.5325447,0.61880165,16005305.0,0.62163764,60.0,al,-0.16076645,0.16076645
139,total,0.5766645,0.5425053,0.25893152,0.56165516,0.7419541,0.6980025,0.719307,14418016.0,0.6858577,70.0,rand,-0.03415922,0.03415922
139,total,0.5766645,0.5389544,0.24263966,0.5835001,0.76275855,0.71287775,0.7369746,15035199.0,0.7065647,70.0,al,-0.03771014,0.03771014
139,total,0.5766645,0.48882148,0.19984223,0.57746196,0.7979257,0.67637664,0.7321401,16515143.0,0.71459985,80.0,rand,-0.08784307,0.08784307
139,total,0.5766645,0.3352957,0.4073847,0.3412445,0.6920005,0.40235543,0.50884706,16286539.0,0.552089,80.0,al,-0.24136882,0.24136882
139,total,0.5766645,0.57418215,0.23492739,0.60886973,0.75852805,0.75526154,0.7568908,14486324.0,0.7202194,90.0,al,-0.0024823782,0.0024823782
139,total,0.5766645,0.3964626,0.28310075,0.47784078,0.7936401,0.54563403,0.64667374,17378372.0,0.6561695,90.0,rand,-0.18020196,0.18020196
139,total,0.5766645,0.5098614,0.1687905,0.6344216,0.82718426,0.73135847,0.776325,17057892.0,0.7569721,100.0,rand,-0.06680315,0.06680315
139,total,0.5766645,0.5164977,0.30321196,0.5056541,0.71079606,0.6366332,0.6716732,13940620.0,0.6410864,100.0,al,-0.060166884,0.060166884
139,total,0.5766645,0.49717957,0.27008048,0.53148335,0.749559,0.64624166,0.69407606,15205571.0,0.6714862,110.0,al,-0.07948497,0.07948497
139,total,0.5766645,0.5396769,0.2492551,0.566808,0.7483139,0.70031524,0.72351885,14629805.0,0.6913535,110.0,rand,-0.03698765,0.03698765
139,total,0.5766645,0.570546,0.27445465,0.59443814,0.74963844,0.7416833,0.74563915,14272916.0,0.7081954,120.0,al,-0.0061185495,0.0061185495
139,total,0.5766645,0.39143002,0.29155675,0.47472978,0.7961563,0.5404159,0.64381886,17481336.0,0.6551838,120.0,rand,-0.18523453,0.18523453
139,total,0.5766645,0.5195944,0.23132621,0.6064181,0.79645765,0.717634,0.75499356,16159904.0,0.7314103,130.0,rand,-0.057070184,0.057070184
139,total,0.5766645,0.24969353,0.5635657,0.34305787,0.8453467,0.3660304,0.5108605,19576508.0,0.59579647,130.0,al,-0.32697102,0.32697102
139,total,0.5766645,0.046171315,0.8946853,0.066342264,0.8392739,0.06719598,0.12442944,21163868.0,0.45466423,140.0,al,-0.5304932,0.5304932
139,total,0.5766645,0.32761654,0.35752553,0.41702205,0.81230825,0.46148983,0.5885889,18412512.0,0.62796956,140.0,rand,-0.249048,0.249048
139,total,0.5766645,0.40352586,0.26002327,0.5345013,0.8460991,0.5920635,0.6966445,18381364.0,0.7026546,150.0,rand,-0.17313868,0.17313868
139,total,0.5766645,0.37195098,0.29749456,0.45638683,0.7992112,0.51549315,0.626738,17741204.0,0.64591867,150.0,al,-0.20471354,0.20471354
139,total,0.5766645,0.33557886,0.35784075,0.46562937,0.8636408,0.5025777,0.63539803,19213016.0,0.66739506,160.0,rand,-0.24108566,0.24108566
139,total,0.5766645,0.53396565,0.32254124,0.5247774,0.7158553,0.6628489,0.6883326,13821022.0,0.65385365,160.0,al,-0.04269889,0.04269889
139,total,0.5766645,0.384703,0.3072403,0.4559977,0.7826481,0.5221169,0.62637097,17286680.0,0.640806,170.0,rand,-0.19196153,0.19196153
139,total,0.5766645,0.4955147,0.29484004,0.5242803,0.7442349,0.6395028,0.6879049,15092545.0,0.6653789,170.0,al,-0.08114984,0.08114984
139,total,0.5766645,0.22366227,0.5409172,0.30371952,0.83361316,0.32331967,0.4659273,19647822.0,0.5725682,180.0,rand,-0.35300225,0.35300225
139,total,0.5766645,0.49059176,0.39093173,0.48483846,0.71034086,0.6043144,0.6530516,14310492.0,0.62971807,180.0,al,-0.086072765,0.086072765
139,total,0.5766645,0.5038381,0.20333098,0.57719916,0.7848279,0.6857114,0.7319288,16024934.0,0.7103492,190.0,rand,-0.0728264,0.0728264
139,total,0.5766645,0.51947576,0.3164292,0.51000005,0.71268,0.6420011,0.6754962,13946593.0,0.6442992,190.0,al,-0.0571888,0.0571888
139,total,0.5766645,0.41667512,0.23637073,0.5630139,0.8587309,0.6204837,0.72042036,18546216.0,0.72228324,200.0,rand,-0.15998943,0.15998943
139,total,0.5766645,0.36645246,0.64511853,0.32304987,0.62840843,0.39933303,0.4883407,14612436.0,0.5174464,200.0,al,-0.21021208,0.21021208
139,total,0.5766645,0.13187389,0.7157992,0.18506047,0.83903563,0.19187249,0.3123221,20461346.0,0.5127547,210.0,rand,-0.44479063,0.44479063
139,total,0.5766645,0.2964464,0.4405363,0.39228994,0.829854,0.4266023,0.56351715,18974880.0,0.61890286,210.0,al,-0.2802181,0.2802181
139,total,0.5766645,0.28479993,0.46281347,0.37645495,0.82727426,0.40856826,0.5469916,19038330.0,0.6097502,220.0,al,-0.2918646,0.2918646
139,total,0.5766645,0.38413087,0.31005305,0.4894744,0.8219574,0.5475252,0.65724397,18061368.0,0.6706824,220.0,rand,-0.19253366,0.19253366
139,total,0.5766645,0.39504665,0.43206674,0.38096917,0.67857105,0.46485698,0.55174124,15080128.0,0.5644229,230.0,rand,-0.18161787,0.18161787
139,total,0.5766645,0.2001255,0.60915637,0.27714777,0.84231216,0.29231432,0.43401012,19935684.0,0.56034553,230.0,al,-0.37653905,0.37653905
139,total,0.5766645,0.2192809,0.554831,0.30672586,0.8520201,0.3239854,0.4694567,19890304.0,0.57771736,240.0,al,-0.35738364,0.35738364
139,total,0.5766645,0.4868145,0.2085611,0.5749924,0.79753464,0.6732695,0.73015213,16526092.0,0.71302325,240.0,rand,-0.08985002,0.08985002
139,total,0.5766645,0.42396894,0.24218991,0.55052274,0.83798975,0.61609614,0.710112,18046322.0,0.7099291,250.0,rand,-0.15269558,0.15269558
139,total,0.5766645,0.28616413,0.45466185,0.3869978,0.8412849,0.41747794,0.55803615,19230354.0,0.61866176,250.0,al,-0.2905004,0.2905004
139,total,0.5766645,0.2230792,0.5588804,0.31779456,0.8645536,0.33444586,0.48231235,20003976.0,0.5859834,260.0,al,-0.35358533,0.35358533
139,total,0.5766645,0.5309898,0.42277882,0.48389825,0.6802498,0.6263694,0.6521982,12902008.0,0.6147567,260.0,rand,-0.04567473,0.04567473
139,total,0.5766645,0.13538553,0.7034402,0.19211535,0.8475877,0.19898963,0.32230967,20491500.0,0.51745147,270.0,al,-0.441279,0.441279
139,total,0.5766645,0.2676485,0.49655405,0.4080238,0.9141454,0.4242826,0.57956904,20372200.0,0.64502543,270.0,rand,-0.30901605,0.30901605
139,total,0.5766645,0.16028711,0.6795622,0.19239165,0.74183923,0.20619705,0.3226984,19435872.0,0.5008624,280.0,al,-0.41637743,0.41637743
139,total,0.5766645,0.35625836,0.34605062,0.5238091,0.90016866,0.55611485,0.6874991,19731714.0,0.7084615,280.0,rand,-0.22040619,0.22040619
139,total,0.5766645,0.15338822,0.66397744,0.21490416,0.84191316,0.22394079,0.3537793,20307588.0,0.52822566,290.0,al,-0.4232763,0.4232763
139,total,0.5766645,0.31802604,0.40175468,0.46622315,0.89455044,0.4933361,0.6359507,19835012.0,0.6742893,290.0,rand,-0.2586385,0.2586385
139,total,0.5766645,0.19510917,0.6106645,0.29203805,0.8940835,0.30250344,0.4520576,20489926.0,0.5771133,300.0,al,-0.38155535,0.38155535
139,total,0.5766645,0.28121644,0.45970747,0.41382825,0.8929165,0.43543845,0.5854006,20009144.0,0.6443238,300.0,rand,-0.2954481,0.2954481
139,total,0.5766645,0.18054846,0.61891097,0.23061025,0.7859306,0.2460664,0.3747897,19574782.0,0.52658355,310.0,al,-0.39611608,0.39611608
139,total,0.5766645,0.16608024,0.66134185,0.25442085,0.9070539,0.2612313,0.4056384,20755992.0,0.5585419,310.0,rand,-0.4105843,0.4105843
139,total,0.5766645,0.18978892,0.5960603,0.27827397,0.8791547,0.28934142,0.43538982,20374428.0,0.5672534,320.0,al,-0.38687563,0.38687563
139,total,0.5766645,0.14822614,0.70843464,0.21522622,0.86614,0.22263156,0.35421556,20531844.0,0.53187776,320.0,rand,-0.4284384,0.4284384
139,total,0.5766645,0.052860834,0.82144076,0.056103047,0.63265496,0.057992183,0.10624525,20553400.0,0.4373597,330.0,al,-0.5238037,0.5238037
139,total,0.5766645,0.14525607,0.6855278,0.21781687,0.88892895,0.22391084,0.35771662,20720514.0,0.53632325,330.0,rand,-0.43140846,0.43140846
