,images,gt_confluence,pred_confluence,relative_delta_confluence,iou,precision,recall,f1,true_negative,accuracy,step,method,dAbsConf,dAbsAbsConf
2,total,0.26927653,0.340449,0.26640594,0.29128075,0.40399313,0.51077104,0.45114964,1297156.0,0.66535276,0.0,rand,0.07117247,0.07117247
2,total,0.26927653,0.35548237,0.32288843,0.3053146,0.41108087,0.54268223,0.4678018,1281328.0,0.66750526,0.0,al,0.08620583,0.08620583
2,total,0.26927653,0.28613138,0.06400982,0.27764362,0.42181817,0.44821948,0.43461776,1389252.0,0.68598306,1.0,rand,0.016854841,0.016854841
2,total,0.26927653,0.21837828,0.18775356,0.24337105,0.43709147,0.35447147,0.3914692,1493722.0,0.7032479,1.0,al,-0.05089825,0.05089825
2,total,0.26927653,0.2578961,0.04092638,0.25846487,0.41982603,0.40208137,0.41076165,1428110.0,0.6893705,2.0,rand,-0.011380429,0.011380429
2,total,0.26927653,0.296734,0.103836894,0.28387296,0.42175466,0.46475837,0.44221297,1374140.0,0.6842875,2.0,al,0.02745746,0.02745746
2,total,0.26927653,0.19398864,0.27783498,0.22847028,0.44413984,0.31995967,0.3719585,1530823.0,0.70905113,3.0,al,-0.0752879,0.0752879
2,total,0.26927653,0.23205666,0.13716769,0.2340596,0.4097545,0.353116,0.37933224,1459209.0,0.6888395,3.0,rand,-0.037219867,0.037219867
2,total,0.26927653,0.26198465,0.047225043,0.26004416,0.418499,0.4071647,0.41275355,1421426.0,0.68801963,4.0,rand,-0.0072918874,0.0072918874
2,total,0.26927653,0.2764638,0.05672138,0.26914084,0.4186184,0.42979023,0.42413026,1400815.0,0.6857255,4.0,al,0.0071872794,0.0071872794
2,total,0.26927653,0.23156309,0.13889775,0.24007225,0.41872156,0.3600761,0.38719025,1465028.0,0.69308144,5.0,al,-0.03771344,0.03771344
2,total,0.26927653,0.20564798,0.23628974,0.20763877,0.39707518,0.30324703,0.34387514,1491109.0,0.6883911,5.0,rand,-0.063628554,0.063628554
2,total,0.26927653,0.21167783,0.2129527,0.22908205,0.42348674,0.33290064,0.37276885,1495914.0,0.6983313,6.0,rand,-0.05759869,0.05759869
2,total,0.26927653,0.2183673,0.18766612,0.23202081,0.42055726,0.34104544,0.3766503,1484864.0,0.69602823,6.0,al,-0.050909236,0.050909236
2,total,0.26927653,0.14992206,0.44231096,0.19059011,0.44760427,0.24920592,0.32016027,1592298.0,0.715013,7.0,rand,-0.11935447,0.11935447
2,total,0.26927653,0.1851662,0.3111206,0.20854002,0.42349395,0.2912112,0.34511018,1533480.0,0.70239097,7.0,al,-0.08411033,0.08411033
2,total,0.26927653,0.16953062,0.3700702,0.2013341,0.43379113,0.2731038,0.33518374,1559923.0,0.7082747,8.0,rand,-0.09974591,0.09974591
2,total,0.26927653,0.17697895,0.3418657,0.20696126,0.43237358,0.28417104,0.3429455,1548942.0,0.7067867,8.0,al,-0.092297584,0.092297584
2,total,0.26927653,0.17224994,0.35917822,0.2101391,0.4451135,0.28472713,0.34729695,1560932.0,0.7118152,9.0,al,-0.09702659,0.09702659
2,total,0.26927653,0.178303,0.33605936,0.21761361,0.44863132,0.29706213,0.35744232,1554219.0,0.7124052,9.0,rand,-0.090973526,0.090973526
2,total,0.26927653,0.17194355,0.36078766,0.21938302,0.46167225,0.294794,0.3598258,1568347.0,0.7175431,10.0,rand,-0.097332984,0.097332984
2,total,0.26927653,0.17536803,0.3472341,0.2047349,0.43088806,0.28061694,0.33988327,1550549.0,0.70648354,10.0,al,-0.0939085,0.0939085
2,total,0.26927653,0.16756082,0.37706184,0.20330043,0.44046673,0.2740845,0.3379042,1565413.0,0.7107727,11.0,al,-0.101715714,0.101715714
2,total,0.26927653,0.1713572,0.3624792,0.20969972,0.44575602,0.2836603,0.34669667,1562420.0,0.7121334,11.0,rand,-0.09791933,0.09791933
2,total,0.26927653,0.17672952,0.34234118,0.22243313,0.45920596,0.30138084,0.36391822,1560944.0,0.71630454,12.0,al,-0.092547014,0.092547014
2,total,0.26927653,0.15042174,0.44055247,0.19830057,0.46172845,0.25792643,0.3309692,1596841.0,0.7192098,12.0,rand,-0.11885479,0.11885479
2,total,0.26927653,0.19084898,0.288815,0.23074596,0.45201567,0.32036313,0.3749688,1538806.0,0.71240807,13.0,rand,-0.078427546,0.078427546
2,total,0.26927653,0.19675638,0.26680496,0.23567903,0.4517564,0.33009002,0.38145623,1530725.0,0.7117391,13.0,al,-0.07252016,0.07252016
