,images,gt_confluence,pred_confluence,relative_delta_confluence,iou,precision,recall,f1,true_negative,accuracy,step,method,dAbsConf,dAbsAbsConf
3,total,0.15109126,0.081297286,0.4005314,0.14974049,0.37229016,0.20031476,0.26047656,627477.0,0.8281441,0.0,al,-0.06979397,0.06979397
3,total,0.15109126,0.1588043,0.3071521,0.22659533,0.360499,0.3788997,0.3694699,587743.0,0.8046023,0.0,rand,0.0077130464,0.0077130464
3,total,0.15109126,0.14817274,0.36813203,0.19359158,0.32758072,0.32125095,0.32438445,589254.0,0.7978134,1.0,rand,-0.002918515,0.002918515
3,total,0.15109126,0.20324807,0.43723598,0.2231718,0.31808683,0.42788854,0.36490622,558612.0,0.7749621,1.0,al,0.052156813,0.052156813
3,total,0.15109126,0.08394596,0.37052348,0.134656,0.33227804,0.18461072,0.23735076,623528.0,0.82074994,2.0,al,-0.0671453,0.0671453
3,total,0.15109126,0.21525928,0.6431789,0.15803161,0.23225193,0.3308871,0.27293095,537640.0,0.73363876,2.0,rand,0.06416802,0.06416802
3,total,0.15109126,0.18249866,0.3397079,0.21816957,0.32737142,0.39542007,0.35819197,571072.0,0.7859001,3.0,al,0.0314074,0.0314074
3,total,0.15109126,0.08000792,0.46205297,0.16571417,0.41061667,0.21743265,0.2843131,630525.0,0.8346062,3.0,rand,-0.07108334,0.07108334
3,total,0.15109126,0.0683057,0.4434462,0.0734639,0.21981868,0.0993747,0.13687219,625700.0,0.81063336,4.0,rand,-0.08278556,0.08278556
3,total,0.15109126,0.037889846,0.6947797,0.05677067,0.26794645,0.067192376,0.10744148,645796.0,0.8313243,4.0,al,-0.11320141,0.11320141
3,total,0.15109126,0.09235228,0.3238921,0.14630334,0.3364405,0.205642,0.25526068,619416.0,0.8186989,5.0,al,-0.05873898,0.05873898
3,total,0.15109126,0.1582321,0.33651114,0.17321855,0.28862566,0.30226472,0.29528728,579087.0,0.78201675,5.0,rand,0.007140842,0.007140842
3,total,0.15109126,0.05339913,0.59876215,0.098829545,0.34443015,0.12172727,0.1798811,640079.0,0.83229446,6.0,al,-0.097692125,0.097692125
3,total,0.15109126,0.07844771,0.43136865,0.10190328,0.27059796,0.14049469,0.18495822,622610.0,0.81291705,6.0,rand,-0.07264355,0.07264355
3,total,0.15109126,0.059103377,0.5592358,0.15234683,0.47018072,0.18392062,0.264411,642983.0,0.84538394,7.0,al,-0.09198788,0.09198788
3,total,0.15109126,0.04285658,0.7080605,0.099976204,0.41132838,0.116669334,0.1817785,647769.0,0.8413086,7.0,rand,-0.108234674,0.108234674
3,total,0.15109126,0.061416354,0.519569,0.07681007,0.24681671,0.100325696,0.14266184,631231.0,0.81781006,8.0,al,-0.089674905,0.089674905
3,total,0.15109126,0.029998507,0.76750773,0.08706339,0.48348945,0.095991515,0.1601806,655424.0,0.8479182,8.0,rand,-0.12109275,0.12109275
3,total,0.15109126,0.04408237,0.6656716,0.11753442,0.465659,0.13585754,0.2103456,649085.0,0.84588116,9.0,rand,-0.10700889,0.10700889
3,total,0.15109126,0.027927127,0.7683379,0.0862202,0.50883347,0.09404745,0.15875244,656822.0,0.8494021,9.0,al,-0.12316413,0.12316413
