,images,gt_confluence,pred_confluence,relative_delta_confluence,iou,precision,recall,f1,true_negative,accuracy,step,method,dAbsConf,dAbsAbsConf
2,total,0.35496256,0.45379576,0.2791538,0.32980388,0.4420047,0.56507206,0.49601832,962942.0,0.5924015,0.0,rand,0.098833196,0.098833196
2,total,0.35496256,0.3145469,0.11419214,0.3617561,0.5654426,0.50106037,0.5313077,1249319.0,0.6862069,0.0,al,-0.040415667,0.040415667
2,total,0.35496256,0.400792,0.12885559,0.45549068,0.59010905,0.6662968,0.62589246,1181508.0,0.7172673,1.0,al,0.04582945,0.04582945
2,total,0.35496256,0.36619687,0.046038684,0.42581466,0.58813196,0.6067443,0.59729266,1214578.0,0.70958453,1.0,rand,0.011234317,0.011234317
2,total,0.35496256,0.31617776,0.1094824,0.44534284,0.6540431,0.5825775,0.61624473,1316423.0,0.7424471,2.0,al,-0.038784806,0.038784806
2,total,0.35496256,0.40394104,0.13695018,0.45014247,0.5831879,0.66365564,0.6208247,1171465.0,0.71224326,2.0,rand,0.04897846,0.04897846
2,total,0.35496256,0.28569028,0.19675408,0.4555612,0.7018501,0.5648795,0.62595904,1375910.0,0.76037025,3.0,rand,-0.06927227,0.06927227
2,total,0.35496256,0.33211282,0.0642935,0.38882706,0.5791989,0.5419129,0.5599354,1241787.0,0.6976432,3.0,al,-0.022849748,0.022849748
2,total,0.35496256,0.37086606,0.044030312,0.4679632,0.62389874,0.6518497,0.6375675,1242451.0,0.73693687,4.0,rand,0.015903506,0.015903506
2,total,0.35496256,0.33112973,0.0668077,0.44402918,0.63711905,0.5943399,0.61498594,1289938.0,0.73584557,4.0,al,-0.023832822,0.023832822
2,total,0.35496256,0.33312723,0.061393328,0.50655705,0.6945099,0.6517855,0.67246926,1335142.0,0.7746301,5.0,al,-0.021835344,0.021835344
2,total,0.35496256,0.296817,0.16526191,0.45596945,0.6876956,0.5750439,0.6263443,1357432.0,0.75645953,5.0,rand,-0.058145564,0.058145564
2,total,0.35496256,0.35523862,0.013727291,0.47882906,0.64732796,0.64782953,0.6475781,1277350.0,0.74971026,6.0,al,0.0002760651,0.0002760651
2,total,0.35496256,0.34797218,0.029077698,0.5073736,0.67995167,0.6665593,0.6731884,1311547.0,0.77027345,6.0,rand,-0.0069903736,0.0069903736
2,total,0.35496256,0.34976825,0.038660612,0.52573216,0.69427216,0.68411064,0.68915343,1322444.0,0.7809375,7.0,rand,-0.0051943124,0.0051943124
2,total,0.35496256,0.26691222,0.24777652,0.39134595,0.6553317,0.4927713,0.5625425,1359155.0,0.72795695,7.0,al,-0.08805035,0.08805035
2,total,0.35496256,0.29827574,0.15980448,0.42233318,0.6502919,0.54643977,0.5938592,1328894.0,0.734694,8.0,rand,-0.056686826,0.056686826
2,total,0.35496256,0.25132263,0.29222208,0.39737087,0.6860105,0.4857111,0.56874025,1391309.0,0.73853433,8.0,al,-0.10363995,0.10363995
2,total,0.35496256,0.3098362,0.12849225,0.5145218,0.728932,0.63626087,0.67945063,1378839.0,0.7868998,9.0,rand,-0.04512636,0.04512636
2,total,0.35496256,0.24934101,0.29800275,0.3781688,0.6650369,0.46714872,0.5487985,1379986.0,0.7273381,9.0,al,-0.10562156,0.10562156
2,total,0.35496256,0.21588846,0.39276013,0.3592694,0.6988908,0.42506385,0.5286209,1425486.0,0.7309135,10.0,rand,-0.13907412,0.13907412
2,total,0.35496256,0.2761566,0.22209263,0.46706417,0.7275859,0.566051,0.63673264,1400362.0,0.7707357,10.0,al,-0.07880597,0.07880597
2,total,0.35496256,0.2629718,0.25953105,0.4800265,0.7621314,0.5646181,0.64867234,1431515.0,0.78290325,11.0,al,-0.091990784,0.091990784
2,total,0.35496256,0.28514707,0.19767755,0.4806092,0.7286818,0.58535963,0.6492042,1395111.0,0.77545285,11.0,rand,-0.06981549,0.06981549
2,total,0.35496256,0.25366637,0.2855493,0.45373932,0.74887717,0.53516686,0.624237,1428692.0,0.77130044,12.0,rand,-0.1012962,0.1012962
2,total,0.35496256,0.25475645,0.2823527,0.4674835,0.76242757,0.54719174,0.63712215,1436503.0,0.77874714,12.0,al,-0.100206114,0.100206114
2,total,0.35496256,0.25262836,0.28862992,0.43629685,0.73058045,0.51995516,0.6075297,1417973.0,0.7615393,13.0,al,-0.10233421,0.10233421
2,total,0.35496256,0.24973692,0.2974623,0.4374132,0.73683137,0.51840186,0.60861117,1423724.0,0.763328,13.0,rand,-0.105225645,0.105225645
