,images,gt_confluence,pred_confluence,relative_delta_confluence,iou,precision,recall,f1,true_negative,accuracy,step,method,dAbsConf,dAbsAbsConf
2,total,0.35496256,0.44775614,0.26213905,0.33135483,0.446192,0.5628333,0.4977704,975832.0,0.5968518,0.0,rand,0.09279356,0.09279356
2,total,0.35496256,0.40271136,0.13573739,0.49480927,0.6227891,0.7065636,0.6620362,1211918.0,0.74393433,0.0,al,0.047748804,0.047748804
2,total,0.35496256,0.3051491,0.14004011,0.4007073,0.61885077,0.532003,0.57214946,1299408.0,0.7175716,1.0,al,-0.049813453,0.049813453
2,total,0.35496256,0.5179799,0.46059445,0.4474032,0.52093387,0.7601724,0.61821455,975400.0,0.666724,1.0,rand,0.16301736,0.16301736
2,total,0.35496256,0.36110818,0.017753547,0.43700552,0.6030422,0.61348116,0.6082164,1232961.0,0.71945596,2.0,al,0.006145613,0.006145613
2,total,0.35496256,0.43934914,0.23927565,0.42622784,0.5402994,0.66874534,0.597699,1088886.0,0.6804484,2.0,rand,0.08438658,0.08438658
2,total,0.35496256,0.3731329,0.05240214,0.4649647,0.6193243,0.6510255,0.63477886,1236161.0,0.7340849,3.0,rand,0.018170353,0.018170353
2,total,0.35496256,0.3177183,0.10597788,0.36415008,0.56517875,0.50587606,0.5338851,1245726.0,0.68645424,3.0,al,-0.03724428,0.03724428
2,total,0.35496256,0.34456602,0.028411902,0.43263727,0.6130859,0.59512746,0.60397273,1257604.0,0.72296834,4.0,rand,-0.010396542,0.010396542
2,total,0.35496256,0.30634418,0.13683824,0.40976864,0.62745845,0.5415152,0.581327,1304769.0,0.72312945,4.0,al,-0.048618384,0.048618384
2,total,0.35496256,0.32224587,0.09163548,0.4386499,0.6407648,0.581704,0.6098072,1300748.0,0.73575884,5.0,al,-0.03271669,0.03271669
2,total,0.35496256,0.36484718,0.028681725,0.4559819,0.6178726,0.63507676,0.62635607,1242611.0,0.73104817,5.0,rand,0.009884627,0.009884627
2,total,0.35496256,0.30604187,0.13773909,0.44019598,0.66015935,0.56917477,0.6112996,1329641.0,0.74306804,6.0,al,-0.048920713,0.048920713
2,total,0.35496256,0.31598487,0.10956912,0.43180236,0.64036095,0.5700425,0.60315865,1305962.0,0.73374104,6.0,rand,-0.03897768,0.03897768
2,total,0.35496256,0.29310364,0.1733234,0.42184594,0.6559947,0.54167336,0.59337735,1337447.0,0.7364823,7.0,rand,-0.061858945,0.061858945
2,total,0.35496256,0.33944598,0.044396397,0.5085421,0.6896274,0.6594796,0.67421615,1326325.0,0.7737736,7.0,al,-0.015516578,0.015516578
2,total,0.35496256,0.29706034,0.1631394,0.4585507,0.69005674,0.5774913,0.6287753,1358969.0,0.7579537,8.0,rand,-0.05790224,0.05790224
2,total,0.35496256,0.2844895,0.19848873,0.44119495,0.68809813,0.5514836,0.6122622,1367175.0,0.75206095,8.0,al,-0.07047304,0.07047304
2,total,0.35496256,0.29630268,0.16629055,0.48458737,0.7174464,0.59888166,0.6528238,1379491.0,0.7738969,9.0,rand,-0.05865989,0.05865989
2,total,0.35496256,0.29061338,0.18125603,0.43076733,0.66881543,0.5475677,0.6021482,1348709.0,0.74315715,9.0,al,-0.06434918,0.06434918
2,total,0.35496256,0.32507017,0.08512518,0.5218103,0.71730775,0.6568993,0.6857753,1359404.0,0.7863175,10.0,rand,-0.029892392,0.029892392
2,total,0.35496256,0.2833864,0.20263246,0.46714136,0.71722656,0.57259995,0.63680434,1388307.0,0.7681551,10.0,al,-0.07157615,0.07157615
2,total,0.35496256,0.3034731,0.14578404,0.4815996,0.7052599,0.6029557,0.65010715,1365423.0,0.76961875,11.0,al,-0.05148948,0.05148948
2,total,0.35496256,0.27730405,0.2190314,0.45680374,0.71494645,0.55852884,0.627131,1390980.0,0.7642481,11.0,rand,-0.077658504,0.077658504
2,total,0.35496256,0.23892434,0.32743052,0.43539777,0.7539775,0.5074981,0.6066575,1440785.0,0.76639974,12.0,rand,-0.116038226,0.116038226
2,total,0.35496256,0.3000844,0.15554692,0.52159315,0.74827826,0.63259035,0.6855877,1399603.0,0.7940458,12.0,al,-0.05487815,0.05487815
2,total,0.35496256,0.32355487,0.08896315,0.49305415,0.6925208,0.6312434,0.66046333,1340747.0,0.76961917,13.0,al,-0.03140769,0.03140769
2,total,0.35496256,0.28756937,0.19179457,0.5070256,0.7517305,0.6090048,0.672882,1409785.0,0.7898169,13.0,rand,-0.067393206,0.067393206
