,images,gt_confluence,pred_confluence,relative_delta_confluence,iou,precision,recall,f1,true_negative,accuracy,step,method,dAbsConf,dAbsAbsConf
139,total,0.5766645,0.38874894,0.3706571,0.45493463,0.77651584,0.5234741,0.6253673,17120628.0,0.6383254,0.0,rand,-0.18791558,0.18791558
139,total,0.5766645,0.3807601,0.3783719,0.4030814,0.72237676,0.4769697,0.5745655,16162533.0,0.5926794,0.0,al,-0.19590445,0.19590445
139,total,0.5766645,0.4301208,0.2307719,0.56304234,0.8431742,0.6289028,0.7204436,18109078.0,0.7185475,10.0,rand,-0.14654374,0.14654374
139,total,0.5766645,0.57296896,0.2680531,0.57968056,0.7362887,0.73156893,0.73392075,13852831.0,0.69410723,10.0,al,-0.003695562,0.003695562
139,total,0.5766645,0.6694173,0.39389318,0.663909,0.7427265,0.862188,0.7980107,12777884.0,0.7483056,20.0,al,0.09275277,0.09275277
139,total,0.5766645,0.50924987,0.20019491,0.5910581,0.7921533,0.6995457,0.74297434,16155504.0,0.7208929,20.0,rand,-0.06741464,0.06741464
139,total,0.5766645,0.6010752,0.22594509,0.61687815,0.74755466,0.77919793,0.7630479,13820251.0,0.7209329,30.0,al,0.02441065,0.02441065
139,total,0.5766645,0.43104658,0.26014054,0.5040409,0.7834631,0.5856235,0.67024845,16791998.0,0.6677065,30.0,rand,-0.14561796,0.14561796
139,total,0.5766645,0.34588724,0.34869197,0.46717465,0.8492869,0.5094065,0.6368353,18888856.0,0.66496253,40.0,rand,-0.2307773,0.2307773
139,total,0.5766645,0.40897447,0.2870445,0.46786207,0.7681657,0.54478705,0.6374737,16716850.0,0.64268076,40.0,al,-0.16769007,0.16769007
139,total,0.5766645,0.6244936,0.34497482,0.6030164,0.7235419,0.7835519,0.75235164,12756361.0,0.702536,50.0,al,0.047829088,0.047829088
139,total,0.5766645,0.4960983,0.21982996,0.59334064,0.8052522,0.6927484,0.7447751,16625268.0,0.72620505,50.0,rand,-0.08056623,0.08056623
139,total,0.5766645,0.5725657,0.22606342,0.57072467,0.72930413,0.7241191,0.72670186,13654746.0,0.6859184,60.0,al,-0.004098843,0.004098843
139,total,0.5766645,0.46376833,0.23162279,0.5546197,0.80035865,0.64366746,0.7135113,16830168.0,0.7019285,60.0,rand,-0.11289621,0.11289621
139,total,0.5766645,0.41364324,0.30233514,0.51133305,0.81000656,0.5810188,0.6766645,17542450.0,0.6797991,70.0,rand,-0.1630213,0.1630213
139,total,0.5766645,0.533358,0.49296436,0.47591805,0.671094,0.62069476,0.6449107,12614989.0,0.6058438,70.0,al,-0.04330657,0.04330657
139,total,0.5766645,0.5605436,0.22143486,0.629974,0.7841026,0.7621813,0.77298605,15383375.0,0.7418387,80.0,rand,-0.016120924,0.016120924
139,total,0.5766645,0.52105427,0.24845077,0.54911345,0.746771,0.67475533,0.7089385,14827398.0,0.6804971,80.0,al,-0.055610266,0.055610266
139,total,0.5766645,0.5267315,0.2732233,0.54329187,0.7374417,0.6735858,0.70406836,14504194.0,0.67347103,90.0,rand,-0.04993307,0.04993307
139,total,0.5766645,0.15867022,0.65166324,0.18364775,0.71904314,0.19784468,0.31030777,19273058.0,0.49284628,90.0,al,-0.41799432,0.41799432
139,total,0.5766645,0.4728215,0.29758978,0.460994,0.7003688,0.5742485,0.6310685,14332491.0,0.6128124,100.0,al,-0.10384303,0.10384303
139,total,0.5766645,0.4963476,0.21864901,0.5544386,0.77107936,0.6636833,0.7133614,15759706.0,0.6924341,100.0,rand,-0.08031694,0.08031694
139,total,0.5766645,0.5050703,0.3892012,0.44263938,0.65714574,0.5755585,0.61365163,12729945.0,0.58207446,110.0,al,-0.07159419,0.07159419
139,total,0.5766645,0.44676408,0.22719929,0.536441,0.7998084,0.61964077,0.69828993,16990400.0,0.6912221,110.0,rand,-0.12990046,0.12990046
139,total,0.5766645,0.56451654,0.44440186,0.46579263,0.64238936,0.62885576,0.63555,11268953.0,0.5840975,120.0,al,-0.012147974,0.012147974
139,total,0.5766645,0.37573266,0.42251393,0.3714202,0.686491,0.4472902,0.5416573,15547450.0,0.5634766,120.0,rand,-0.20093186,0.20093186
139,total,0.5766645,0.3308044,0.36553708,0.42058113,0.8121665,0.46589902,0.592125,18379680.0,0.62986696,130.0,rand,-0.24586013,0.24586013
139,total,0.5766645,0.34883583,0.35166758,0.4924583,0.8754343,0.52956605,0.6599286,19330372.0,0.6852646,130.0,al,-0.22782871,0.22782871
139,total,0.5766645,0.33654037,0.36204726,0.4155277,0.7965508,0.46486422,0.5870989,18057440.0,0.6229375,140.0,rand,-0.24012417,0.24012417
139,total,0.5766645,0.5761881,0.38904116,0.5275417,0.69099295,0.6904208,0.69070625,12481591.0,0.6434308,140.0,al,-0.00047646769,0.00047646769
139,total,0.5766645,0.5844821,0.44073236,0.5121625,0.6728613,0.68198174,0.67739034,11811916.0,0.62540376,150.0,al,0.007817549,0.007817549
139,total,0.5766645,0.27874824,0.43213707,0.3640381,0.81900203,0.39588797,0.53376484,18974184.0,0.60117733,150.0,rand,-0.2979163,0.2979163
139,total,0.5766645,0.33926672,0.35646698,0.44857496,0.83601964,0.4918506,0.6193323,18710588.0,0.65133536,160.0,rand,-0.23739783,0.23739783
139,total,0.5766645,0.46256953,0.32639217,0.47504997,0.7235515,0.58039314,0.64411324,15034471.0,0.6301512,160.0,al,-0.11409501,0.11409501
139,total,0.5766645,0.4343383,0.30216777,0.5071438,0.7832515,0.5899363,0.6729861,16751051.0,0.66938883,170.0,al,-0.14232622,0.14232622
139,total,0.5766645,0.29861292,0.42005527,0.41943485,0.86613816,0.4485089,0.5909881,19507458.0,0.64200187,170.0,rand,-0.2780516,0.2780516
139,total,0.5766645,0.2629998,0.4798488,0.37519127,0.8710458,0.397257,0.5456564,19815718.0,0.6185047,180.0,rand,-0.31366473,0.31366473
139,total,0.5766645,0.5022032,0.34899262,0.5538864,0.76575637,0.6668774,0.7129041,15555469.0,0.6902623,180.0,al,-0.07446132,0.07446132
139,total,0.5766645,0.33313486,0.37693635,0.46895772,0.87186813,0.5036703,0.63848996,19369440.0,0.6710992,190.0,rand,-0.24352968,0.24352968
139,total,0.5766645,0.5308285,0.2717489,0.58955485,0.7738128,0.71230507,0.7417856,15431883.0,0.71403015,190.0,al,-0.045836054,0.045836054
139,total,0.5766645,0.31280378,0.38980412,0.436047,0.8634238,0.46835092,0.60728747,19367592.0,0.65069544,200.0,rand,-0.26386076,0.26386076
139,total,0.5766645,0.45026097,0.42248666,0.4695945,0.72878706,0.5690373,0.63907987,15327572.0,0.62936276,200.0,al,-0.12640356,0.12640356
139,total,0.5766645,0.23473573,0.5278873,0.30529532,0.8084788,0.3290961,0.46777928,19253850.0,0.56815684,210.0,al,-0.3419288,0.3419288
139,total,0.5766645,0.3238625,0.44965616,0.3533651,0.7260151,0.40773848,0.5222017,17026278.0,0.56973064,210.0,rand,-0.25280204,0.25280204
139,total,0.5766645,0.3121996,0.39029336,0.4414803,0.8719801,0.47207856,0.61253697,19507718.0,0.65559876,220.0,rand,-0.26446494,0.26446494
139,total,0.5766645,0.35769892,0.47459295,0.34938475,0.6763432,0.41952735,0.51784253,15650436.0,0.54949063,220.0,al,-0.21896562,0.21896562
139,total,0.5766645,0.19313735,0.62486255,0.2638643,0.8321365,0.27869895,0.41755125,19891752.0,0.55163074,230.0,al,-0.3835272,0.3835272
139,total,0.5766645,0.24630907,0.51259375,0.36122116,0.886648,0.37870988,0.5307306,20120788.0,0.6138045,230.0,rand,-0.33035547,0.33035547
139,total,0.5766645,0.11937014,0.7132229,0.16663302,0.8328465,0.17239863,0.28566456,20526168.0,0.5027987,240.0,rand,-0.4572944,0.4572944
139,total,0.5766645,0.32400122,0.3668174,0.4361043,0.84415513,0.47429037,0.607343,18972094.0,0.6463481,240.0,al,-0.2526633,0.2526633
139,total,0.5766645,0.27172467,0.49066013,0.35850176,0.82394505,0.38824198,0.5277895,19107218.0,0.5993825,250.0,al,-0.30493987,0.30493987
139,total,0.5766645,0.18335374,0.60130703,0.22925413,0.77305704,0.2457965,0.37299675,19424116.0,0.523467,250.0,rand,-0.3933108,0.3933108
139,total,0.5766645,0.14961176,0.6568781,0.19291243,0.785037,0.20367123,0.3234307,19904972.0,0.5086247,260.0,al,-0.4270528,0.4270528
139,total,0.5766645,0.24985509,0.49610198,0.35156465,0.8604677,0.37281877,0.52023315,19767482.0,0.6034641,260.0,rand,-0.32680944,0.32680944
139,total,0.5766645,0.13357176,0.698824,0.18839963,0.84296274,0.19525248,0.31706414,20474132.0,0.51495504,270.0,al,-0.44309276,0.44309276
139,total,0.5766645,0.35306656,0.3315004,0.5086694,0.887857,0.5435946,0.674328,19526740.0,0.6972134,270.0,rand,-0.22359799,0.22359799
139,total,0.5766645,0.1999762,0.59841293,0.27715316,0.8427918,0.29226258,0.4340167,19941764.0,0.5604352,280.0,al,-0.37668833,0.37668833
139,total,0.5766645,0.18203722,0.60663295,0.2532935,0.8423333,0.26590014,0.40420428,20081020.0,0.5479696,280.0,rand,-0.3946273,0.3946273
139,total,0.5766645,0.36008716,0.3670567,0.40884897,0.75494635,0.4714105,0.58040094,17051352.0,0.60694075,290.0,al,-0.21657738,0.21657738
139,total,0.5766645,0.14434911,0.6769943,0.20470464,0.84874827,0.2124549,0.33984172,20430506.0,0.52401775,300.0,al,-0.4323154,0.4323154
139,total,0.5766645,0.13879949,0.6913369,0.20096132,0.86255324,0.2076096,0.33466712,20570720.0,0.5239791,300.0,rand,-0.43786505,0.43786505
139,total,0.5766645,0.2500538,0.5623566,0.30376172,0.7703004,0.33401704,0.46597692,18618786.0,0.55851424,310.0,al,-0.3266107,0.3266107
139,total,0.5766645,0.12859851,0.7022161,0.17849292,0.83063835,0.18523425,0.30291697,20433224.0,0.508374,310.0,rand,-0.44806603,0.44806603
139,total,0.5766645,0.13122757,0.6957088,0.17352024,0.797635,0.18151093,0.29572573,20190188.0,0.5014507,320.0,rand,-0.44543695,0.44543695
139,total,0.5766645,0.13315874,0.6862958,0.1854777,0.8340297,0.192586,0.3129161,20416904.0,0.51229274,320.0,al,-0.4435058,0.4435058
139,total,0.5766645,0.1075163,0.73836124,0.14983052,0.8292137,0.15460142,0.26061296,20607116.0,0.49412647,330.0,rand,-0.46914822,0.46914822
139,total,0.5766645,0.12946144,0.6992573,0.16904786,0.7887182,0.17706622,0.28920576,20149634.0,0.49809065,330.0,al,-0.4472031,0.4472031
