,images,gt_confluence,pred_confluence,relative_delta_confluence,iou,precision,recall,f1,true_negative,accuracy,step,method,dAbsConf,dAbsAbsConf
139,total,0.5766645,0.5983767,0.33218348,0.6425252,0.7681692,0.7970905,0.78236216,14482595.0,0.74426734,0.0,rand,0.02171218,0.02171218
139,total,0.5766645,0.7558641,0.62967527,0.6090593,0.6672992,0.8746625,0.7570372,8745076.0,0.67624605,0.0,al,0.17919958,0.17919958
139,total,0.5766645,0.5666021,0.060166985,0.6737596,0.8122348,0.7980604,0.80508476,16127912.0,0.77716064,10.0,al,-0.010062433,0.010062433
139,total,0.5766645,0.51103467,0.25440595,0.59119433,0.79079866,0.70079696,0.74308205,16101403.0,0.7205513,10.0,rand,-0.065629855,0.065629855
139,total,0.5766645,0.5189703,0.17770472,0.7234802,0.8862252,0.7975585,0.8395568,18536932.0,0.82421356,20.0,rand,-0.057694215,0.057694215
139,total,0.5766645,0.35275337,0.3553427,0.4035671,0.7575708,0.4634148,0.57505876,17189908.0,0.6050529,20.0,al,-0.22391118,0.22391118
139,total,0.5766645,0.55015117,0.19501695,0.6223619,0.78571767,0.74959123,0.7672289,15542758.0,0.7377107,30.0,rand,-0.026513372,0.026513372
139,total,0.5766645,0.38904607,0.26715842,0.451139,0.7716991,0.5206246,0.6217718,17021892.0,0.63474184,30.0,al,-0.18761846,0.18761846
139,total,0.5766645,0.36569944,0.33441478,0.4943294,0.8524427,0.54058635,0.6616065,18795640.0,0.681111,40.0,al,-0.2109651,0.2109651
139,total,0.5766645,0.48749244,0.23877475,0.54315037,0.76833415,0.649522,0.7039495,15794759.0,0.68495667,40.0,rand,-0.0891721,0.0891721
139,total,0.5766645,0.45342374,0.352117,0.45259485,0.7078412,0.556565,0.6231531,14800651.0,0.61181533,50.0,al,-0.123240806,0.123240806
139,total,0.5766645,0.45125836,0.2636412,0.51832676,0.7776322,0.60852057,0.68276,16435402.0,0.6739026,50.0,rand,-0.12540618,0.12540618
139,total,0.5766645,0.12667269,0.76671815,0.196508,0.9119018,0.20031081,0.3284689,20973620.0,0.527688,60.0,al,-0.44999185,0.44999185
139,total,0.5766645,0.47194985,0.18841568,0.5855862,0.82058096,0.67157286,0.7386364,17232696.0,0.7259311,60.0,rand,-0.104714684,0.104714684
139,total,0.5766645,0.4587193,0.22079112,0.5254543,0.77748245,0.6184626,0.68891466,16347486.0,0.67790806,70.0,rand,-0.11794521,0.11794521
139,total,0.5766645,0.5097992,0.21686506,0.57266736,0.7760364,0.6860522,0.72827476,15731604.0,0.7047812,70.0,al,-0.066865325,0.066865325
139,total,0.5766645,0.42343792,0.25847748,0.53094935,0.8191201,0.60146874,0.69362056,17644124.0,0.6935899,80.0,rand,-0.15322663,0.15322663
139,total,0.5766645,0.49554998,0.31311306,0.48395267,0.7056308,0.60637444,0.6522476,14118642.0,0.62713575,80.0,al,-0.08111456,0.08111456
139,total,0.5766645,0.45958766,0.2814173,0.48527622,0.7366809,0.5871156,0.65344864,15383464.0,0.64088625,90.0,rand,-0.11707688,0.11707688
139,total,0.5766645,0.57666093,0.22710662,0.6248744,0.7691387,0.76913255,0.7691351,14767218.0,0.7337385,90.0,al,-3.5985922e-06,3.5985922e-06
139,total,0.5766645,0.49855664,0.2722729,0.5093756,0.727821,0.629238,0.6749483,14636550.0,0.65049833,100.0,al,-0.07810791,0.07810791
139,total,0.5766645,0.5168865,0.25323582,0.55099684,0.75159264,0.67367995,0.71050626,15007921.0,0.68342465,100.0,rand,-0.05977807,0.05977807
139,total,0.5766645,0.47995454,0.27871495,0.4957161,0.72963,0.60726553,0.66284734,14938366.0,0.6437589,110.0,al,-0.09670998,0.09670998
139,total,0.5766645,0.42959988,0.2772229,0.48557448,0.76561415,0.5703611,0.653719,16417757.0,0.6515506,110.0,rand,-0.14706464,0.14706464
139,total,0.5766645,0.3403637,0.64679825,0.24465328,0.5295938,0.31258035,0.39312634,13394325.0,0.44348076,120.0,al,-0.23630083,0.23630083
139,total,0.5766645,0.26511282,0.46388987,0.3289537,0.7859457,0.36132532,0.49505624,18653832.0,0.57495064,120.0,rand,-0.31155172,0.31155172
139,total,0.5766645,0.14657173,0.69358337,0.2048255,0.8388653,0.21321425,0.34000826,20339690.0,0.5226709,130.0,rand,-0.4300928,0.4300928
139,total,0.5766645,0.5711102,0.44619673,0.46866158,0.64131993,0.63514173,0.63821536,11117889.0,0.5847537,130.0,al,-0.005554337,0.005554337
139,total,0.5766645,0.46892262,0.33079973,0.4624533,0.7050915,0.5733535,0.6324345,14504624.0,0.6156791,140.0,al,-0.107741915,0.107741915
139,total,0.5766645,0.47946286,0.18281974,0.61700004,0.84049857,0.698824,0.76314116,17650044.0,0.74984765,140.0,rand,-0.09720166,0.09720166
139,total,0.5766645,0.42689827,0.3996729,0.3760434,0.64243114,0.47558343,0.54655695,13774108.0,0.5449424,150.0,al,-0.14976627,0.14976627
139,total,0.5766645,0.2711292,0.46044302,0.36246628,0.83187264,0.39111844,0.5320733,19221924.0,0.6032955,150.0,rand,-0.30553535,0.30553535
139,total,0.5766645,0.3680799,0.33909744,0.38422942,0.7124518,0.4547505,0.55515236,16155774.0,0.57973355,160.0,al,-0.20858464,0.20858464
139,total,0.5766645,0.33868715,0.38076037,0.4950319,0.8948965,0.5255899,0.66223544,19730112.0,0.69082737,160.0,rand,-0.23797739,0.23797739
139,total,0.5766645,0.4235439,0.33727932,0.44822264,0.7308885,0.5368158,0.6189964,15741576.0,0.6189178,170.0,al,-0.15312062,0.15312062
139,total,0.5766645,0.3053516,0.42331314,0.43937752,0.8817397,0.46689144,0.61051,19703972.0,0.65646434,170.0,rand,-0.27131295,0.27131295
139,total,0.5766645,0.3197706,0.40837303,0.47111285,0.89775985,0.49782202,0.6404845,19877874.0,0.67771846,180.0,rand,-0.25689393,0.25689393
139,total,0.5766645,0.39123142,0.29582804,0.5033187,0.82829994,0.56194913,0.66960967,18123304.0,0.6802173,180.0,al,-0.1854331,0.1854331
139,total,0.5766645,0.1872712,0.6550397,0.2812457,0.89544946,0.2907947,0.4390188,20545186.0,0.57144725,190.0,rand,-0.38939336,0.38939336
139,total,0.5766645,0.2642539,0.5004007,0.37354037,0.8654255,0.39657584,0.5439084,19731916.0,0.616465,190.0,al,-0.31241062,0.31241062
139,total,0.5766645,0.2892678,0.47499186,0.40659013,0.8653147,0.4340597,0.57812124,19558992.0,0.63468236,200.0,al,-0.2873967,0.2873967
139,total,0.5766645,0.2808659,0.45121685,0.39637476,0.8666736,0.42211404,0.5677193,19635996.0,0.629307,200.0,rand,-0.29579863,0.29579863
139,total,0.5766645,0.30822122,0.4178796,0.40842807,0.83254266,0.444984,0.57997674,18915104.0,0.6283282,210.0,al,-0.26844332,0.26844332
139,total,0.5766645,0.26685393,0.5038093,0.39163035,0.88955855,0.41164544,0.56283635,20041808.0,0.63124514,210.0,rand,-0.30981058,0.30981058
139,total,0.5766645,0.25684223,0.5008681,0.36691076,0.8710922,0.3879767,0.5368462,19856728.0,0.613959,220.0,rand,-0.3198223,0.3198223
139,total,0.5766645,0.29376042,0.48676726,0.35433164,0.7752182,0.39490488,0.52325636,18181440.0,0.58503133,220.0,al,-0.28290412,0.28290412
139,total,0.5766645,0.32052281,0.3816389,0.4427047,0.85893786,0.47741506,0.61371446,19240782.0,0.6534303,230.0,al,-0.25614172,0.25614172
139,total,0.5766645,0.2785846,0.46889958,0.40078613,0.8783699,0.42433587,0.57222986,19817276.0,0.63415074,230.0,rand,-0.29807994,0.29807994
139,total,0.5766645,0.34637365,0.33922362,0.48725885,0.87306947,0.52440774,0.6552437,19304298.0,0.68177754,240.0,rand,-0.2302909,0.2302909
139,total,0.5766645,0.28234276,0.4887154,0.3686036,0.8194135,0.4011945,0.538656,18946990.0,0.60370296,240.0,al,-0.29432178,0.29432178
139,total,0.5766645,0.25654584,0.52667576,0.33623263,0.8172382,0.36357057,0.50325423,19155646.0,0.58610713,250.0,al,-0.3201187,0.3201187
139,total,0.5766645,0.32809138,0.3873137,0.4728998,0.8853875,0.50373673,0.6421339,19628028.0,0.67621934,250.0,rand,-0.24857314,0.24857314
139,total,0.5766645,0.41204032,0.2363796,0.5456808,0.8471229,0.60528773,0.7060713,18336152.0,0.709392,260.0,al,-0.1646242,0.1646242
139,total,0.5766645,0.2844477,0.44753656,0.40693653,0.8756096,0.43190494,0.5784713,19741036.0,0.6370173,260.0,rand,-0.29221684,0.29221684
139,total,0.5766645,0.4368327,0.36210665,0.48464823,0.7573752,0.5737226,0.65287906,16148355.0,0.64819473,270.0,rand,-0.13983184,0.13983184
139,total,0.5766645,0.2604726,0.48299882,0.3677373,0.8641133,0.39030835,0.53773046,19740416.0,0.6130178,270.0,al,-0.3161919,0.3161919
139,total,0.5766645,0.16384234,0.6563262,0.23421562,0.857689,0.24368572,0.37953725,20355016.0,0.540544,280.0,rand,-0.4128222,0.4128222
139,total,0.5766645,0.20543954,0.5698877,0.27325422,0.8170221,0.29106668,0.42922136,19628668.0,0.55359256,280.0,al,-0.371225,0.371225
139,total,0.5766645,0.2788986,0.4491911,0.3633297,0.8175359,0.39539242,0.53300303,18951992.0,0.60045546,290.0,al,-0.29776594,0.29776594
139,total,0.5766645,0.1442809,0.70567465,0.22213185,0.9082151,0.22723296,0.36351505,20867620.0,0.54112995,290.0,rand,-0.43238363,0.43238363
139,total,0.5766645,0.17717256,0.6206649,0.24447834,0.83586466,0.25680694,0.39290056,20061732.0,0.5423468,300.0,rand,-0.39949197,0.39949197
139,total,0.5766645,0.12735009,0.7098417,0.17731273,0.832594,0.18386789,0.30121574,20456656.0,0.50804657,300.0,al,-0.44931445,0.44931445
139,total,0.5766645,0.18676344,0.61184067,0.2606368,0.84513044,0.2737096,0.41349986,20069684.0,0.55225027,310.0,rand,-0.3899011,0.3899011
139,total,0.5766645,0.11924403,0.7152685,0.15655683,0.7899936,0.16335534,0.27072886,20267220.0,0.4924949,310.0,al,-0.4574205,0.4574205
139,total,0.5766645,0.11440356,0.725786,0.15520209,0.8115664,0.16100396,0.26870093,20444532.0,0.49462345,320.0,rand,-0.46226096,0.46226096
139,total,0.5766645,0.252363,0.5050833,0.3326271,0.8199615,0.35883448,0.49920464,19229516.0,0.5848277,320.0,al,-0.32430154,0.32430154
139,total,0.5766645,0.14313452,0.6738243,0.19302304,0.81363505,0.20195182,0.32358614,20184112.0,0.51311886,330.0,al,-0.43353003,0.43353003
139,total,0.5766645,0.12372438,0.7245727,0.17926256,0.8605299,0.1846267,0.30402458,20663416.0,0.51254743,330.0,rand,-0.45294017,0.45294017
