,images,gt_confluence,pred_confluence,relative_delta_confluence,iou,precision,recall,f1,true_negative,accuracy,step,method,dAbsConf,dAbsAbsConf
2,total,0.35496256,0.3943337,0.11169636,0.43937445,0.580031,0.64436424,0.610507,1178247.0,0.7081551,0.0,rand,0.039371118,0.039371118
2,total,0.35496256,0.42029032,0.18496121,0.4950513,0.6107853,0.7231933,0.6622528,1183223.0,0.7381612,0.0,al,0.06532774,0.06532774
2,total,0.35496256,0.3292633,0.07258005,0.42670086,0.621509,0.5765101,0.59816396,1278971.0,0.72505414,1.0,al,-0.025699276,0.025699276
2,total,0.35496256,0.32847878,0.07593691,0.46515507,0.6605547,0.6112688,0.6349563,1311221.0,0.75051475,1.0,rand,-0.026483782,0.026483782
2,total,0.35496256,0.33693662,0.050191563,0.44909036,0.63640493,0.6040848,0.61982334,1284168.0,0.7369568,2.0,al,-0.018025937,0.018025937
2,total,0.35496256,0.36321267,0.032822516,0.45823264,0.62133986,0.63577944,0.6284762,1247241.0,0.73318154,2.0,rand,0.008250105,0.008250105
2,total,0.35496256,0.40209368,0.13232633,0.5109676,0.63670695,0.7212457,0.6763444,1226244.0,0.7549752,3.0,rand,0.04713113,0.04713113
2,total,0.35496256,0.32854146,0.07453338,0.43071523,0.626309,0.5796888,0.6020973,1283518.0,0.72803265,3.0,al,-0.026421119,0.026421119
2,total,0.35496256,0.38792458,0.092255354,0.50286794,0.6407803,0.70028174,0.66921055,1242778.0,0.7542615,4.0,rand,0.03296202,0.03296202
2,total,0.35496256,0.34159362,0.03715819,0.44253185,0.625556,0.6019939,0.61354834,1270899.0,0.7308154,4.0,al,-0.013368955,0.013368955
2,total,0.35496256,0.31831846,0.103177786,0.4507857,0.6572069,0.58935916,0.6214361,1317078.0,0.7451208,5.0,al,-0.0366441,0.0366441
2,total,0.35496256,0.34740254,0.022268647,0.5272419,0.6979634,0.6830961,0.69044924,1327373.0,0.782583,5.0,rand,-0.007560035,0.007560035
2,total,0.35496256,0.32288513,0.09032987,0.45034462,0.6518664,0.5929563,0.6210169,1308993.0,0.7431079,6.0,al,-0.03207745,0.03207745
2,total,0.35496256,0.34058735,0.04115241,0.5202268,0.6988513,0.67054737,0.68440634,1333175.0,0.7804895,6.0,rand,-0.014375221,0.014375221
2,total,0.35496256,0.20765115,0.41485947,0.3238935,0.66286707,0.38777173,0.48930398,1413198.0,0.71267617,7.0,rand,-0.14731142,0.14731142
2,total,0.35496256,0.27412087,0.22779396,0.41596657,0.6741747,0.5206315,0.58753675,1365743.0,0.7405269,7.0,al,-0.08084169,0.08084169
2,total,0.35496256,0.27149433,0.23638499,0.43839148,0.70326066,0.53788936,0.60955745,1387253.0,0.75540525,8.0,rand,-0.083468236,0.083468236
2,total,0.35496256,0.26505023,0.25341645,0.43522087,0.7093562,0.52967364,0.6064858,1395923.0,0.75601685,8.0,al,-0.08991233,0.08991233
2,total,0.35496256,0.27264383,0.23260623,0.43004707,0.6922425,0.53170377,0.6014441,1379032.0,0.7498645,9.0,rand,-0.082318746,0.082318746
2,total,0.35496256,0.27052224,0.23793626,0.45412502,0.7220851,0.5503097,0.62460196,1400477.0,0.7651949,9.0,al,-0.08444033,0.08444033
2,total,0.35496256,0.24668638,0.30596295,0.4203951,0.72185093,0.50165874,0.5919406,1416615.0,0.75449216,10.0,rand,-0.10827618,0.10827618
2,total,0.35496256,0.2830446,0.20246448,0.46916968,0.71982926,0.5739847,0.63868636,1390355.0,0.76948,10.0,al,-0.07191794,0.07191794
2,total,0.35496256,0.25785297,0.27394164,0.46701857,0.756584,0.54959786,0.63669026,1430992.0,0.77735883,11.0,al,-0.09710959,0.09710959
2,total,0.35496256,0.2683608,0.24465117,0.4438008,0.7139636,0.53977275,0.6147669,1396597.0,0.7598759,11.0,rand,-0.08660179,0.08660179
2,total,0.35496256,0.26685444,0.24902923,0.46000865,0.73417515,0.5519375,0.6301446,1410911.0,0.77001834,12.0,rand,-0.08810813,0.08810813
2,total,0.35496256,0.2581313,0.27264518,0.46886668,0.7581485,0.55132884,0.63840556,1431818.0,0.77830935,12.0,al,-0.09683128,0.09683128
2,total,0.35496256,0.26458964,0.25488245,0.45022398,0.72694165,0.54186136,0.6209022,1407687.0,0.7651298,13.0,al,-0.09037294,0.09037294
2,total,0.35496256,0.36398903,0.032815773,0.5311947,0.6852282,0.7026512,0.69382983,1303669.0,0.77987915,13.0,rand,0.009026472,0.009026472
