,images,gt_confluence,pred_confluence,relative_delta_confluence,iou,precision,recall,f1,true_negative,accuracy,step,method,dAbsConf,dAbsAbsConf
3,total,0.15109126,0.082833335,0.36606076,0.14786574,0.3637899,0.1994395,0.2576355,626165.0,0.82634354,0.0,al,-0.06825792,0.06825792
3,total,0.15109126,0.14524052,0.3021312,0.21251412,0.35759625,0.34374657,0.35053417,594233.0,0.80754346,0.0,rand,-0.005850746,0.005850746
3,total,0.15109126,0.084276564,0.38251203,0.23234046,0.5265477,0.29369736,0.37707138,636230.0,0.85338336,1.0,rand,-0.06681469,0.06681469
3,total,0.15109126,0.15031914,0.2510029,0.2045226,0.3404644,0.3387223,0.3395906,589642.0,0.80094653,1.0,al,-0.000772112,0.000772112
3,total,0.15109126,0.11412148,0.28673464,0.19616783,0.3811227,0.28786513,0.32799333,612066.0,0.8217761,2.0,al,-0.036969773,0.036969773
3,total,0.15109126,0.14727756,0.32006496,0.20841916,0.34941247,0.34059063,0.34494466,592256.0,0.80455273,2.0,rand,-0.0038136973,0.0038136973
3,total,0.15109126,0.067125686,0.47903624,0.115769215,0.33730513,0.14985314,0.2075142,632626.0,0.8270671,3.0,al,-0.08396557,0.08396557
3,total,0.15109126,0.19362359,0.38622004,0.27800983,0.3872832,0.49630123,0.4350663,574310.0,0.8052597,3.0,rand,0.042532332,0.042532332
3,total,0.15109126,0.17875008,0.4176147,0.21626171,0.32810476,0.3881656,0.35561657,573158.0,0.7874565,4.0,rand,0.027658828,0.027658828
3,total,0.15109126,0.039653506,0.69520694,0.0678935,0.3058299,0.08026224,0.12715374,645962.0,0.8335101,4.0,al,-0.11143775,0.11143775
3,total,0.15109126,0.0495056,0.61386114,0.07732599,0.29084045,0.095293,0.14355133,640000.0,0.82820004,5.0,al,-0.10158566,0.10158566
3,total,0.15109126,0.21383512,0.44623148,0.22888023,0.3178526,0.44984558,0.37250158,552895.0,0.7710101,5.0,rand,0.06274387,0.06274387
3,total,0.15109126,0.052617118,0.5581526,0.04914275,0.18134803,0.06315276,0.09368134,633734.0,0.8153763,6.0,al,-0.09847414,0.09847414
3,total,0.15109126,0.09686634,0.2983985,0.19809657,0.42324555,0.27134478,0.33068502,623673.0,0.83403903,6.0,rand,-0.054224923,0.054224923
3,total,0.15109126,0.16935575,0.26873168,0.15229926,0.25008634,0.2803161,0.26433927,567731.0,0.7642606,7.0,al,0.018264499,0.018264499
3,total,0.15109126,0.08965275,0.33492118,0.19208416,0.4326927,0.25674322,0.32226565,627611.0,0.83684033,7.0,rand,-0.061438516,0.061438516
3,total,0.15109126,0.06905465,0.50290954,0.09096122,0.26580855,0.121483214,0.16675384,627738.0,0.8165652,8.0,al,-0.08203661,0.08203661
3,total,0.15109126,0.056543715,0.6089709,0.16148719,0.51055837,0.1910657,0.2780693,645845.0,0.8501027,8.0,rand,-0.09454754,0.09454754
3,total,0.15109126,0.0806437,0.44758493,0.21504244,0.50857776,0.27144575,0.3539665,636443.0,0.8502922,9.0,rand,-0.07044756,0.07044756
3,total,0.15109126,0.017276492,0.8634336,0.064192824,0.5878846,0.067217626,0.120641164,662010.0,0.8519452,9.0,al,-0.13381477,0.13381477
