,images,gt_confluence,pred_confluence,relative_delta_confluence,iou,precision,recall,f1,true_negative,accuracy,step,method,dAbsConf,dAbsAbsConf
3,total,0.15109126,0.09762673,0.28524622,0.41264454,0.7441909,0.48084965,0.58421516,647969.0,0.8965874,0.0,rand,-0.053464524,0.053464524
3,total,0.15109126,0.11064121,0.28565648,0.4649898,0.7508476,0.5498262,0.63480234,645930.0,0.9044164,0.0,al,-0.04045005,0.04045005
3,total,0.15109126,0.1043673,0.27427784,0.43241143,0.7389037,0.5103978,0.6037526,646179.0,0.89877576,1.0,rand,-0.046723954,0.046723954
3,total,0.15109126,0.113250464,0.2567245,0.46400654,0.7397909,0.55450547,0.6338854,644434.0,0.90322113,1.0,al,-0.0378408,0.0378408
3,total,0.15109126,0.079420455,0.44681185,0.373549,0.78934646,0.41491124,0.54391754,654452.0,0.8948682,2.0,rand,-0.0716708,0.0716708
3,total,0.15109126,0.10403797,0.27200732,0.43583706,0.74437165,0.51255226,0.6070838,646694.0,0.89975613,2.0,al,-0.047053292,0.047053292
3,total,0.15109126,0.10944085,0.24845038,0.4433447,0.73123264,0.5296534,0.61432916,644477.0,0.8995209,3.0,al,-0.041650407,0.041650407
3,total,0.15109126,0.078273505,0.45257384,0.3622351,0.7792092,0.40366763,0.53182423,654018.0,0.8926175,3.0,rand,-0.07281776,0.07281776
3,total,0.15109126,0.10355732,0.2628272,0.4348982,0.74529713,0.5108186,0.6061724,646866.0,0.89971286,4.0,al,-0.047533944,0.047533944
3,total,0.15109126,0.08052418,0.4349834,0.38873303,0.8051511,0.42910042,0.55983794,655270.0,0.8980522,4.0,rand,-0.07056709,0.07056709
3,total,0.15109126,0.095905036,0.301593,0.4376591,0.78402853,0.49765617,0.60884917,651320.0,0.9033877,5.0,al,-0.055186227,0.055186227
3,total,0.15109126,0.07466734,0.47400498,0.37133786,0.818733,0.4046018,0.54156977,656965.0,0.896506,5.0,rand,-0.07642391,0.07642391
3,total,0.15109126,0.09436644,0.31230026,0.4214026,0.7711556,0.48163235,0.5929386,650626.0,0.9000842,6.0,al,-0.05672482,0.05672482
3,total,0.15109126,0.07887368,0.4381552,0.3778494,0.7995583,0.41738552,0.5484621,655176.0,0.8961627,6.0,rand,-0.072217576,0.072217576
3,total,0.15109126,0.07502974,0.4723425,0.36613172,0.8077112,0.40109238,0.5360119,656263.0,0.8950831,7.0,rand,-0.07606152,0.07606152
3,total,0.15109126,0.0861801,0.37330458,0.4010677,0.7881341,0.44953418,0.5725168,653250.0,0.898571,7.0,al,-0.06491116,0.06491116
3,total,0.15109126,0.07593255,0.46341482,0.3780759,0.8202629,0.4122266,0.5487007,656876.0,0.89754486,8.0,rand,-0.07515871,0.07515871
3,total,0.15109126,0.08019993,0.40941492,0.38106084,0.79573816,0.42237613,0.55183744,654726.0,0.8963445,8.0,al,-0.070891336,0.070891336
3,total,0.15109126,0.07105228,0.49821943,0.36292714,0.8325429,0.3915067,0.5325697,658252.0,0.89616394,9.0,rand,-0.08003898,0.08003898
3,total,0.15109126,0.076155074,0.44634914,0.37322596,0.8110202,0.40877607,0.543575,656291.0,0.89627963,9.0,al,-0.07493618,0.07493618
