,images,gt_confluence,pred_confluence,relative_delta_confluence,iou,precision,recall,f1,true_negative,accuracy,step,method,dAbsConf,dAbsAbsConf
139,total,0.5766645,0.23734185,0.4858105,0.3797524,0.9439612,0.3885111,0.55046415,20864688.0,0.63407576,0.0,rand,-0.3393227,0.3393227
139,total,0.5766645,0.20262344,0.55034214,0.30304274,0.89444804,0.31428194,0.46513057,20453186.0,0.5831835,0.0,al,-0.3740411,0.3740411
139,total,0.5766645,0.23272766,0.4947247,0.36588615,0.93163073,0.3759817,0.5357487,20731824.0,0.62423944,10.0,al,-0.34393686,0.34393686
139,total,0.5766645,0.22816633,0.5052487,0.36623266,0.94555515,0.374122,0.5361201,20909360.0,0.62665594,10.0,rand,-0.3484982,0.3484982
139,total,0.5766645,0.23001786,0.49816912,0.3628651,0.9337588,0.37245268,0.5325029,20766160.0,0.62287915,20.0,al,-0.3466467,0.3466467
139,total,0.5766645,0.24492386,0.47092798,0.38176987,0.92680925,0.39363748,0.55258054,20629304.0,0.6324062,20.0,rand,-0.33174068,0.33174068
139,total,0.5766645,0.25519133,0.4546078,0.39792368,0.9278968,0.4106205,0.5693063,20605188.0,0.6417257,30.0,rand,-0.3214732,0.3214732
139,total,0.5766645,0.23582973,0.4888722,0.37612054,0.9416589,0.38509429,0.54663855,20841372.0,0.63164717,30.0,al,-0.3408348,0.3408348
139,total,0.5766645,0.2414762,0.47687775,0.3784984,0.93027794,0.38954893,0.5491455,20684768.0,0.6311384,40.0,al,-0.33518836,0.33518836
139,total,0.5766645,0.2361854,0.49049369,0.37851164,0.94499046,0.3870396,0.54915947,20880356.0,0.6335351,40.0,rand,-0.34047914,0.34047914
139,total,0.5766645,0.23496759,0.49120745,0.37394348,0.9401338,0.38306507,0.54433566,20825698.0,0.630169,50.0,al,-0.34169695,0.34169695
139,total,0.5766645,0.2292553,0.5021118,0.3626417,0.9355562,0.3719325,0.5322623,20789698.0,0.62304175,50.0,rand,-0.34740922,0.34740922
139,total,0.5766645,0.23733658,0.4838843,0.378884,0.9424105,0.38786423,0.54955125,20845976.0,0.633335,60.0,al,-0.33932796,0.33932796
139,total,0.5766645,0.20513421,0.5438969,0.3302958,0.94626606,0.3366092,0.49657458,20980588.0,0.60642344,60.0,rand,-0.37153032,0.37153032
139,total,0.5766645,0.22106192,0.5143889,0.3549371,0.9453089,0.36237854,0.5239163,20926272.0,0.62021625,70.0,rand,-0.35560262,0.35560262
139,total,0.5766645,0.2359544,0.4855375,0.37709042,0.94306844,0.3858746,0.54766214,20857926.0,0.63242245,70.0,al,-0.34071013,0.34071013
139,total,0.5766645,0.20882213,0.5331184,0.3325284,0.93867683,0.33991262,0.49909353,20889864.0,0.60654545,80.0,al,-0.3678424,0.3678424
139,total,0.5766645,0.24161035,0.4797099,0.38545138,0.94224375,0.39477876,0.5564267,20831402.0,0.6370359,80.0,rand,-0.3350542,0.3350542
139,total,0.5766645,0.22593036,0.5072977,0.36175102,0.94370276,0.36973,0.53130233,20894258.0,0.62382644,90.0,al,-0.35073417,0.35073417
139,total,0.5766645,0.24404547,0.47421914,0.38674814,0.9378878,0.39691415,0.55777663,20770152.0,0.6370636,90.0,rand,-0.33261907,0.33261907
139,total,0.5766645,0.24610947,0.46976867,0.3913729,0.94037414,0.4013322,0.5625704,20794766.0,0.64009506,100.0,al,-0.33055505,0.33055505
139,total,0.5766645,0.22409815,0.5078248,0.35440817,0.9350205,0.36335757,0.52333987,20800500.0,0.61830914,100.0,rand,-0.3525664,0.3525664
139,total,0.5766645,0.22916834,0.5029938,0.36608794,0.9423201,0.3744794,0.53596497,20868860.0,0.62606615,110.0,rand,-0.34749618,0.34749618
139,total,0.5766645,0.25182465,0.45701295,0.40266684,0.94445467,0.41243395,0.57414424,20829714.0,0.6471839,110.0,al,-0.3248399,0.3248399
139,total,0.5766645,0.22931953,0.49942052,0.35929197,0.9290124,0.36943448,0.52864534,20713128.0,0.62009645,120.0,rand,-0.347345,0.347345
139,total,0.5766645,0.23844975,0.48290825,0.3810488,0.94317985,0.39000154,0.55182487,20852048.0,0.6346868,120.0,al,-0.33821478,0.33821478
139,total,0.5766645,0.24705584,0.46573344,0.3930121,0.9406693,0.4030019,0.5642619,20795604.0,0.6410744,130.0,al,-0.3296087,0.3296087
139,total,0.5766645,0.22775678,0.50317967,0.36033815,0.93557155,0.3695074,0.52977693,20794790.0,0.6217433,130.0,rand,-0.34890777,0.34890777
139,total,0.5766645,0.23961589,0.4834729,0.380341,0.9386676,0.3900339,0.55108225,20793660.0,0.63355803,140.0,rand,-0.33704865,0.33704865
139,total,0.5766645,0.23576027,0.48680952,0.37719822,0.94381535,0.3858625,0.5477758,20867448.0,0.63260263,140.0,al,-0.34090427,0.34090427
139,total,0.5766645,0.21957226,0.5187269,0.34940588,0.93897456,0.35752472,0.51786584,20859644.0,0.6161079,150.0,rand,-0.35709226,0.35709226
139,total,0.5766645,0.23743452,0.48540297,0.37745458,0.9395548,0.38684848,0.5480461,20811188.0,0.63206553,150.0,al,-0.33923003,0.33923003
139,total,0.5766645,0.2375189,0.48262754,0.37314457,0.93150723,0.38367134,0.54348874,20713664.0,0.6283169,160.0,rand,-0.33914563,0.33914563
139,total,0.5766645,0.22798006,0.5003139,0.36564153,0.9449904,0.37359333,0.53548646,20903324.0,0.62623245,160.0,al,-0.34868446,0.34868446
139,total,0.5766645,0.23907293,0.47892466,0.38145828,0.94217277,0.3906033,0.5522541,20837996.0,0.63475764,170.0,al,-0.3375916,0.3375916
139,total,0.5766645,0.2410827,0.478,0.38385504,0.9408729,0.39334348,0.5547615,20816136.0,0.63590825,170.0,rand,-0.33558184,0.33558184
139,total,0.5766645,0.21866456,0.51713574,0.35139266,0.9457602,0.35861975,0.5200448,20937964.0,0.6182785,180.0,al,-0.35799998,0.35799998
139,total,0.5766645,0.2162137,0.52082384,0.34650907,0.94369155,0.3538246,0.5146773,20921970.0,0.61519897,180.0,rand,-0.36045083,0.36045083
139,total,0.5766645,0.2200424,0.5153981,0.35223052,0.94312644,0.3598745,0.5209618,20904672.0,0.61834776,190.0,al,-0.35662213,0.35662213
139,total,0.5766645,0.24043241,0.4800391,0.38185602,0.93911487,0.3915495,0.55267084,20796584.0,0.6344895,190.0,rand,-0.33623213,0.33623213
139,total,0.5766645,0.22750716,0.5004473,0.36125767,0.9380626,0.3700852,0.53077006,20824448.0,0.6226593,200.0,rand,-0.3491574,0.3491574
139,total,0.5766645,0.20876753,0.5338238,0.33165458,0.9370043,0.33921826,0.49810863,20872266.0,0.6057992,200.0,al,-0.367897,0.367897
139,total,0.5766645,0.24773227,0.46644932,0.39497584,0.94223404,0.4047775,0.566283,20813288.0,0.64244586,210.0,al,-0.3289323,0.3289323
139,total,0.5766645,0.20724429,0.53728473,0.33116427,0.9410145,0.33818442,0.49755543,20919440.0,0.60613006,210.0,rand,-0.36942023,0.36942023
139,total,0.5766645,0.2416116,0.47719505,0.38161916,0.93546,0.3919385,0.55242264,20747996.0,0.63375896,220.0,rand,-0.33505294,0.33505294
139,total,0.5766645,0.24417472,0.47259971,0.38790113,0.9395528,0.39782938,0.55897474,20790432.0,0.63798994,220.0,al,-0.33248982,0.33248982
139,total,0.5766645,0.23151709,0.4976423,0.37534246,0.95267355,0.3824741,0.5458163,20983936.0,0.6329379,230.0,al,-0.34514743,0.34514743
139,total,0.5766645,0.22750773,0.50699323,0.36341238,0.94216466,0.3717045,0.53309196,20871932.0,0.6245263,230.0,rand,-0.3491568,0.3491568
139,total,0.5766645,0.22791016,0.49945384,0.36545035,0.9448362,0.37341782,0.53528136,20901732.0,0.62609994,240.0,al,-0.34875438,0.34875438
139,total,0.5766645,0.22476125,0.5043739,0.35718754,0.9384253,0.3657598,0.5263639,20837248.0,0.62041664,240.0,rand,-0.3519033,0.3519033
139,total,0.5766645,0.24069414,0.4791339,0.38191873,0.93850565,0.39172146,0.55273646,20788312.0,0.63442606,250.0,rand,-0.3359704,0.3359704
139,total,0.5766645,0.22947547,0.4946528,0.36312744,0.9358326,0.3723997,0.53278536,20792204.0,0.6233604,250.0,al,-0.34718907,0.34718907
139,total,0.5766645,0.22924136,0.5000379,0.36483333,0.93973976,0.37357298,0.5346192,20838544.0,0.62494767,260.0,rand,-0.34742317,0.34742317
139,total,0.5766645,0.25145167,0.46043262,0.40278298,0.94562423,0.41233304,0.5742623,20845732.0,0.6474405,260.0,al,-0.32521287,0.32521287
139,total,0.5766645,0.23416598,0.48930705,0.3728792,0.94046676,0.3818934,0.54320717,20832108.0,0.62961924,270.0,rand,-0.34249857,0.34249857
139,total,0.5766645,0.22374092,0.5104343,0.35696268,0.9410678,0.36512467,0.5261197,20870532.0,0.6207044,270.0,al,-0.3529236,0.3529236
139,total,0.5766645,0.23455743,0.4867065,0.37459785,0.9425002,0.3833589,0.5450286,20855192.0,0.630918,280.0,al,-0.34210712,0.34210712
139,total,0.5766645,0.23921137,0.48216972,0.38255447,0.9437449,0.3914816,0.553402,20856724.0,0.6356322,280.0,rand,-0.33745316,0.33745316
139,total,0.5766645,0.22782339,0.49784485,0.3638019,0.9419682,0.37214264,0.533511,20868728.0,0.624716,290.0,al,-0.34884113,0.34884113
139,total,0.5766645,0.23083545,0.4975618,0.36668307,0.9385651,0.3757005,0.5366025,20819860.0,0.62580734,290.0,rand,-0.34582907,0.34582907
139,total,0.5766645,0.24251239,0.47659314,0.38903776,0.9460689,0.39786124,0.5601539,20875954.0,0.639689,300.0,al,-0.33415216,0.33415216
139,total,0.5766645,0.25488836,0.4553075,0.4029279,0.9369859,0.41415042,0.57440954,20724184.0,0.6460998,300.0,rand,-0.32177618,0.32177618
139,total,0.5766645,0.22015221,0.5155131,0.35392803,0.9461417,0.36120525,0.5228162,20938132.0,0.61977273,310.0,al,-0.3565123,0.3565123
139,total,0.5766645,0.23743582,0.48292768,0.3760031,0.9369254,0.38576797,0.54651445,20779416.0,0.63081807,310.0,rand,-0.33922872,0.33922872
139,total,0.5766645,0.22017643,0.515179,0.34958404,0.93746257,0.35793117,0.5180615,20840828.0,0.61597246,320.0,rand,-0.3564881,0.3564881
139,total,0.5766645,0.21731342,0.5196839,0.34725928,0.9417292,0.35488474,0.51550436,20897120.0,0.61532193,320.0,al,-0.3593511,0.3593511
139,total,0.5766645,0.23719637,0.48082036,0.37451577,0.9348971,0.38454467,0.5449417,20755704.0,0.62964666,330.0,rand,-0.33946815,0.33946815
139,total,0.5766645,0.23176968,0.49026942,0.36584687,0.93430084,0.37550718,0.5357066,20766648.0,0.6246501,330.0,al,-0.34489486,0.34489486
