,images,gt_confluence,pred_confluence,relative_delta_confluence,iou,precision,recall,f1,true_negative,accuracy,step,method,dAbsConf,dAbsAbsConf
3,total,0.15109126,0.056218192,0.5779906,0.3021365,0.8556468,0.3183643,0.4640623,661227.0,0.8888957,0.0,rand,-0.09487306,0.09487306
3,total,0.15109126,0.045142855,0.6678795,0.26276687,0.90456605,0.2702591,0.416176,664221.0,0.88543445,0.0,al,-0.1059484,0.1059484
3,total,0.15109126,0.049416587,0.63400507,0.27271038,0.8694354,0.28435573,0.4285502,662535.0,0.8854205,1.0,rand,-0.10167467,0.10167467
3,total,0.15109126,0.06721088,0.52621764,0.371019,0.87897307,0.39099333,0.5412306,661212.0,0.8998502,1.0,al,-0.08388038,0.08388038
3,total,0.15109126,0.05055591,0.62753636,0.27293524,0.85522413,0.2861567,0.4288278,661853.0,0.8848254,2.0,rand,-0.10053535,0.10053535
3,total,0.15109126,0.069790885,0.50441474,0.38414955,0.8783821,0.40572953,0.55506897,660934.0,0.9017232,2.0,al,-0.08130037,0.08130037
3,total,0.15109126,0.07920302,0.43801647,0.4115364,0.8477371,0.44438365,0.5831037,658125.0,0.9039917,3.0,al,-0.07188824,0.07188824
3,total,0.15109126,0.06358819,0.55233276,0.34363163,0.86343914,0.36338082,0.51149637,660780.0,0.8951289,3.0,rand,-0.08750307,0.08750307
3,total,0.15109126,0.07504754,0.46517015,0.392066,0.84867585,0.42153454,0.56328607,658678.0,0.90124255,4.0,al,-0.07604372,0.07604372
3,total,0.15109126,0.06625466,0.5312903,0.3471442,0.84534776,0.37068582,0.51537746,659551.0,0.89466983,4.0,rand,-0.084836595,0.084836595
3,total,0.15109126,0.0776072,0.44537285,0.3879307,0.8236663,0.42306623,0.55900544,656847.0,0.8991458,5.0,al,-0.073484056,0.073484056
3,total,0.15109126,0.06697564,0.526608,0.3521884,0.84803784,0.37591207,0.52091575,659605.0,0.89552814,5.0,rand,-0.08411562,0.08411562
3,total,0.15109126,0.094354995,0.32399228,0.44407037,0.7999407,0.49954975,0.61502546,652764.0,0.90550995,6.0,al,-0.056736264,0.056736264
3,total,0.15109126,0.062459037,0.556033,0.3277307,0.8439504,0.34887186,0.49367002,659944.0,0.89187366,6.0,rand,-0.08863222,0.08863222
3,total,0.15109126,0.069902785,0.5031477,0.36445427,0.8444509,0.39068195,0.5342121,659058.0,0.8970642,7.0,rand,-0.08118847,0.08118847
3,total,0.15109126,0.07988331,0.43148693,0.39820495,0.82346946,0.43537027,0.5695941,656519.0,0.90058774,7.0,al,-0.071207955,0.071207955
3,total,0.15109126,0.06553114,0.53790283,0.34345376,0.8450956,0.36652836,0.5112993,659626.0,0.8941371,8.0,rand,-0.08556011,0.08556011
3,total,0.15109126,0.07623264,0.45370865,0.38498604,0.8289103,0.4182187,0.5559417,657352.0,0.8990555,8.0,al,-0.07485862,0.07485862
3,total,0.15109126,0.071187064,0.4945545,0.3666221,0.837665,0.39466265,0.53653723,658521.0,0.89698285,9.0,rand,-0.07990419,0.07990419
3,total,0.15109126,0.07249932,0.48151633,0.37695086,0.8442866,0.40511516,0.5475149,658731.0,0.89882916,9.0,al,-0.078591935,0.078591935
