,images,gt_confluence,pred_confluence,relative_delta_confluence,iou,precision,recall,f1,true_negative,accuracy,step,method,dAbsConf,dAbsAbsConf
2,total,0.26927653,0.12927753,0.518194,0.17957252,0.46933368,0.22532164,0.3044701,1627228.0,0.7227946,0.0,rand,-0.139999,0.139999
2,total,0.26927653,0.110381454,0.589371,0.13490348,0.40884945,0.16759346,0.23773517,1635464.0,0.710601,0.0,al,-0.15889508,0.15889508
2,total,0.26927653,0.12908751,0.51901996,0.18973443,0.4921464,0.23592646,0.31895214,1634713.0,0.72869587,1.0,rand,-0.14018902,0.14018902
2,total,0.26927653,0.101106144,0.6242059,0.1341379,0.43327323,0.16268091,0.2365456,1655008.0,0.7172306,1.0,al,-0.16817039,0.16817039
2,total,0.26927653,0.118512966,0.5589032,0.1766778,0.49131173,0.21623243,0.30029893,1647668.0,0.72866416,2.0,rand,-0.15076357,0.15076357
2,total,0.26927653,0.12946877,0.51826,0.17146511,0.45079514,0.21674167,0.29273576,1621080.0,0.7179826,2.0,al,-0.13980776,0.13980776
2,total,0.26927653,0.11306537,0.57899594,0.15311342,0.44902056,0.18853566,0.26556483,1642727.0,0.71919554,3.0,al,-0.15621115,0.15621115
2,total,0.26927653,0.11715798,0.5631261,0.1659916,0.46956673,0.20429935,0.28472137,1643101.0,0.7235925,3.0,rand,-0.15211855,0.15211855
2,total,0.26927653,0.12884988,0.5211775,0.1890522,0.4912698,0.2350727,0.31798762,1634732.0,0.7284737,4.0,rand,-0.14042665,0.14042665
2,total,0.26927653,0.11624245,0.5671244,0.16153358,0.4612269,0.19910271,0.27813804,1641912.0,0.7217094,4.0,al,-0.15303408,0.15303408
2,total,0.26927653,0.11470356,0.5734672,0.1569807,0.4542078,0.19347693,0.27136225,1641971.0,0.7202185,5.0,al,-0.15457298,0.15457298
2,total,0.26927653,0.11795917,0.5610368,0.16973317,0.47634998,0.20866792,0.29020792,1644023.0,0.725144,5.0,rand,-0.15131736,0.15131736
2,total,0.26927653,0.1152012,0.5711946,0.16500485,0.47270024,0.20222765,0.28326854,1646539.0,0.7244336,6.0,al,-0.15407534,0.15407534
2,total,0.26927653,0.124846786,0.5350329,0.17984653,0.48120892,0.22310486,0.30486384,1636650.0,0.7260315,6.0,rand,-0.14442974,0.14442974
2,total,0.26927653,0.124019556,0.5381282,0.17789955,0.47895914,0.22059041,0.30206192,1637019.0,0.7255046,7.0,rand,-0.14525698,0.14525698
2,total,0.26927653,0.11481016,0.5725949,0.15875955,0.4583509,0.19542322,0.27401596,1642997.0,0.72116005,7.0,al,-0.15446636,0.15446636
2,total,0.26927653,0.12695616,0.52729464,0.1759494,0.46697968,0.2201658,0.2992461,1629521.0,0.7223393,8.0,al,-0.14232036,0.14232036
2,total,0.26927653,0.12249937,0.5440089,0.17870456,0.484883,0.22058135,0.30322155,1640749.0,0.72701985,8.0,rand,-0.14677715,0.14677715
2,total,0.26927653,0.12365986,0.5392545,0.17236046,0.46716726,0.21453547,0.2940396,1633896.0,0.7226034,9.0,rand,-0.14561668,0.14561668
2,total,0.26927653,0.11633604,0.56724507,0.16094877,0.45953026,0.19853002,0.27727067,1641303.0,0.7213074,9.0,al,-0.15294048,0.15294048
2,total,0.26927653,0.12340554,0.54124105,0.17715517,0.4788825,0.21946314,0.30098823,1637782.0,0.7255115,10.0,al,-0.14587098,0.14587098
2,total,0.26927653,0.13821104,0.48524028,0.19042066,0.4716147,0.242063,0.3199212,1616352.0,0.7228772,10.0,rand,-0.13106549,0.13106549
2,total,0.26927653,0.13272928,0.5060475,0.19065163,0.48497975,0.23904988,0.32024708,1627830.0,0.72673625,11.0,rand,-0.13654725,0.13654725
2,total,0.26927653,0.11460346,0.57321304,0.16234954,0.4678587,0.19911782,0.27934676,1645950.0,0.72335654,11.0,al,-0.15467307,0.15467307
2,total,0.26927653,0.12840188,0.520863,0.16964364,0.44920743,0.2141985,0.29007703,1622019.0,0.71767986,12.0,rand,-0.14087465,0.14087465
2,total,0.26927653,0.12136412,0.5486156,0.1696516,0.4668647,0.21041624,0.29008868,1636812.0,0.7226807,12.0,al,-0.14791241,0.14791241
2,total,0.26927653,0.12283344,0.543137,0.17648488,0.47886693,0.21843863,0.30002022,1638510.0,0.7255318,13.0,al,-0.1464431,0.1464431
2,total,0.26927653,0.13083637,0.5123735,0.17229758,0.4494668,0.21838573,0.29394808,1618807.0,0.7175004,13.0,rand,-0.13844016,0.13844016
