,images,gt_confluence,pred_confluence,relative_delta_confluence,iou,precision,recall,f1,true_negative,accuracy,step,method,dAbsConf,dAbsAbsConf
3,total,0.15109126,0.046466555,0.64062506,0.23134536,0.79880685,0.24565952,0.37575996,660257.0,0.8766772,0.0,rand,-0.1046247,0.1046247
3,total,0.15109126,0.114818305,0.2554349,0.43405065,0.7009724,0.5326831,0.6053486,640608.0,0.89505893,0.0,al,-0.036272958,0.036272958
3,total,0.15109126,0.060606368,0.5625111,0.29485744,0.79541355,0.3190544,0.455428,657858.0,0.88471603,1.0,rand,-0.09048489,0.09048489
3,total,0.15109126,0.10439146,0.24834576,0.45051113,0.7601223,0.5251761,0.6211752,647916.0,0.9032173,1.0,al,-0.046699796,0.046699796
3,total,0.15109126,0.06487629,0.5385366,0.31891283,0.8049392,0.3456233,0.48359913,657657.0,0.88847476,2.0,rand,-0.086214975,0.086214975
3,total,0.15109126,0.10972695,0.27222246,0.4523781,0.7403699,0.5376737,0.62294763,645205.0,0.90165836,2.0,al,-0.041364305,0.041364305
3,total,0.15109126,0.11134947,0.2830713,0.44902903,0.73036957,0.5382544,0.6197649,643998.0,0.90021133,3.0,al,-0.039741788,0.039741788
3,total,0.15109126,0.06734694,0.51889515,0.33780342,0.8190057,0.3650556,0.5050116,658023.0,0.8918762,3.0,rand,-0.08374432,0.08374432
3,total,0.15109126,0.101080306,0.267582,0.42347005,0.74217534,0.4965116,0.59498227,647114.0,0.89786655,4.0,al,-0.050010953,0.050010953
3,total,0.15109126,0.06779453,0.5170104,0.3287482,0.79881835,0.3584239,0.4948235,656883.0,0.8894246,4.0,rand,-0.08329673,0.08329673
3,total,0.15109126,0.09316481,0.321382,0.4205949,0.7762294,0.47862786,0.59213865,651214.0,0.9003779,5.0,al,-0.05792645,0.05792645
3,total,0.15109126,0.06441471,0.5389322,0.32793218,0.8262037,0.35222977,0.49389857,658805.0,0.89093274,5.0,rand,-0.08667655,0.08667655
3,total,0.15109126,0.090633124,0.34380785,0.41538543,0.7827319,0.46952188,0.58695686,652123.0,0.9001579,6.0,al,-0.06045814,0.06045814
3,total,0.15109126,0.07056273,0.49292088,0.35683262,0.82611907,0.38580915,0.5259784,657960.0,0.8949318,6.0,rand,-0.08052853,0.08052853
3,total,0.15109126,0.07004393,0.50159043,0.34503,0.8098722,0.37544078,0.5130439,657136.0,0.8923175,7.0,rand,-0.08104733,0.08104733
3,total,0.15109126,0.09090142,0.34694305,0.41476542,0.7804636,0.46954715,0.5863376,651915.0,0.8998973,7.0,al,-0.060189836,0.060189836
3,total,0.15109126,0.06758854,0.51922685,0.3433421,0.8269524,0.36991996,0.5111756,658411.0,0.89310455,8.0,rand,-0.083502725,0.083502725
3,total,0.15109126,0.07624663,0.45784146,0.38545766,0.82954204,0.41861424,0.55643326,657388.0,0.89916104,8.0,al,-0.07484463,0.07484463
3,total,0.15109126,0.06950097,0.50734025,0.35145873,0.8254203,0.3796824,0.52011716,658067.0,0.89414215,9.0,rand,-0.08159029,0.08159029
3,total,0.15109126,0.08093743,0.40961093,0.39350572,0.8095395,0.4336534,0.5647704,655486.0,0.8990148,9.0,al,-0.070153825,0.070153825
