,images,gt_confluence,pred_confluence,relative_delta_confluence,iou,precision,recall,f1,true_negative,accuracy,step,method,dAbsConf,dAbsAbsConf
2,total,0.35496256,0.23955747,0.32466325,0.4517206,0.7722265,0.5211588,0.62232393,1451146.0,0.77546465,0.0,rand,-0.11540509,0.11540509
2,total,0.35496256,0.18147114,0.48942226,0.39421728,0.83582485,0.4273049,0.5655029,1512025.0,0.7669218,0.0,al,-0.17349143,0.17349143
2,total,0.35496256,0.34280738,0.09207554,0.5568466,0.7280354,0.7031029,0.71535146,1356119.0,0.8013814,1.0,al,-0.012155169,0.012155169
2,total,0.35496256,0.21019998,0.4075049,0.40690294,0.7776223,0.46048632,0.5784373,1470367.0,0.76174927,1.0,rand,-0.14476259,0.14476259
2,total,0.35496256,0.27100074,0.23574044,0.5259786,0.7961574,0.6078344,0.68936515,1449483.0,0.8055546,2.0,rand,-0.08396181,0.08396181
2,total,0.35496256,0.33562192,0.05285785,0.55545574,0.73478276,0.69474506,0.7142027,1366487.0,0.80263346,2.0,al,-0.019340634,0.019340634
2,total,0.35496256,0.2327423,0.3447537,0.46421182,0.80056643,0.52491415,0.63407695,1471171.0,0.7849459,3.0,rand,-0.12222027,0.12222027
2,total,0.35496256,0.31231382,0.119738355,0.52974516,0.73988324,0.6509842,0.6925922,1385594.0,0.79487467,3.0,al,-0.04264874,0.04264874
2,total,0.35496256,0.23944396,0.32410187,0.43551013,0.7531349,0.5080334,0.6067666,1439975.0,0.76626015,4.0,al,-0.115518615,0.115518615
2,total,0.35496256,0.23728006,0.33189455,0.47217718,0.8005426,0.53513247,0.6414674,1468933.0,0.7876623,4.0,rand,-0.11768251,0.11768251
2,total,0.35496256,0.2211029,0.3767684,0.45569932,0.81561524,0.50803685,0.6260894,1485053.0,0.78460366,5.0,rand,-0.13385968,0.13385968
2,total,0.35496256,0.28166807,0.20619972,0.5001251,0.75353247,0.5979371,0.6667774,1414633.0,0.78786093,5.0,al,-0.07329449,0.07329449
2,total,0.35496256,0.29131854,0.17871645,0.5255506,0.7642616,0.62722903,0.6889974,1416469.0,0.7990055,6.0,al,-0.06364402,0.06364402
2,total,0.35496256,0.22475035,0.36582103,0.4581858,0.8104804,0.51316667,0.62843215,1480564.0,0.784598,6.0,rand,-0.13021222,0.13021222
2,total,0.35496256,0.25646096,0.27675387,0.4853514,0.7790206,0.5628413,0.6535168,1445966.0,0.7881527,7.0,al,-0.09850161,0.09850161
2,total,0.35496256,0.25059995,0.29415834,0.50250936,0.80817604,0.57056177,0.668893,1467105.0,0.7994946,7.0,rand,-0.10436261,0.10436261
2,total,0.35496256,0.22549905,0.36541015,0.46524444,0.81733686,0.51923186,0.63503957,1484015.0,0.78815514,8.0,rand,-0.12946352,0.12946352
2,total,0.35496256,0.3025551,0.14648935,0.5469885,0.7684132,0.6549608,0.70716506,1413046.0,0.80745643,8.0,al,-0.052407447,0.052407447
2,total,0.35496256,0.2692043,0.24185519,0.51670057,0.7898757,0.599041,0.68134767,1446227.0,0.8011084,9.0,al,-0.08575828,0.08575828
2,total,0.35496256,0.24013324,0.3240142,0.4958857,0.82152134,0.5557594,0.662999,1479915.0,0.7994527,9.0,rand,-0.114829324,0.114829324
2,total,0.35496256,0.22739317,0.35970604,0.46781704,0.81623685,0.5228886,0.63743186,1482550.0,0.78885704,10.0,rand,-0.12756939,0.12756939
2,total,0.35496256,0.26553282,0.25154352,0.50567245,0.78480196,0.5870757,0.6716894,1444812.0,0.7962854,10.0,al,-0.08942974,0.08942974
2,total,0.35496256,0.27832335,0.21585307,0.5236155,0.7819665,0.6131316,0.68733233,1436108.0,0.8019926,11.0,rand,-0.07663922,0.07663922
2,total,0.35496256,0.22483784,0.36665708,0.4303561,0.77587914,0.4914496,0.6017463,1461404.0,0.76909304,11.0,al,-0.13012473,0.13012473
2,total,0.35496256,0.27122372,0.23545437,0.52138513,0.79121816,0.6045605,0.685408,1446079.0,0.8030074,12.0,rand,-0.083738826,0.083738826
2,total,0.35496256,0.29057515,0.18144721,0.5445759,0.783273,0.6411912,0.7051457,1430476.0,0.80966103,12.0,al,-0.064387426,0.064387426
2,total,0.35496256,0.26086852,0.2650558,0.5136017,0.80104285,0.58869886,0.67864794,1457691.0,0.802102,13.0,rand,-0.09409405,0.09409405
2,total,0.35496256,0.21539082,0.39159462,0.4466184,0.8175244,0.4960704,0.6174649,1488652.0,0.7818205,13.0,al,-0.13957176,0.13957176
