,images,gt_confluence,pred_confluence,relative_delta_confluence,iou,precision,recall,f1,true_negative,accuracy,step,method,dAbsConf,dAbsAbsConf
2,total,0.26927653,0.12518533,0.53264374,0.15929937,0.43298456,0.20129077,0.27481964,1621382.0,0.7139449,0.0,rand,-0.1440912,0.1440912
2,total,0.26927653,0.14028583,0.4776993,0.20199573,0.49062258,0.25559935,0.33610013,1620211.0,0.72809243,0.0,al,-0.1289907,0.1289907
2,total,0.26927653,0.11734272,0.562463,0.16037033,0.45536256,0.19843179,0.2764119,1638764.0,0.7202478,1.0,rand,-0.15193382,0.15193382
2,total,0.26927653,0.12915546,0.519367,0.17463082,0.4586308,0.2199754,0.29733694,1623990.0,0.72003746,1.0,al,-0.14012107,0.14012107
2,total,0.26927653,0.13466164,0.49829847,0.18965079,0.4781986,0.23913904,0.31883395,1623140.0,0.7248519,2.0,rand,-0.13461488,0.13461488
2,total,0.26927653,0.13608539,0.49357373,0.18057193,0.455608,0.2302508,0.3059054,1613759.0,0.71864134,2.0,al,-0.13319114,0.13319114
2,total,0.26927653,0.11809101,0.56094944,0.16020465,0.45294917,0.19863881,0.27616575,1637062.0,0.719611,3.0,al,-0.15118553,0.15118553
2,total,0.26927653,0.11061867,0.5880729,0.15452857,0.45966586,0.18882881,0.26769078,1648934.0,0.72180015,3.0,rand,-0.15865785,0.15865785
2,total,0.26927653,0.11247862,0.581411,0.16249841,0.4744325,0.19817188,0.27956715,1650546.0,0.72497195,4.0,rand,-0.15679792,0.15679792
2,total,0.26927653,0.09709654,0.63922673,0.14433795,0.47593683,0.17161296,0.25226417,1670773.0,0.7260506,4.0,al,-0.17218,0.17218
2,total,0.26927653,0.119577825,0.5542174,0.16095087,0.45083573,0.20020127,0.2772738,1634442.0,0.71896565,5.0,al,-0.1496987,0.1496987
2,total,0.26927653,0.111468695,0.58488435,0.16379382,0.48073503,0.19900148,0.28148213,1653577.0,0.7264286,5.0,rand,-0.15780784,0.15780784
2,total,0.26927653,0.110646345,0.5883262,0.16504622,0.4864336,0.19987488,0.2833295,1656176.0,0.72772133,6.0,al,-0.15863019,0.15863019
2,total,0.26927653,0.11465147,0.5731155,0.15919863,0.45989034,0.19580854,0.27466974,1643642.0,0.72152627,6.0,rand,-0.15462506,0.15462506
2,total,0.26927653,0.10896422,0.59468764,0.15630971,0.46924433,0.18988054,0.2703592,1653696.0,0.724021,7.0,rand,-0.16031231,0.16031231
2,total,0.26927653,0.12288389,0.5430182,0.17339154,0.47158083,0.21520337,0.29553866,1636245.0,0.723739,7.0,al,-0.14639264,0.14639264
2,total,0.26927653,0.11579568,0.5688304,0.1575083,0.45251372,0.1945906,0.2721502,1640024.0,0.71972615,8.0,al,-0.15348086,0.15348086
2,total,0.26927653,0.12401467,0.53842294,0.17499964,0.4723272,0.21752743,0.29787138,1635004.0,0.72385985,8.0,rand,-0.14526185,0.14526185
2,total,0.26927653,0.119736515,0.5544618,0.16788867,0.46704638,0.20767513,0.28750756,1638998.0,0.722832,9.0,rand,-0.14954002,0.14954002
2,total,0.26927653,0.11525124,0.5712598,0.15870056,0.4569745,0.1955849,0.27392808,1642020.0,0.72080606,9.0,al,-0.15402529,0.15402529
2,total,0.26927653,0.12120217,0.5491841,0.17007335,0.46828753,0.21077588,0.29070503,1637448.0,0.7230363,10.0,al,-0.14807436,0.14807436
2,total,0.26927653,0.1373297,0.48959962,0.19393589,0.48093772,0.24527407,0.32486773,1620643.0,0.7254879,10.0,rand,-0.13194683,0.13194683
2,total,0.26927653,0.12596413,0.53065115,0.16874424,0.45302954,0.21191978,0.2887612,1626502.0,0.71889037,11.0,rand,-0.1433124,0.1433124
2,total,0.26927653,0.12589537,0.53100604,0.17538589,0.46837407,0.21897808,0.29843074,1631342.0,0.72276044,11.0,al,-0.14338116,0.14338116
2,total,0.26927653,0.12506041,0.5353654,0.17184864,0.4624072,0.21475458,0.29329452,1630599.0,0.7213208,12.0,rand,-0.14421612,0.14421612
2,total,0.26927653,0.12765563,0.5247044,0.17900912,0.47210288,0.22380753,0.30365986,1630212.0,0.7236011,12.0,al,-0.1416209,0.1416209
2,total,0.26927653,0.13065244,0.5139689,0.18121499,0.469605,0.22784969,0.30682766,1625522.0,0.7227812,13.0,al,-0.13862409,0.13862409
2,total,0.26927653,0.13828021,0.4853205,0.18676162,0.46382508,0.23818403,0.31474113,1613615.0,0.720719,13.0,rand,-0.13099632,0.13099632
