,images,gt_confluence,pred_confluence,relative_delta_confluence,iou,precision,recall,f1,true_negative,accuracy,step,method,dAbsConf,dAbsAbsConf
2,total,0.26927653,0.10412942,0.6128559,0.14325152,0.44933295,0.17375569,0.2506033,1654907.0,0.7201717,0.0,rand,-0.16514711,0.16514711
2,total,0.26927653,0.12711607,0.5268509,0.18092476,0.47775275,0.22552866,0.30641156,1632677.0,0.72506756,0.0,al,-0.14216046,0.14216046
2,total,0.26927653,0.12463642,0.5356875,0.15814458,0.431568,0.19975248,0.27309945,1621713.0,0.71366537,1.0,rand,-0.14464012,0.14464012
2,total,0.26927653,0.11467873,0.5736038,0.16758645,0.4805629,0.20465899,0.2870643,1649432.0,0.7262655,1.0,al,-0.15459779,0.15459779
2,total,0.26927653,0.12148985,0.54725754,0.16837968,0.463538,0.20913333,0.28822723,1635654.0,0.721864,2.0,rand,-0.14778668,0.14778668
2,total,0.26927653,0.11349506,0.5787649,0.17126378,0.49314687,0.20785041,0.29244232,1654453.0,0.7291679,2.0,al,-0.15578148,0.15578148
2,total,0.26927653,0.11264098,0.5811629,0.16644277,0.4838128,0.20238177,0.2853848,1652933.0,0.7270768,3.0,al,-0.15663555,0.15663555
2,total,0.26927653,0.13863991,0.48254147,0.1729221,0.4337768,0.22333305,0.29485646,1602903.0,0.7123613,3.0,rand,-0.13063662,0.13063662
2,total,0.26927653,0.12738055,0.5250031,0.17075767,0.45417956,0.21484676,0.2917041,1624958.0,0.7190503,4.0,rand,-0.14189598,0.14189598
2,total,0.26927653,0.1323712,0.5076241,0.1767903,0.455841,0.22408102,0.3004614,1618804.0,0.7190328,4.0,al,-0.13690533,0.13690533
2,total,0.26927653,0.123933695,0.5395133,0.17494483,0.47241256,0.21742468,0.297792,1635135.0,0.7238855,5.0,al,-0.14534283,0.14534283
2,total,0.26927653,0.13610737,0.4932613,0.18144377,0.4574209,0.2312043,0.30715555,1614336.0,0.7191329,5.0,rand,-0.13316916,0.13316916
2,total,0.26927653,0.12082498,0.55022293,0.17071739,0.47081366,0.21125339,0.29164535,1638691.0,0.72367066,6.0,al,-0.14845155,0.14845155
2,total,0.26927653,0.14026548,0.47787577,0.18835784,0.46279234,0.24106568,0.31700483,1610643.0,0.72028565,6.0,rand,-0.12901105,0.12901105
2,total,0.26927653,0.1309381,0.51266277,0.17524372,0.45576787,0.22161947,0.2982249,1620697.0,0.71914023,7.0,rand,-0.13833843,0.13833843
2,total,0.26927653,0.11643004,0.56678194,0.1598748,0.456629,0.19743599,0.27567554,1640348.0,0.7206242,7.0,al,-0.1528465,0.1528465
2,total,0.26927653,0.12195779,0.54563445,0.16536231,0.45520332,0.20616403,0.28379512,1632539.0,0.71979696,8.0,al,-0.14731874,0.14731874
2,total,0.26927653,0.14007343,0.47924775,0.18995298,0.46650612,0.24266744,0.31926087,1612175.0,0.72134036,8.0,rand,-0.1292031,0.1292031
2,total,0.26927653,0.13073099,0.5124349,0.1797781,0.46626016,0.22636278,0.30476552,1624345.0,0.72190183,9.0,rand,-0.13854554,0.13854554
2,total,0.26927653,0.11459736,0.5739033,0.16562694,0.4759793,0.2025631,0.28418475,1648245.0,0.7252181,9.0,al,-0.15467918,0.15467918
2,total,0.26927653,0.12375222,0.5405257,0.18078986,0.48626742,0.22347358,0.3062181,1639584.0,0.7273246,10.0,al,-0.14552431,0.14552431
2,total,0.26927653,0.14011982,0.4774109,0.18696816,0.4602301,0.23948206,0.3150344,1609953.0,0.71957844,10.0,rand,-0.12915671,0.12915671
2,total,0.26927653,0.13408099,0.50082076,0.18043338,0.45983338,0.22896336,0.30570656,1617833.0,0.7199524,11.0,rand,-0.13519554,0.13519554
2,total,0.26927653,0.120972276,0.5498486,0.16898537,0.46633524,0.20949902,0.28911418,1637168.0,0.7225785,11.0,al,-0.14830425,0.14830425
2,total,0.26927653,0.13599099,0.49390283,0.18975621,0.47530437,0.24003814,0.3189829,1620468.0,0.7240068,12.0,rand,-0.13328554,0.13328554
2,total,0.26927653,0.13484842,0.49864307,0.18603496,0.47007704,0.23540363,0.31370863,1620209.0,0.7226534,12.0,al,-0.13442811,0.13442811
2,total,0.26927653,0.12879251,0.5208318,0.17833285,0.46777117,0.22372894,0.30268627,1627366.0,0.7224219,13.0,al,-0.14048402,0.14048402
2,total,0.26927653,0.1330609,0.50579715,0.1887771,0.48016563,0.23726831,0.31759837,1625836.0,0.72544515,13.0,rand,-0.13621563,0.13621563
