,images,gt_confluence,pred_confluence,relative_delta_confluence,iou,precision,recall,f1,true_negative,accuracy,step,method,dAbsConf,dAbsAbsConf
2,total,0.35496256,0.21380755,0.3982288,0.43113676,0.8013992,0.4827112,0.602509,1480889.0,0.7739197,0.0,rand,-0.141155,0.141155
2,total,0.35496256,0.22467467,0.36714858,0.4546901,0.806396,0.5104086,0.62513626,1478344.0,0.7827157,0.0,al,-0.1302879,0.1302879
2,total,0.35496256,0.3134316,0.113712616,0.5372708,0.74530405,0.6581006,0.69899255,1389055.0,0.798809,1.0,al,-0.04153098,0.04153098
2,total,0.35496256,0.2578652,0.27359438,0.5118902,0.80464303,0.5845366,0.6771521,1461441.0,0.8021505,1.0,rand,-0.09709739,0.09709739
2,total,0.35496256,0.23019835,0.35129663,0.46731946,0.8095869,0.5250265,0.63696986,1477521.0,0.7875696,2.0,rand,-0.12476422,0.12476422
2,total,0.35496256,0.25519347,0.2805809,0.47575006,0.7707941,0.55414534,0.64475644,1441495.0,0.78324664,2.0,al,-0.0997691,0.0997691
2,total,0.35496256,0.2468882,0.30372143,0.4915109,0.8033342,0.55874324,0.65907735,1465917.0,0.7948161,3.0,rand,-0.10807436,0.10807436
2,total,0.35496256,0.22833921,0.3577322,0.4477397,0.79004,0.50821227,0.6185357,1467422.0,0.77749187,3.0,al,-0.12662335,0.12662335
2,total,0.35496256,0.20141499,0.43295792,0.40075338,0.79030496,0.44843733,0.5721964,1481446.0,0.7619804,4.0,al,-0.15354759,0.15354759
2,total,0.35496256,0.22025083,0.3798019,0.44963202,0.8100505,0.50262624,0.62033904,1482427.0,0.7816146,4.0,rand,-0.13471173,0.13471173
2,total,0.35496256,0.22810932,0.35646272,0.46887034,0.8159237,0.5243341,0.63840896,1482051.0,0.78916705,5.0,rand,-0.12685324,0.12685324
2,total,0.35496256,0.2218406,0.37240773,0.44083577,0.7955183,0.49717203,0.6119163,1473762.0,0.77615273,5.0,al,-0.13312197,0.13312197
2,total,0.35496256,0.25048888,0.29306534,0.47431317,0.77761984,0.54874617,0.64343566,1448347.0,0.78411824,6.0,al,-0.10447369,0.10447369
2,total,0.35496256,0.19798806,0.44309887,0.41652492,0.82123137,0.45805725,0.5880935,1498260.0,0.77223676,6.0,rand,-0.15697451,0.15697451
2,total,0.35496256,0.24779235,0.30047494,0.48227963,0.79144853,0.5524923,0.65072644,1458242.0,0.7894743,7.0,al,-0.107170224,0.107170224
2,total,0.35496256,0.2792763,0.21328464,0.5471919,0.8031841,0.63192433,0.70733505,1450160.0,0.8143811,7.0,rand,-0.07568625,0.07568625
2,total,0.35496256,0.2873712,0.18891521,0.52557707,0.77005297,0.6234186,0.6890202,1422846.0,0.8002478,8.0,rand,-0.06759137,0.06759137
2,total,0.35496256,0.2643943,0.25344652,0.5118019,0.79304314,0.59069693,0.67707485,1450769.0,0.7999947,8.0,al,-0.09056825,0.09056825
2,total,0.35496256,0.20633279,0.41863555,0.41213354,0.7939382,0.46149853,0.58370286,1480754.0,0.76633507,9.0,al,-0.14862978,0.14862978
2,total,0.35496256,0.26508117,0.25144517,0.51216424,0.7922362,0.59162885,0.6773919,1449894.0,0.7999695,9.0,rand,-0.089881405,0.089881405
2,total,0.35496256,0.25233662,0.2870747,0.5002508,0.8025043,0.57048386,0.6668891,1462769.0,0.7977026,10.0,rand,-0.10262595,0.10262595
2,total,0.35496256,0.24243182,0.3167722,0.45974442,0.7760902,0.5300508,0.62989664,1451839.0,0.778903,10.0,al,-0.11253074,0.11253074
2,total,0.35496256,0.26564798,0.25065133,0.51711017,0.7963051,0.59593904,0.6817037,1452261.0,0.8024626,11.0,rand,-0.089314595,0.089314595
2,total,0.35496256,0.23613584,0.33594695,0.46015555,0.7888683,0.52478576,0.6302824,1462719.0,0.7814612,11.0,al,-0.11882672,0.11882672
2,total,0.35496256,0.26585752,0.24907595,0.5255694,0.8044811,0.6025327,0.6890136,1457498.0,0.806934,12.0,rand,-0.08910504,0.08910504
2,total,0.35496256,0.26735574,0.24399675,0.51379675,0.79003763,0.5950495,0.67881817,1447288.0,0.8001233,12.0,al,-0.08760683,0.08760683
2,total,0.35496256,0.24296609,0.31485498,0.4926084,0.8121957,0.55593246,0.6600633,1473104.0,0.79674274,13.0,rand,-0.11199648,0.11199648
2,total,0.35496256,0.23948179,0.3244105,0.48439756,0.8100121,0.54648674,0.65265155,1473427.0,0.79352134,13.0,al,-0.11548077,0.11548077
