,images,gt_confluence,pred_confluence,relative_delta_confluence,iou,precision,recall,f1,true_negative,accuracy,step,method,dAbsConf,dAbsAbsConf
139,total,0.5766645,0.23208459,0.4957538,0.3529956,0.90916306,0.36590046,0.5217982,20468728.0,0.6132555,0.0,rand,-0.34457996,0.34457996
139,total,0.5766645,0.24543098,0.47461933,0.39502418,0.94849724,0.40368298,0.5663327,20898272.0,0.64348483,0.0,al,-0.33123356,0.33123356
139,total,0.5766645,0.27007973,0.4310172,0.41727737,0.92306304,0.43231317,0.58884317,20484132.0,0.6518561,10.0,al,-0.3065848,0.3065848
139,total,0.5766645,0.23468228,0.48760155,0.37140757,0.93629295,0.38103682,0.5416439,20780700.0,0.62811506,10.0,rand,-0.34198225,0.34198225
139,total,0.5766645,0.2254195,0.5051435,0.35263613,0.9276317,0.36261177,0.52140534,20711380.0,0.61612767,20.0,al,-0.35124502,0.35124502
139,total,0.5766645,0.21518739,0.5212271,0.33811173,0.9298149,0.3469669,0.5053561,20772964.0,0.60831606,20.0,rand,-0.36147714,0.36147714
139,total,0.5766645,0.21219309,0.5297756,0.33661932,0.93626803,0.34451342,0.50368726,20853336.0,0.6084807,30.0,rand,-0.36447144,0.36447144
139,total,0.5766645,0.22420293,0.5071868,0.35177878,0.92957574,0.3614106,0.5204676,20738038.0,0.61595887,30.0,al,-0.3524616,0.3524616
139,total,0.5766645,0.23177364,0.49279237,0.36656934,0.93563956,0.37605166,0.5364807,20782424.0,0.6252741,40.0,al,-0.3448909,0.3448909
139,total,0.5766645,0.23320007,0.4924235,0.36674958,0.93189234,0.3768507,0.5366737,20733286.0,0.6247693,40.0,rand,-0.34346446,0.34346446
139,total,0.5766645,0.22225359,0.5053176,0.35480237,0.9413811,0.3628182,0.52376956,20878534.0,0.61953163,50.0,al,-0.35441095,0.35441095
139,total,0.5766645,0.21484831,0.5239648,0.3408029,0.9364096,0.34887716,0.5083561,20846272.0,0.6108583,50.0,rand,-0.36181623,0.36181623
139,total,0.5766645,0.22033584,0.5129211,0.3521008,0.94196063,0.35990897,0.52081996,20890752.0,0.6180941,60.0,al,-0.3563287,0.3563287
139,total,0.5766645,0.23118146,0.49513793,0.36192957,0.92863774,0.37228385,0.53149486,20701996.0,0.6215208,60.0,rand,-0.3454831,0.3454831
139,total,0.5766645,0.2298539,0.4938365,0.36346564,0.9353689,0.372829,0.53314924,20785544.0,0.6234771,70.0,rand,-0.34681064,0.34681064
139,total,0.5766645,0.24085052,0.47661662,0.38471544,0.9430365,0.39386833,0.5556595,20843352.0,0.63674575,70.0,al,-0.335814,0.335814
139,total,0.5766645,0.2444211,0.47060707,0.3876517,0.93845236,0.3977644,0.55871576,20775988.0,0.6376686,80.0,al,-0.33224344,0.33224344
139,total,0.5766645,0.22367501,0.50319004,0.35544097,0.9383073,0.36394635,0.524465,20839308.0,0.61941135,80.0,rand,-0.35298952,0.35298952
139,total,0.5766645,0.24407369,0.4718573,0.38964656,0.9428692,0.39906844,0.5607847,20831930.0,0.63952,90.0,al,-0.33259085,0.33259085
139,total,0.5766645,0.21693167,0.5178375,0.34759635,0.94361204,0.35496962,0.5158757,20919036.0,0.6158016,90.0,rand,-0.35973287,0.35973287
139,total,0.5766645,0.24510461,0.46892947,0.39091507,0.94228303,0.40050492,0.56209725,20821624.0,0.64014584,100.0,al,-0.33155993,0.33155993
139,total,0.5766645,0.2295824,0.5001429,0.36215836,0.9336879,0.37171936,0.5317415,20766800.0,0.6224688,100.0,rand,-0.34708214,0.34708214
139,total,0.5766645,0.2465473,0.46872315,0.38842496,0.93410844,0.39936733,0.5595184,20714832.0,0.63739115,110.0,rand,-0.33011723,0.33011723
139,total,0.5766645,0.23192815,0.49376816,0.37191007,0.94512653,0.3801179,0.5421781,20893880.0,0.6298093,110.0,al,-0.34473637,0.34473637
139,total,0.5766645,0.23197283,0.49154642,0.36319917,0.9287602,0.3736075,0.53286254,20700568.0,0.62225604,120.0,rand,-0.34469172,0.34469172
139,total,0.5766645,0.23866743,0.47933647,0.38077393,0.9420788,0.38990188,0.55153656,20838048.0,0.63435423,120.0,al,-0.3379971,0.3379971
139,total,0.5766645,0.22084996,0.51392007,0.35490772,0.94590694,0.36226013,0.5238843,20933582.0,0.62029165,130.0,al,-0.35581458,0.35581458
139,total,0.5766645,0.22969185,0.49858707,0.3616598,0.93242615,0.37139398,0.5312039,20751684.0,0.6219841,130.0,rand,-0.3469727,0.3469727
139,total,0.5766645,0.24506533,0.4716398,0.3900119,0.94082266,0.39982012,0.56116295,20803528.0,0.6393953,140.0,rand,-0.3315992,0.3315992
139,total,0.5766645,0.24702954,0.46828595,0.39014348,0.9357999,0.4008731,0.56129915,20734476.0,0.6386455,140.0,al,-0.329635,0.329635
139,total,0.5766645,0.22378299,0.5110497,0.35609588,0.93925554,0.36449,0.5251776,20849768.0,0.6199304,150.0,rand,-0.35288155,0.35288155
139,total,0.5766645,0.22597614,0.5027907,0.36193854,0.94392455,0.3698918,0.5315045,20896676.0,0.6239673,150.0,al,-0.3506884,0.3506884
139,total,0.5766645,0.21604076,0.5230011,0.3449384,0.94105864,0.3525552,0.5129427,20893520.0,0.6139079,160.0,rand,-0.36062378,0.36062378
139,total,0.5766645,0.22070518,0.51039726,0.34947884,0.9356285,0.35808882,0.517946,20818548.0,0.61562556,160.0,al,-0.35595936,0.35595936
139,total,0.5766645,0.2584138,0.4451769,0.4110164,0.94132537,0.42182326,0.5825816,20769942.0,0.6514237,170.0,al,-0.31825075,0.31825075
139,total,0.5766645,0.21363322,0.52943707,0.34001765,0.93867314,0.3477426,0.50748193,20874810.0,0.6107649,170.0,rand,-0.36303133,0.36303133
139,total,0.5766645,0.224453,0.50812626,0.36095035,0.9466238,0.36844924,0.5304383,20931852.0,0.6238267,180.0,al,-0.35221153,0.35221153
139,total,0.5766645,0.20718777,0.5409368,0.3315602,0.9420485,0.33846366,0.4980022,20930508.0,0.6065087,180.0,rand,-0.36947677,0.36947677
139,total,0.5766645,0.23708504,0.48555958,0.38043082,0.9459081,0.38889113,0.55117655,20888908.0,0.6347709,190.0,al,-0.3395795,0.3395795
139,total,0.5766645,0.22775291,0.4996727,0.36111593,0.93706656,0.3700916,0.53061706,20812128.0,0.62242097,190.0,rand,-0.34891164,0.34891164
139,total,0.5766645,0.22859424,0.49839246,0.36568788,0.9432583,0.3739132,0.5355361,20881456.0,0.6259872,200.0,rand,-0.3480703,0.3480703
139,total,0.5766645,0.24264611,0.47433752,0.38627926,0.9408647,0.3958909,0.5572888,20811332.0,0.6372828,200.0,al,-0.3340184,0.3340184
139,total,0.5766645,0.22407284,0.5077015,0.35883301,0.9436883,0.36668456,0.5281484,20899414.0,0.6221716,210.0,al,-0.3525917,0.3525917
139,total,0.5766645,0.22275575,0.50656927,0.35498363,0.9402036,0.3631831,0.523967,20863690.0,0.6194504,210.0,rand,-0.35390878,0.35390878
139,total,0.5766645,0.22962584,0.50142854,0.36796856,0.9445103,0.3760991,0.5379777,20893108.0,0.62747663,220.0,rand,-0.34703872,0.34703872
139,total,0.5766645,0.22321281,0.5093908,0.35771948,0.94414395,0.3654535,0.52694124,20907054.0,0.62161183,220.0,al,-0.35345173,0.35345173
139,total,0.5766645,0.23521031,0.4850222,0.37631848,0.9437797,0.38494787,0.5468475,20868596.0,0.6320977,230.0,al,-0.34145424,0.34145424
139,total,0.5766645,0.23097734,0.49664783,0.36675233,0.93828297,0.37581846,0.53667665,20816100.0,0.62580144,230.0,rand,-0.34568718,0.34568718
139,total,0.5766645,0.23677525,0.48734072,0.37915424,0.94448155,0.38779724,0.54983544,20872574.0,0.63381904,240.0,al,-0.3398893,0.3398893
139,total,0.5766645,0.23719327,0.4852249,0.37504724,0.93587065,0.38494006,0.5455041,20767464.0,0.63010573,240.0,rand,-0.33947128,0.33947128
139,total,0.5766645,0.22003262,0.5118455,0.3514,0.94151115,0.35924217,0.52005285,20886616.0,0.6176283,250.0,rand,-0.35663193,0.35663193
139,total,0.5766645,0.22098686,0.5096139,0.35420862,0.94410795,0.36179528,0.5231223,20912976.0,0.6196186,250.0,al,-0.35567766,0.35567766
139,total,0.5766645,0.21598911,0.5204841,0.34290105,0.9370826,0.3509817,0.5106866,20849976.0,0.61214477,260.0,rand,-0.36067542,0.36067542
139,total,0.5766645,0.21369854,0.5277018,0.344376,0.94741154,0.35108718,0.5123205,20969628.0,0.61455697,260.0,al,-0.362966,0.362966
139,total,0.5766645,0.22915268,0.50203013,0.35987404,0.93060374,0.36979803,0.5292751,20732288.0,0.6206826,270.0,rand,-0.34751186,0.34751186
139,total,0.5766645,0.22004001,0.5142004,0.35476708,0.9481472,0.36178637,0.52373105,20960896.0,0.62055516,270.0,al,-0.35662454,0.35662454
139,total,0.5766645,0.23474336,0.48727635,0.37785715,0.9479178,0.38586813,0.5484703,20919360.0,0.63362604,280.0,al,-0.34192118,0.34192118
139,total,0.5766645,0.22815982,0.50066185,0.36096048,0.9355725,0.37016168,0.5304492,20793480.0,0.62209487,280.0,rand,-0.34850472,0.34850472
139,total,0.5766645,0.24275044,0.471653,0.3877228,0.943113,0.3970075,0.55878955,20838788.0,0.63846636,290.0,al,-0.3339141,0.3339141
139,total,0.5766645,0.2314446,0.4965857,0.3701583,0.943281,0.37858465,0.54031426,20873494.0,0.62852454,290.0,rand,-0.34521994,0.34521994
139,total,0.5766645,0.2511369,0.46195304,0.39973038,0.94132507,0.40994462,0.571153,20791664.0,0.6450006,300.0,al,-0.3255276,0.3255276
139,total,0.5766645,0.2203328,0.51725036,0.35182923,0.9414326,0.35970226,0.5205228,20884840.0,0.6178587,300.0,rand,-0.35633174,0.35633174
139,total,0.5766645,0.22625911,0.504923,0.3623408,0.9438458,0.37032408,0.5319382,20894964.0,0.6241829,310.0,al,-0.35040542,0.35040542
139,total,0.5766645,0.21049748,0.5332996,0.3347187,0.93779725,0.34231865,0.5015565,20875214.0,0.60764503,310.0,rand,-0.36616704,0.36616704
139,total,0.5766645,0.21243931,0.53057957,0.33900076,0.9404173,0.34644175,0.5063485,20897390.0,0.6104585,320.0,rand,-0.3642252,0.3642252
139,total,0.5766645,0.21770161,0.521664,0.34939176,0.94478965,0.35667408,0.51785034,20929872.0,0.6169974,320.0,al,-0.35896292,0.35896292
139,total,0.5766645,0.24012466,0.47636053,0.38180634,0.9398758,0.39136517,0.55261874,20806836.0,0.6345846,330.0,rand,-0.33653986,0.33653986
139,total,0.5766645,0.2275429,0.49757084,0.35929486,0.9342078,0.3686223,0.5286485,20779700.0,0.6209364,330.0,al,-0.34912163,0.34912163
