,images,gt_confluence,pred_confluence,relative_delta_confluence,iou,precision,recall,f1,true_negative,accuracy,step,method,dAbsConf,dAbsAbsConf
3,total,0.15109126,0.07464318,0.46239567,0.34234664,0.7712816,0.38102892,0.51007146,654183.0,0.88940686,0.0,rand,-0.076448075,0.076448075
3,total,0.15109126,0.07944462,0.44210535,0.4098965,0.84365445,0.44359258,0.5814557,657841.0,0.90351105,0.0,al,-0.071646646,0.071646646
3,total,0.15109126,0.08049747,0.41329855,0.37621278,0.78647816,0.41900977,0.5467359,654092.0,0.8950297,1.0,rand,-0.07059379,0.07059379
3,total,0.15109126,0.08186695,0.42394394,0.41457933,0.8339753,0.4518738,0.58615166,656920.0,0.90359116,1.0,al,-0.06922431,0.06922431
3,total,0.15109126,0.07437107,0.44814682,0.36196396,0.8057004,0.39658147,0.53153193,656245.0,0.89437866,2.0,rand,-0.07672019,0.07672019
3,total,0.15109126,0.08941878,0.36413315,0.4314776,0.81073934,0.4798061,0.6028418,654300.0,0.90448,2.0,al,-0.061672483,0.061672483
3,total,0.15109126,0.092712134,0.33610922,0.43094686,0.79196554,0.4859581,0.6023236,652441.0,0.90304565,3.0,al,-0.05837913,0.05837913
3,total,0.15109126,0.077992484,0.4307304,0.37798685,0.8057064,0.4158959,0.5486069,655692.0,0.89659375,3.0,rand,-0.07309877,0.07309877
3,total,0.15109126,0.0908709,0.35270414,0.42090368,0.7887578,0.47437787,0.5924446,652513.0,0.9013875,4.0,al,-0.060220353,0.060220353
3,total,0.15109126,0.08699517,0.36483875,0.40150303,0.7840386,0.45142776,0.57296014,652834.0,0.8983281,4.0,rand,-0.064096086,0.064096086
3,total,0.15109126,0.08703459,0.37662703,0.40468958,0.7882418,0.45405352,0.5761974,653115.0,0.8990822,5.0,al,-0.064056665,0.064056665
3,total,0.15109126,0.08705112,0.37010273,0.40742633,0.79193383,0.45626688,0.578966,653365.0,0.8997345,5.0,rand,-0.06404014,0.06404014
3,total,0.15109126,0.09164656,0.34456375,0.4210444,0.78477377,0.47601053,0.59258395,652097.0,0.9011052,6.0,al,-0.0594447,0.0594447
3,total,0.15109126,0.08809889,0.3531167,0.41074562,0.79049695,0.46092087,0.5823095,653094.0,0.9000931,6.0,rand,-0.062992364,0.062992364
3,total,0.15109126,0.06932041,0.50385135,0.35874644,0.83951205,0.38516113,0.5280546,658860.0,0.8959783,7.0,rand,-0.08177085,0.08177085
3,total,0.15109126,0.081307456,0.42521825,0.402185,0.81983674,0.44117722,0.57365423,656089.0,0.9009183,7.0,al,-0.0697838,0.0697838
3,total,0.15109126,0.06906991,0.50672144,0.36989477,0.8606908,0.39345077,0.5400334,660042.0,0.8987338,8.0,rand,-0.08202135,0.08202135
3,total,0.15109126,0.07714181,0.44487432,0.39365634,0.835707,0.42667666,0.56492555,657642.0,0.9007022,8.0,al,-0.07394945,0.07394945
3,total,0.15109126,0.079086035,0.42116594,0.39461318,0.8235389,0.43106133,0.5659101,656634.0,0.9000829,9.0,rand,-0.07200523,0.07200523
3,total,0.15109126,0.079480216,0.4240975,0.39558223,0.8223022,0.43255934,0.5669059,656502.0,0.9001414,9.0,al,-0.07161104,0.07161104
