,images,gt_confluence,pred_confluence,relative_delta_confluence,iou,precision,recall,f1,true_negative,accuracy,step,method,dAbsConf,dAbsAbsConf
2,total,0.35496256,0.2155373,0.393201,0.45199952,0.8239595,0.50031525,0.62258863,1491995.0,0.7846875,0.0,rand,-0.13942526,0.13942526
2,total,0.35496256,0.18677062,0.47355437,0.39903367,0.8272938,0.43529478,0.57044137,1505971.0,0.7672945,0.0,al,-0.16819195,0.16819195
2,total,0.35496256,0.2469578,0.30248287,0.47677386,0.7868932,0.5474623,0.64569604,1455905.0,0.78673786,1.0,al,-0.10800478,0.10800478
2,total,0.35496256,0.22363096,0.3703529,0.47090513,0.8283075,0.521842,0.6402925,1490883.0,0.7918762,1.0,rand,-0.13133161,0.13133161
2,total,0.35496256,0.2288987,0.35452136,0.47454554,0.8208942,0.52935386,0.6436494,1484490.0,0.79194134,2.0,rand,-0.12606385,0.12606385
2,total,0.35496256,0.21324523,0.39859033,0.4225878,0.79152936,0.4755123,0.5941109,1475991.0,0.76937133,2.0,al,-0.14171734,0.14171734
2,total,0.35496256,0.2393524,0.32532468,0.49094918,0.81762403,0.55132425,0.6585722,1477965.0,0.797085,3.0,rand,-0.11561017,0.11561017
2,total,0.35496256,0.2127073,0.39916065,0.38594607,0.7431817,0.4453411,0.5569419,1450993.0,0.74849,3.0,al,-0.14225526,0.14225526
2,total,0.35496256,0.17691913,0.5009196,0.33167547,0.7487845,0.3732043,0.49813214,1476017.0,0.7330664,4.0,al,-0.17804344,0.17804344
2,total,0.35496256,0.2182611,0.3850731,0.4558788,0.8223812,0.5056674,0.6262588,1489970.0,0.7857633,4.0,rand,-0.13670148,0.13670148
2,total,0.35496256,0.21167539,0.40434507,0.44108844,0.81935406,0.48860443,0.61215967,1491270.0,0.7802356,5.0,rand,-0.14328717,0.14328717
2,total,0.35496256,0.20174375,0.42975134,0.39554518,0.7821312,0.44452378,0.5668679,1477224.0,0.7588733,5.0,al,-0.1532188,0.1532188
2,total,0.35496256,0.253644,0.28470764,0.46941817,0.7665272,0.54773164,0.63891655,1439708.0,0.7802429,6.0,al,-0.10131858,0.10131858
2,total,0.35496256,0.20703916,0.41758254,0.4411839,0.8309726,0.48467943,0.6122516,1499240.0,0.78208536,6.0,rand,-0.1479234,0.1479234
2,total,0.35496256,0.19582579,0.44888523,0.39051652,0.78991354,0.43577737,0.5616851,1484138.0,0.75858194,7.0,al,-0.15913677,0.15913677
2,total,0.35496256,0.2116815,0.40461373,0.44696772,0.8268868,0.4931106,0.6177987,1495186.0,0.78342855,7.0,rand,-0.14328106,0.14328106
2,total,0.35496256,0.20870218,0.41217974,0.43309528,0.8162132,0.47989467,0.60441893,1490979.0,0.7770256,8.0,rand,-0.1462604,0.1462604
2,total,0.35496256,0.23109068,0.34843448,0.45044526,0.78758323,0.5127368,0.6211126,1464607.0,0.7779525,8.0,al,-0.123871885,0.123871885
2,total,0.35496256,0.21812437,0.3855034,0.432709,0.7935156,0.48761284,0.60404265,1474556.0,0.7730827,9.0,al,-0.1368382,0.1368382
2,total,0.35496256,0.24153216,0.32055098,0.4913466,0.8136583,0.5536467,0.65892965,1474634.0,0.79655397,9.0,rand,-0.113430396,0.113430396
2,total,0.35496256,0.2546718,0.2827563,0.50082093,0.79880935,0.57311237,0.6673955,1459323.0,0.79723346,10.0,rand,-0.100290745,0.100290745
2,total,0.35496256,0.24257302,0.31514263,0.4788932,0.79767174,0.5451077,0.64763683,1464627.0,0.78945106,10.0,al,-0.11238954,0.11238954
2,total,0.35496256,0.21752948,0.38756746,0.44382644,0.8090041,0.49577466,0.6147915,1483138.0,0.7794718,11.0,rand,-0.13743308,0.13743308
2,total,0.35496256,0.2368052,0.33285493,0.46018866,0.7875681,0.5254059,0.6303135,1461615.0,0.7812321,11.0,al,-0.118157364,0.118157364
2,total,0.35496256,0.28028136,0.20923989,0.53708833,0.7919433,0.6253227,0.6988381,1441931.0,0.80868936,12.0,rand,-0.07468121,0.07468121
2,total,0.35496256,0.24967141,0.29563478,0.49191517,0.7984925,0.5616365,0.6594407,1461601.0,0.79408693,12.0,al,-0.10529116,0.10529116
2,total,0.35496256,0.29345396,0.17263737,0.5363522,0.7713903,0.63772017,0.6982147,1420373.0,0.804318,13.0,rand,-0.061508603,0.061508603
2,total,0.35496256,0.28740132,0.18982156,0.53821594,0.78204626,0.63319445,0.6997919,1431300.0,0.8071578,13.0,al,-0.067561254,0.067561254
