,images,gt_confluence,pred_confluence,relative_delta_confluence,iou,precision,recall,f1,true_negative,accuracy,step,method,dAbsConf,dAbsAbsConf
139,total,0.5766645,0.24489601,0.46407837,0.38429645,0.9313145,0.395506,0.55522233,20685552.0,0.634589,0.0,rand,-0.3317685,0.3317685
139,total,0.5766645,0.23603973,0.49452594,0.3727005,0.93483067,0.3826423,0.54301757,20758736.0,0.6286092,0.0,al,-0.3406248,0.3406248
139,total,0.5766645,0.2588066,0.4491329,0.40339342,0.92791164,0.41644442,0.57488245,20592120.0,0.6448273,10.0,al,-0.31785792,0.31785792
139,total,0.5766645,0.25924742,0.4436307,0.41500103,0.9456701,0.42513728,0.58657306,20824768.0,0.6544122,10.0,rand,-0.31741711,0.31741711
139,total,0.5766645,0.23623206,0.48894504,0.37588903,0.9400999,0.38511264,0.546394,20821438.0,0.631266,20.0,al,-0.34043247,0.34043247
139,total,0.5766645,0.24680468,0.46720365,0.39270672,0.9408142,0.40265423,0.563947,20798184.0,0.6409246,20.0,rand,-0.32985985,0.32985985
139,total,0.5766645,0.23966283,0.48231623,0.38467407,0.9462596,0.39326558,0.5556164,20886100.0,0.63723826,30.0,rand,-0.3370017,0.3370017
139,total,0.5766645,0.23917484,0.48139948,0.37765357,0.9350698,0.38782382,0.5482558,20751250.0,0.6314501,30.0,al,-0.3374897,0.3374897
139,total,0.5766645,0.2360663,0.48833704,0.3745719,0.9381705,0.38405257,0.5450011,20798768.0,0.63020915,40.0,al,-0.34059823,0.34059823
139,total,0.5766645,0.23938853,0.48207033,0.38466647,0.94701207,0.39312783,0.55560845,20896016.0,0.6373537,40.0,rand,-0.337276,0.337276
139,total,0.5766645,0.23792364,0.48418114,0.3811256,0.94479316,0.38980666,0.55190533,20873102.0,0.6349882,50.0,al,-0.3387409,0.3387409
139,total,0.5766645,0.23962206,0.4797504,0.38011807,0.93825185,0.3898712,0.55084825,20788572.0,0.6333642,50.0,rand,-0.33704248,0.33704248
139,total,0.5766645,0.23183575,0.495342,0.37199074,0.94554466,0.38013455,0.5422638,20899070.0,0.62992096,60.0,al,-0.34482878,0.34482878
139,total,0.5766645,0.23259403,0.49159282,0.36975613,0.9392089,0.37882242,0.5398857,20821982.0,0.62764937,60.0,rand,-0.3440705,0.3440705
139,total,0.5766645,0.25267655,0.45767933,0.40297633,0.94275457,0.4130842,0.5744588,20805448.0,0.647082,70.0,rand,-0.323988,0.323988
139,total,0.5766645,0.26870793,0.42996934,0.4235456,0.9360467,0.43616733,0.5950569,20667032.0,0.657673,70.0,al,-0.3079566,0.3079566
139,total,0.5766645,0.23527962,0.48442757,0.3752946,0.94171554,0.3842191,0.5457657,20843684.0,0.6311879,80.0,al,-0.34138492,0.34138492
139,total,0.5766645,0.24401239,0.47663677,0.39153066,0.94631255,0.40042526,0.56273335,20874864.0,0.6411462,80.0,rand,-0.33265215,0.33265215
139,total,0.5766645,0.21868147,0.5188284,0.34785205,0.9386375,0.35594645,0.5161572,20858660.0,0.6151784,90.0,al,-0.35798305,0.35798305
139,total,0.5766645,0.24203096,0.47890747,0.38736373,0.94445515,0.39639416,0.55841655,20857400.0,0.6384784,90.0,rand,-0.33463356,0.33463356
139,total,0.5766645,0.25805962,0.45040756,0.41108713,0.9423324,0.4216958,0.5826526,20784224.0,0.6516309,100.0,al,-0.31860492,0.31860492
139,total,0.5766645,0.24182491,0.4765556,0.38860923,0.9472102,0.39721203,0.55970955,20891884.0,0.6396277,100.0,rand,-0.3348396,0.3348396
139,total,0.5766645,0.2222392,0.51085365,0.35489509,0.94160664,0.36288163,0.5238705,20881128.0,0.6196192,110.0,rand,-0.35442534,0.35442534
139,total,0.5766645,0.24415044,0.47579676,0.3925296,0.9476696,0.40122637,0.5637644,20891346.0,0.6419321,110.0,al,-0.33251408,0.33251408
139,total,0.5766645,0.23226143,0.49369827,0.37093222,0.9423486,0.37954527,0.54113823,20860116.0,0.6288156,120.0,rand,-0.3444031,0.3444031
139,total,0.5766645,0.21615109,0.5214149,0.34759328,0.94608194,0.35461813,0.51587224,20948440.0,0.6161768,120.0,al,-0.36051345,0.36051345
139,total,0.5766645,0.24279463,0.47888693,0.38886324,0.9449893,0.39786977,0.559973,20861842.0,0.63941664,130.0,al,-0.3338699,0.3338699
139,total,0.5766645,0.2411616,0.47820434,0.38402787,0.94096184,0.39350942,0.55494195,20816990.0,0.6360207,130.0,rand,-0.33550292,0.33550292
139,total,0.5766645,0.22203241,0.5115095,0.35698673,0.94633204,0.36436337,0.5261458,20935130.0,0.62153494,140.0,rand,-0.3546321,0.3546321
139,total,0.5766645,0.2232794,0.50720245,0.35727525,0.9430773,0.36514953,0.5264591,20894746.0,0.62119466,140.0,al,-0.35338515,0.35338515
139,total,0.5766645,0.21074724,0.53322256,0.33978575,0.94757,0.34629637,0.5072236,20979224.0,0.6119829,150.0,rand,-0.3659173,0.3659173
139,total,0.5766645,0.23564197,0.4875488,0.37780955,0.9452623,0.38626015,0.54842013,20885136.0,0.63317955,150.0,al,-0.34102255,0.34102255
139,total,0.5766645,0.24276264,0.47846743,0.3855345,0.939238,0.3953962,0.5565133,20790886.0,0.6365957,160.0,rand,-0.3339019,0.3339019
139,total,0.5766645,0.23155601,0.49466234,0.37203318,0.94643813,0.38003463,0.5423089,20910372.0,0.6300854,160.0,al,-0.3451085,0.3451085
139,total,0.5766645,0.25263286,0.46004298,0.40335444,0.9434983,0.41333863,0.5748429,20815136.0,0.6474191,170.0,al,-0.32403165,0.32403165
139,total,0.5766645,0.23022866,0.49726376,0.36848474,0.9437078,0.3767661,0.53852916,20882004.0,0.6276431,170.0,rand,-0.34643587,0.34643587
139,total,0.5766645,0.22825854,0.49868813,0.36540562,0.943718,0.37354603,0.5352334,20887766.0,0.62589943,180.0,al,-0.348406,0.348406
139,total,0.5766645,0.20857093,0.5346776,0.33355772,0.9416876,0.34059268,0.500252,20922600.0,0.60758096,180.0,rand,-0.3680936,0.3680936
139,total,0.5766645,0.24239019,0.47640887,0.3882789,0.94507486,0.39724296,0.5593669,20864028.0,0.6390981,190.0,al,-0.33427435,0.33427435
139,total,0.5766645,0.21953778,0.5150592,0.34868163,0.93763804,0.35695976,0.51706994,20844820.0,0.61549073,190.0,rand,-0.35712677,0.35712677
139,total,0.5766645,0.24181171,0.47395307,0.38230124,0.93612325,0.39254126,0.55313694,20755500.0,0.634254,200.0,rand,-0.3348528,0.3348528
139,total,0.5766645,0.23497166,0.49095178,0.3750014,0.9420566,0.38385516,0.54545563,20848676.0,0.6310761,200.0,al,-0.34169286,0.34169286
139,total,0.5766645,0.2297111,0.49786535,0.3681278,0.94455814,0.37625784,0.53814787,20893426.0,0.62757444,210.0,al,-0.34695342,0.34695342
139,total,0.5766645,0.25274524,0.46028304,0.39881086,0.93561107,0.41006562,0.57021374,20713376.0,0.64353186,210.0,rand,-0.3239193,0.3239193
139,total,0.5766645,0.21590379,0.5213042,0.34395438,0.9394945,0.35174605,0.5118539,20876748.0,0.6131116,220.0,rand,-0.36076075,0.36076075
139,total,0.5766645,0.2540512,0.4512187,0.4074252,0.94657475,0.41701457,0.5789649,20850828.0,0.6502403,220.0,al,-0.32261333,0.32261333
139,total,0.5766645,0.24184,0.47662646,0.38578087,0.942194,0.39513314,0.55676997,20830116.0,0.63721496,230.0,al,-0.33482453,0.33482453
139,total,0.5766645,0.21916075,0.5175893,0.34854496,0.9385335,0.356687,0.5169196,20856004.0,0.61555326,230.0,rand,-0.3575038,0.3575038
139,total,0.5766645,0.23839512,0.48442623,0.381097,0.9434191,0.3900111,0.55187535,20855108.0,0.63475245,240.0,al,-0.3382694,0.3382694
139,total,0.5766645,0.22623952,0.50761676,0.36172825,0.94273263,0.36985528,0.5312778,20882204.0,0.6236618,240.0,rand,-0.350425,0.350425
139,total,0.5766645,0.23078257,0.49120474,0.36612713,0.9376769,0.37525898,0.536007,20809594.0,0.625351,250.0,rand,-0.34588197,0.34588197
139,total,0.5766645,0.21475703,0.5212914,0.34441754,0.9440893,0.3515889,0.51236653,20930490.0,0.61407715,250.0,al,-0.3619075,0.3619075
139,total,0.5766645,0.21844496,0.5155182,0.34992492,0.9435211,0.3574114,0.5184357,20913682.0,0.6171045,260.0,rand,-0.35821956,0.35821956
139,total,0.5766645,0.24360926,0.4726199,0.38686553,0.93927324,0.39679003,0.5578987,20788704.0,0.63735664,260.0,al,-0.33305526,0.33305526
139,total,0.5766645,0.23402151,0.48687476,0.36970133,0.93502533,0.37944958,0.5398272,20767748.0,0.62694514,270.0,rand,-0.34264302,0.34264302
139,total,0.5766645,0.24741799,0.46596974,0.39151537,0.93713355,0.40207562,0.56271756,20749996.0,0.63964397,270.0,al,-0.32924655,0.32924655
139,total,0.5766645,0.23198713,0.4928075,0.3708298,0.94295293,0.37934014,0.5410293,20868056.0,0.6288533,280.0,al,-0.34467742,0.34467742
139,total,0.5766645,0.23650596,0.48400298,0.37852073,0.9440983,0.38719898,0.549169,20868722.0,0.63339835,280.0,rand,-0.34015858,0.34015858
139,total,0.5766645,0.21750973,0.5174609,0.34767994,0.9419578,0.35529155,0.5159677,20899068.0,0.6155948,290.0,al,-0.3591548,0.3591548
139,total,0.5766645,0.23368002,0.4893306,0.3703703,0.93723327,0.37979057,0.54054004,20795130.0,0.62767994,290.0,rand,-0.34298453,0.34298453
139,total,0.5766645,0.23459396,0.48890898,0.3730518,0.9395631,0.38222376,0.5433903,20820024.0,0.6295723,300.0,al,-0.34207058,0.34207058
139,total,0.5766645,0.24465477,0.4727214,0.38709673,0.9368549,0.39746696,0.5581391,20755368.0,0.6370919,300.0,rand,-0.33200976,0.33200976
139,total,0.5766645,0.22560178,0.50595784,0.36209092,0.94534194,0.36983356,0.53166884,20914016.0,0.6242745,310.0,al,-0.35106274,0.35106274
139,total,0.5766645,0.23410092,0.49308124,0.3710631,0.9373111,0.38050625,0.5412775,20794712.0,0.6280845,310.0,rand,-0.3425636,0.3425636
139,total,0.5766645,0.21476817,0.5257757,0.3444854,0.94419193,0.35164538,0.51244164,20931580.0,0.61413115,320.0,rand,-0.36189637,0.36189637
139,total,0.5766645,0.21833347,0.51834524,0.35124326,0.9465022,0.35835767,0.5198812,20947122.0,0.6183073,320.0,al,-0.35833105,0.35833105
139,total,0.5766645,0.24364628,0.4713482,0.38428122,0.9346408,0.39489305,0.5552064,20731158.0,0.63513184,330.0,rand,-0.33301827,0.33301827
139,total,0.5766645,0.2321937,0.49003512,0.36750743,0.93618083,0.37695113,0.5374847,20787444.0,0.6258915,330.0,al,-0.34447083,0.34447083
