,images,gt_confluence,pred_confluence,relative_delta_confluence,iou,precision,recall,f1,true_negative,accuracy,step,method,dAbsConf,dAbsAbsConf
2,total,0.26927653,0.36764953,0.36781874,0.19090992,0.2777187,0.37917477,0.3206114,1143221.0,0.5672807,0.0,al,0.09837299,0.09837299
2,total,0.26927653,0.2552899,0.34602493,0.154814,0.27546468,0.26115564,0.2681189,1341254.0,0.6160807,0.0,rand,-0.01398663,0.01398663
2,total,0.26927653,0.24381773,0.09419544,0.15706225,0.285659,0.25865024,0.27148402,1367790.0,0.6262036,1.0,rand,-0.025458798,0.025458798
2,total,0.26927653,0.31718117,0.17881791,0.17710243,0.27818915,0.32767832,0.30091202,1233173.0,0.5900155,1.0,al,0.047904644,0.047904644
2,total,0.26927653,0.317195,0.29971853,0.17429236,0.2744248,0.3232584,0.29684612,1230214.0,0.5876213,2.0,al,0.04791848,0.04791848
2,total,0.26927653,0.2955894,0.10070105,0.1723308,0.2809118,0.30836055,0.2939964,1273453.0,0.6012036,2.0,rand,0.026312849,0.026312849
2,total,0.26927653,0.30005634,0.2717928,0.17146142,0.27771705,0.30946064,0.2927303,1263203.0,0.5973291,3.0,al,0.030779809,0.030779809
2,total,0.26927653,0.29922587,0.14214757,0.17519566,0.28323507,0.31473586,0.29815525,1268735.0,0.60100055,3.0,rand,0.029949324,0.029949324
2,total,0.26927653,0.29948097,0.17207585,0.17228568,0.2791093,0.31041563,0.2939307,1265249.0,0.5984188,4.0,al,0.03020445,0.03020445
2,total,0.26927653,0.2789333,0.03663202,0.16733758,0.28173724,0.2918398,0.28669906,1303454.0,0.6089624,4.0,rand,0.009656762,0.009656762
2,total,0.26927653,0.27916685,0.11334478,0.16734943,0.28163853,0.29198185,0.28671643,1302974.0,0.60880536,5.0,rand,0.009890323,0.009890323
2,total,0.26927653,0.28742614,0.13368393,0.17058058,0.28224486,0.3012675,0.2914456,1288821.0,0.6055469,5.0,al,0.0181496,0.0181496
2,total,0.26927653,0.305296,0.20099935,0.17536984,0.28080496,0.31836548,0.29840744,1256219.0,0.59688514,6.0,rand,0.036019474,0.036019474
2,total,0.26927653,0.2866286,0.06665764,0.16965318,0.28131104,0.29943758,0.29009092,1289570.0,0.6053589,6.0,al,0.017352074,0.017352074
2,total,0.26927653,0.24363463,0.09435049,0.15716748,0.28593713,0.25870764,0.27164122,1368278.0,0.62641764,7.0,rand,-0.025641903,0.025641903
2,total,0.26927653,0.30405945,0.13256569,0.17506738,0.28092724,0.31721404,0.29796946,1258496.0,0.59750164,7.0,al,0.0347829,0.0347829
2,total,0.26927653,0.40306497,0.4976029,0.2015885,0.27984998,0.41889074,0.33553618,1082467.0,0.55325437,8.0,rand,0.13378844,0.13378844
2,total,0.26927653,0.3274709,0.23842739,0.17978437,0.2776948,0.33770743,0.30477446,1214522.0,0.58512694,8.0,al,0.058194358,0.058194358
2,total,0.26927653,0.3265631,0.2199933,0.18133765,0.2800766,0.33965975,0.30700344,1218045.0,0.5870862,9.0,rand,0.057286564,0.057286564
2,total,0.26927653,0.30087382,0.11817636,0.17568202,0.28316733,0.31639352,0.29885927,1265782.0,0.60024536,9.0,al,0.03159727,0.03159727
2,total,0.26927653,0.32913756,0.22724195,0.18191184,0.27983424,0.34204125,0.30782592,1213294.0,0.58579427,10.0,al,0.059861027,0.059861027
2,total,0.26927653,0.32910582,0.22888239,0.18206291,0.28004298,0.34226337,0.30804217,1213519.0,0.58594567,10.0,rand,0.059829287,0.059829287
2,total,0.26927653,0.3003949,0.11948611,0.1741083,0.2812185,0.31371588,0.29657912,1265187.0,0.5992822,11.0,rand,0.03111835,0.03111835
2,total,0.26927653,0.33870095,0.2568004,0.18595378,0.28145495,0.35401815,0.31359315,1197717.0,0.58268106,11.0,al,0.06942442,0.06942442
2,total,0.26927653,0.3321946,0.24079421,0.18195498,0.27873135,0.34385756,0.3078877,1206983.0,0.58371544,12.0,al,0.062918074,0.062918074
2,total,0.26927653,0.26644182,0.046411052,0.16524306,0.28512916,0.28212652,0.2836194,1327725.0,0.61622274,12.0,rand,-0.0028346933,0.0028346933
2,total,0.26927653,1e-06,0.9999963,0.0,0.0,0.0,0.0,1795826.0,0.73072344,13.0,rand,-0.26927552,0.26927552
2,total,0.26927653,1e-06,0.9999963,0.0,0.0,0.0,0.0,1795826.0,0.73072344,13.0,al,-0.26927552,0.26927552
