,images,gt_confluence,pred_confluence,relative_delta_confluence,iou,precision,recall,f1,true_negative,accuracy,step,method,dAbsConf,dAbsAbsConf
139,total,0.5766645,0.67288095,0.34988585,0.5613438,0.6676433,0.7790384,0.71905166,10161724.0,0.6489431,0.0,rand,0.09621643,0.09621643
139,total,0.5766645,0.5990582,0.284936,0.502144,0.65607417,0.68155044,0.6685692,11057551.0,0.61033016,0.0,al,0.022393696,0.022393696
139,total,0.5766645,0.7943146,1.0432144,0.50204444,0.5768965,0.79463315,0.668481,4440164.0,0.54549533,10.0,rand,0.21765009,0.21765009
139,total,0.5766645,1.000001,1.4803905,0.5766645,0.5766645,1.0,0.7314989,0.0,0.5766645,10.0,al,0.42333648,0.42333648
139,total,0.5766645,0.6564037,0.19413128,0.5872216,0.6949937,0.7910938,0.73993605,11353921.0,0.67932427,20.0,rand,0.07973916,0.07973916
139,total,0.5766645,1.000001,1.4803905,0.5766645,0.5766645,1.0,0.7314989,0.0,0.5766645,20.0,al,0.42333648,0.42333648
139,total,0.5766645,1e-06,0.9999975,0.0,0.0,0.0,0.0,21541476.0,0.42333546,30.0,al,-0.57666355,0.57666355
139,total,0.5766645,0.6181959,0.102908425,0.5735649,0.7045135,0.7552513,0.72900015,12246380.0,0.67619383,30.0,rand,0.041531354,0.041531354
139,total,0.5766645,0.5039352,0.13837905,0.5016663,0.71636134,0.6260121,0.6681457,14268200.0,0.6413992,40.0,al,-0.07272934,0.07272934
139,total,0.5766645,1e-06,0.9999975,0.0,0.0,0.0,0.0,21541476.0,0.42333546,40.0,rand,-0.57666355,0.57666355
139,total,0.5766645,0.6296106,0.1261591,0.577819,0.70163184,0.7660505,0.73242694,11982429.0,0.6772342,50.0,rand,0.052946065,0.052946065
139,total,0.5766645,1e-06,0.9999975,0.0,0.0,0.0,0.0,21541476.0,0.42333546,50.0,al,-0.57666355,0.57666355
139,total,0.5766645,0.7447075,0.49027812,0.5914235,0.6594053,0.85155827,0.743263,8634816.0,0.6607558,60.0,rand,0.16804302,0.16804302
139,total,0.5766645,1e-06,0.9999975,0.0,0.0,0.0,0.0,21541476.0,0.42333546,60.0,al,-0.57666355,0.57666355
139,total,0.5766645,1e-06,0.9999975,0.0,0.0,0.0,0.0,21541476.0,0.42333546,70.0,rand,-0.57666355,0.57666355
139,total,0.5766645,0.66181016,0.22846664,0.5806983,0.6874729,0.7889784,0.7347359,11016739.0,0.67147803,70.0,al,0.08514564,0.08514564
139,total,0.5766645,1e-06,0.9999975,0.0,0.0,0.0,0.0,21541476.0,0.42333546,80.0,al,-0.57666355,0.57666355
139,total,0.5766645,1e-06,0.9999975,0.0,0.0,0.0,0.0,21541476.0,0.42333546,80.0,rand,-0.57666355,0.57666355
139,total,0.5766645,0.9912396,1.4568868,0.5741892,0.5769512,0.9917314,0.72950417,203194.0,0.5758895,90.0,al,0.41457507,0.41457507
139,total,0.5766645,1e-06,0.9999975,0.0,0.0,0.0,0.0,21541476.0,0.42333546,90.0,rand,-0.57666355,0.57666355
139,total,0.5766645,1e-06,0.9999975,0.0,0.0,0.0,0.0,21541476.0,0.42333546,100.0,al,-0.57666355,0.57666355
139,total,0.5766645,1e-06,0.9999975,0.0,0.0,0.0,0.0,21541476.0,0.42333546,100.0,rand,-0.57666355,0.57666355
139,total,0.5766645,0.53683466,0.12531997,0.514096,0.7042723,0.65562737,0.6790793,13463127.0,0.6426559,110.0,rand,-0.039829858,0.039829858
139,total,0.5766645,0.6598882,0.23486659,0.5840048,0.6908798,0.7905858,0.7373771,11161703.0,0.6752538,110.0,al,0.0832237,0.0832237
139,total,0.5766645,1.000001,1.4803905,0.5766645,0.5766645,1.0,0.7314989,0.0,0.5766645,120.0,al,0.42333648,0.42333648
139,total,0.5766645,1e-06,0.9999975,0.0,0.0,0.0,0.0,21541476.0,0.42333546,120.0,rand,-0.57666355,0.57666355
139,total,0.5766645,1e-06,0.9999975,0.0,0.0,0.0,0.0,21541476.0,0.42333546,130.0,al,-0.57666355,0.57666355
139,total,0.5766645,0.6847217,0.29232243,0.5854175,0.68023086,0.8076934,0.73850214,10400050.0,0.67015105,130.0,rand,0.10805715,0.10805715
139,total,0.5766645,1e-06,0.9999975,0.0,0.0,0.0,0.0,21541476.0,0.42333546,140.0,rand,-0.57666355,0.57666355
139,total,0.5766645,1e-06,0.9999975,0.0,0.0,0.0,0.0,21541476.0,0.42333546,140.0,al,-0.57666355,0.57666355
139,total,0.5766645,1e-06,0.9999975,0.0,0.0,0.0,0.0,21541476.0,0.42333546,150.0,al,-0.57666355,0.57666355
139,total,0.5766645,0.83159035,0.68985397,0.6015202,0.6360479,0.9172242,0.7511861,6140653.0,0.6496075,150.0,rand,0.25492582,0.25492582
139,total,0.5766645,1e-06,0.9999975,0.0,0.0,0.0,0.0,21541476.0,0.42333546,160.0,rand,-0.57666355,0.57666355
139,total,0.5766645,0.9307577,1.2940664,0.557361,0.57962316,0.93553203,0.7157758,1631729.0,0.5715551,160.0,al,0.35409316,0.35409316
139,total,0.5766645,1e-06,0.9999975,0.0,0.0,0.0,0.0,21541476.0,0.42333546,170.0,rand,-0.57666355,0.57666355
139,total,0.5766645,1.000001,1.4803905,0.5766645,0.5766645,1.0,0.7314989,0.0,0.5766645,170.0,al,0.42333648,0.42333648
139,total,0.5766645,1e-06,0.9999975,0.0,0.0,0.0,0.0,21541476.0,0.42333546,180.0,rand,-0.57666355,0.57666355
139,total,0.5766645,0.6594933,0.23875815,0.59075505,0.69609416,0.7960759,0.7427349,11342898.0,0.6819806,180.0,al,0.08282879,0.08282879
139,total,0.5766645,1e-06,0.9999975,0.0,0.0,0.0,0.0,21541476.0,0.42333546,190.0,rand,-0.57666355,0.57666355
139,total,0.5766645,1e-06,0.9999975,0.0,0.0,0.0,0.0,21541476.0,0.42333546,190.0,al,-0.57666355,0.57666355
139,total,0.5766645,1e-06,0.9999975,0.0,0.0,0.0,0.0,21541476.0,0.42333546,200.0,rand,-0.57666355,0.57666355
139,total,0.5766645,0.6893385,0.24942696,0.59891224,0.687925,0.82233685,0.74914914,10594813.0,0.68242294,200.0,al,0.112673976,0.112673976
139,total,0.5766645,0.7414981,0.43936592,0.59861946,0.6656791,0.8559554,0.74892,8927157.0,0.6690366,210.0,al,0.1648336,0.1648336
139,total,0.5766645,0.69072247,0.30360565,0.5910114,0.6815983,0.8164098,0.74293745,10350471.0,0.67420316,210.0,rand,0.11405792,0.11405792
139,total,0.5766645,0.8055186,0.6892549,0.59179103,0.6379293,0.89109576,0.74355316,6700611.0,0.64554447,220.0,rand,0.22885409,0.22885409
139,total,0.5766645,0.64994174,0.20467195,0.57567775,0.68951404,0.77712995,0.7307044,11272987.0,0.66968125,220.0,al,0.07327721,0.07327721
139,total,0.5766645,0.5933614,0.41487205,0.59027976,0.7319155,0.75310624,0.74235916,13447142.0,0.6985544,230.0,al,0.016696863,0.016696863
139,total,0.5766645,1e-06,0.9999975,0.0,0.0,0.0,0.0,21541476.0,0.42333546,230.0,rand,-0.57666355,0.57666355
139,total,0.5766645,0.65411896,0.24827562,0.6030942,0.7078665,0.802942,0.7524122,11817850.0,0.6952739,240.0,rand,0.07745441,0.07745441
139,total,0.5766645,0.35400882,1.1333659,0.24427663,0.5161179,0.31683895,0.3926399,12824954.0,0.4347472,240.0,al,-0.2226557,0.2226557
139,total,0.5766645,0.6428748,0.1824962,0.5745742,0.6922337,0.7717119,0.7298148,11473606.0,0.67049944,250.0,rand,0.06621024,0.06621024
139,total,0.5766645,0.6460131,0.20279674,0.5778003,0.6931012,0.77645105,0.7324119,11452976.0,0.67282695,250.0,al,0.06934856,0.06934856
139,total,0.5766645,0.72007835,0.45656022,0.57392335,0.6566663,0.819975,0.7292896,8961309.0,0.64895916,260.0,rand,0.14341381,0.14341381
139,total,0.5766645,1e-06,0.9999975,0.0,0.0,0.0,0.0,21541476.0,0.42333546,260.0,al,-0.57666355,0.57666355
139,total,0.5766645,0.4896806,0.20523535,0.44200197,0.6674884,0.56680346,0.61303884,13256150.0,0.58736676,270.0,rand,-0.08698394,0.08698394
139,total,0.5766645,0.7301319,0.44887787,0.58790886,0.66266084,0.8390132,0.7404814,9008381.0,0.66086286,270.0,al,0.1534674,0.1534674
139,total,0.5766645,0.66886705,0.27147585,0.57493216,0.6797825,0.78847134,0.73010355,10642769.0,0.6638363,280.0,al,0.092202514,0.092202514
139,total,0.5766645,0.670325,0.25315773,0.58139986,0.68392885,0.79500973,0.7352972,10760442.0,0.6699193,280.0,rand,0.093660444,0.093660444
139,total,0.5766645,0.8552876,0.9492577,0.5663784,0.60537785,0.8978731,0.72316885,4366982.0,0.603592,290.0,al,0.27862307,0.27862307
139,total,0.5766645,0.67014074,0.25937346,0.58213854,0.6845651,0.7955306,0.7358877,10785102.0,0.6707043,290.0,rand,0.093476206,0.093476206
139,total,0.5766645,1e-06,0.9999975,0.0,0.0,0.0,0.0,21541476.0,0.42333546,300.0,rand,-0.57666355,0.57666355
139,total,0.5766645,0.6346461,0.14830358,0.5746975,0.69657266,0.7666093,0.7299143,11742595.0,0.67284316,300.0,al,0.057981566,0.057981566
139,total,0.5766645,0.61727464,0.20641463,0.5999961,0.7253266,0.77640456,0.7499964,12913973.0,0.7015118,310.0,al,0.040610082,0.040610082
139,total,0.5766645,1e-06,0.9999975,0.0,0.0,0.0,0.0,21541476.0,0.42333546,310.0,rand,-0.57666355,0.57666355
139,total,0.5766645,1e-06,0.9999975,0.0,0.0,0.0,0.0,21541476.0,0.42333546,320.0,al,-0.57666355,0.57666355
139,total,0.5766645,0.64209944,0.1746078,0.57757914,0.6949251,0.77377796,0.7322343,11573686.0,0.67365766,320.0,rand,0.06543488,0.06543488
139,total,0.5766645,0.7512953,0.4946499,0.5902321,0.6560498,0.85471964,0.74232143,8392362.0,0.65781415,330.0,rand,0.1746308,0.1746308
139,total,0.5766645,1e-06,0.9999975,0.0,0.0,0.0,0.0,21541476.0,0.42333546,330.0,al,-0.57666355,0.57666355
