,images,gt_confluence,pred_confluence,relative_delta_confluence,iou,precision,recall,f1,true_negative,accuracy,step,method,dAbsConf,dAbsAbsConf
2,total,0.35496256,0.26115292,0.2665314,0.17650858,0.35394752,0.26040515,0.3000544,1170603.0,0.56875366,0.0,rand,-0.09380963,0.09380963
2,total,0.35496256,0.4809922,0.35288242,0.25396892,0.351997,0.4769727,0.40506366,819250.0,0.5026611,0.0,al,0.12602964,0.12602964
2,total,0.35496256,0.31583068,0.109433085,0.20347214,0.35909057,0.3195026,0.33814132,1087781.0,0.5560307,1.0,rand,-0.039131895,0.039131895
2,total,0.35496256,0.5062201,0.4283598,0.2661716,0.35762295,0.5100131,0.42043477,786073.0,0.5008895,1.0,al,0.15125751,0.15125751
2,total,0.35496256,0.30549458,0.14098956,0.19586514,0.3540926,0.30474484,0.32757014,1100309.0,0.5558899,2.0,al,-0.049467996,0.049467996
2,total,0.35496256,0.23618874,0.33376873,0.16795872,0.35992798,0.23949167,0.28761023,1213711.0,0.57887083,2.0,rand,-0.11877382,0.11877382
2,total,0.35496256,0.45341817,0.28047374,0.2519537,0.35879794,0.45831633,0.40249634,870741.0,0.51699054,3.0,rand,0.09845559,0.09845559
2,total,0.35496256,1e-06,0.9999972,0.0,0.0,0.0,0.0,1585244.0,0.6450374,3.0,al,-0.35496157,0.35496157
2,total,0.35496256,0.5679185,0.6154909,0.2792843,0.35476395,0.5675997,0.4366254,684679.0,0.48007324,4.0,al,0.21295592,0.21295592
2,total,0.35496256,0.40638122,0.14667135,0.23894021,0.3613155,0.41365337,0.3857166,947377.0,0.53232014,4.0,rand,0.051418643,0.051418643
2,total,0.35496256,0.19598815,0.44701898,0.1489144,0.36436227,0.20117705,0.25922582,1279084.0,0.5918709,5.0,al,-0.15897442,0.15897442
2,total,0.35496256,0.2817393,0.20698257,0.19111238,0.3625982,0.2877988,0.32089683,1143907.0,0.56761473,5.0,rand,-0.073223285,0.073223285
2,total,0.35496256,0.28036314,0.20620686,0.19121201,0.36374956,0.28730243,0.32103726,1146856.0,0.5686385,6.0,al,-0.07459942,0.07459942
2,total,0.35496256,0.19866921,0.436312,0.1492618,0.36192748,0.20256639,0.259752,1273707.0,0.59017617,6.0,rand,-0.15629335,0.15629335
2,total,0.35496256,0.54495627,0.5459633,0.27980384,0.3610375,0.5542817,0.43726006,729493.0,0.49358073,7.0,al,0.18999368,0.18999368
2,total,0.35496256,0.3246885,0.08561979,0.21080945,0.36444673,0.33336276,0.3482119,1078103.0,0.55701256,7.0,rand,-0.030274065,0.030274065
2,total,0.35496256,0.5727028,0.6225365,0.28527182,0.3595226,0.58005905,0.44390845,683790.0,0.4841341,8.0,al,0.21774025,0.21774025
2,total,0.35496256,0.49736917,0.45386153,0.26440734,0.35835764,0.50212526,0.41823077,800944.0,0.5041406,8.0,rand,0.1424066,0.1424066
2,total,0.35496256,0.37267393,0.11479899,0.22457998,0.35807163,0.3759371,0.36678645,997314.0,0.5392517,9.0,rand,0.017711367,0.017711367
2,total,0.35496256,0.41561624,0.21035282,0.24359708,0.36317623,0.42523235,0.39176154,934782.0,0.5313053,9.0,al,0.060653668,0.060653668
2,total,0.35496256,0.41738462,0.18068205,0.24303488,0.36179444,0.42541692,0.39103422,930597.0,0.529668,10.0,rand,0.06242206,0.06242206
2,total,0.35496256,0.38542783,0.32711467,0.23154357,0.3611613,0.39215755,0.37602124,980120.0,0.5380131,10.0,al,0.030465273,0.030465273
2,total,0.35496256,0.38513812,0.087379076,0.23230109,0.36225072,0.3930448,0.3770195,981606.0,0.5389327,11.0,al,0.030175561,0.030175561
2,total,0.35496256,0.052483503,0.85298127,0.05725188,0.420403,0.06215811,0.10830297,1510487.0,0.6366825,11.0,rand,-0.30247906,0.30247906
2,total,0.35496256,0.33742002,0.049459845,0.21585806,0.3643018,0.3462967,0.35507065,1058097.0,0.55346316,12.0,rand,-0.01754254,0.01754254
2,total,0.35496256,0.36372903,0.07098373,0.22529319,0.36330655,0.37227806,0.36773708,1016105.0,0.545599,12.0,al,0.008766462,0.008766462
2,total,0.35496256,0.49342793,0.39835626,0.2676441,0.36302185,0.50462997,0.4222696,812815.0,0.50986004,13.0,rand,0.13846536,0.13846536
2,total,0.35496256,0.4736216,0.33451313,0.2613766,0.36251622,0.48369932,0.4144302,843232.0,0.5148071,13.0,al,0.11865904,0.11865904
