,images,gt_confluence,pred_confluence,relative_delta_confluence,iou,precision,recall,f1,true_negative,accuracy,step,method,dAbsConf,dAbsAbsConf
139,total,0.5766645,0.82764935,1.0820379,0.51983607,0.58034694,0.8329335,0.68406814,3867794.0,0.5563335,0.0,rand,0.25098482,0.25098482
139,total,0.5766645,0.55573916,0.09118154,0.51681757,0.6942799,0.6690854,0.68144935,12896077.0,0.6392729,0.0,al,-0.020925373,0.020925373
139,total,0.5766645,0.6579098,0.27888748,0.5671589,0.67911434,0.77479243,0.7238047,10798940.0,0.65901726,10.0,al,0.0812453,0.0812453
139,total,0.5766645,0.39319253,0.33431372,0.40157288,0.7067272,0.48187315,0.57303125,15673792.0,0.5859023,10.0,rand,-0.18347201,0.18347201
139,total,0.5766645,0.5757305,0.6915399,0.40543795,0.5774245,0.57648826,0.57695556,9161678.0,0.51248664,20.0,al,-0.0009340278,0.0009340278
139,total,0.5766645,0.24403365,0.624353,0.29910922,0.77431756,0.3276754,0.46048313,18739036.0,0.55722034,20.0,rand,-0.33263087,0.33263087
139,total,0.5766645,1e-06,0.9999975,0.0,0.0,0.0,0.0,21541476.0,0.42333546,30.0,al,-0.57666355,0.57666355
139,total,0.5766645,0.79224885,0.6319793,0.5917748,0.6423762,0.8825255,0.7435404,7124364.0,0.64892995,30.0,rand,0.2155843,0.2155843
139,total,0.5766645,0.68656033,0.28475705,0.5876084,0.68099964,0.8107775,0.740243,10396989.0,0.6718694,40.0,al,0.10989578,0.10989578
139,total,0.5766645,0.646453,0.19059873,0.57676786,0.6920936,0.77585024,0.731582,11412960.0,0.67169404,40.0,rand,0.06978849,0.06978849
139,total,0.5766645,0.61428183,0.08593633,0.5739025,0.7069442,0.7530588,0.7292727,12381210.0,0.6775792,50.0,rand,0.037617322,0.037617322
139,total,0.5766645,0.7320951,0.39999792,0.59526885,0.66707075,0.84686774,0.74629235,9138964.0,0.66795856,50.0,al,0.1554306,0.1554306
139,total,0.5766645,0.06293425,1.0162268,0.0479781,0.46528348,0.05077788,0.091562994,19829118.0,0.41896582,60.0,al,-0.5137303,0.5137303
139,total,0.5766645,1e-06,0.9999975,0.0,0.0,0.0,0.0,21541476.0,0.42333546,60.0,rand,-0.57666355,0.57666355
139,total,0.5766645,0.905848,1.259374,0.54444665,0.5769334,0.9062693,0.70503736,2040585.0,0.5627152,70.0,al,0.3291835,0.3291835
139,total,0.5766645,0.1459949,0.72309375,0.16323288,0.6946073,0.17585342,0.2806535,19272740.0,0.48015842,70.0,rand,-0.43066964,0.43066964
139,total,0.5766645,1e-06,0.9999975,0.0,0.0,0.0,0.0,21541476.0,0.42333546,80.0,al,-0.57666355,0.57666355
139,total,0.5766645,0.62787014,0.33927497,0.51166075,0.6493481,0.7070066,0.6769513,10338428.0,0.6108776,80.0,rand,0.051205635,0.051205635
139,total,0.5766645,0.6366979,0.18777795,0.5671676,0.68968916,0.7614877,0.7238118,11487903.0,0.6648845,90.0,rand,0.060033344,0.060033344
139,total,0.5766645,1e-06,0.9999975,0.0,0.0,0.0,0.0,21541476.0,0.42333546,90.0,al,-0.57666355,0.57666355
139,total,0.5766645,0.745037,0.48192528,0.5918492,0.6595762,0.85215575,0.7435991,8635584.0,0.6611154,100.0,rand,0.16837247,0.16837247
139,total,0.5766645,0.62131035,0.1517368,0.5731497,0.7024856,0.75687146,0.72866464,12135440.0,0.6749479,100.0,al,0.04464584,0.04464584
139,total,0.5766645,1e-06,0.9999975,0.0,0.0,0.0,0.0,21541476.0,0.42333546,110.0,rand,-0.57666355,0.57666355
139,total,0.5766645,1e-06,0.9999975,0.0,0.0,0.0,0.0,21541476.0,0.42333546,110.0,al,-0.57666355,0.57666355
139,total,0.5766645,0.6917884,0.31021738,0.58820426,0.6790835,0.81465286,0.7407156,10244676.0,0.6711109,120.0,al,0.11512383,0.11512383
139,total,0.5766645,0.5897646,0.08224621,0.548653,0.7006864,0.71660256,0.7085546,12559017.0,0.6600505,120.0,rand,0.0131000355,0.0131000355
139,total,0.5766645,1e-06,0.9999975,0.0,0.0,0.0,0.0,21541476.0,0.42333546,130.0,rand,-0.57666355,0.57666355
139,total,0.5766645,1e-06,0.9999975,0.0,0.0,0.0,0.0,21541476.0,0.42333546,130.0,al,-0.57666355,0.57666355
139,total,0.5766645,1e-06,0.9999975,0.0,0.0,0.0,0.0,21541476.0,0.42333546,140.0,al,-0.57666355,0.57666355
139,total,0.5766645,1e-06,0.9999975,0.0,0.0,0.0,0.0,21541476.0,0.42333546,140.0,rand,-0.57666355,0.57666355
139,total,0.5766645,0.6042016,0.25718898,0.52050245,0.6690442,0.70099145,0.6846448,11366299.0,0.62760866,150.0,rand,0.027537085,0.027537085
139,total,0.5766645,1.000001,1.4803905,0.5766645,0.5766645,1.0,0.7314989,0.0,0.5766645,150.0,al,0.42333648,0.42333648
139,total,0.5766645,1e-06,0.9999975,0.0,0.0,0.0,0.0,21541476.0,0.42333546,160.0,al,-0.57666355,0.57666355
139,total,0.5766645,1e-06,0.9999975,0.0,0.0,0.0,0.0,21541476.0,0.42333546,160.0,rand,-0.57666355,0.57666355
139,total,0.5766645,0.7074732,0.339645,0.5944379,0.67670715,0.83020794,0.7456389,9902995.0,0.67336625,170.0,rand,0.13080867,0.13080867
139,total,0.5766645,0.6240676,0.17568189,0.5603487,0.6909578,0.7477548,0.7182347,11727624.0,0.6616762,170.0,al,0.04740305,0.04740305
139,total,0.5766645,0.6649173,0.22647648,0.58501494,0.6891942,0.7946673,0.73818177,11025566.0,0.6749321,180.0,al,0.08825275,0.08825275
139,total,0.5766645,0.75097835,0.5067487,0.59166574,0.65717137,0.85581964,0.7434543,8440770.0,0.6593998,180.0,rand,0.17431383,0.17431383
139,total,0.5766645,0.8355025,0.79961485,0.5878234,0.62572455,0.90658224,0.7404136,5629307.0,0.6334216,190.0,al,0.258838,0.258838
139,total,0.5766645,0.6552671,0.23235805,0.5754661,0.68671924,0.7803217,0.7305339,11095663.0,0.66803706,190.0,rand,0.078602605,0.078602605
139,total,0.5766645,0.62004167,0.15108603,0.56067544,0.6933715,0.74552613,0.7185031,11867087.0,0.6631318,200.0,rand,0.04337712,0.04337712
139,total,0.5766645,1e-06,0.9999975,0.0,0.0,0.0,0.0,21541476.0,0.42333546,200.0,al,-0.57666355,0.57666355
139,total,0.5766645,0.62727463,0.13194574,0.5724187,0.6987032,0.76002264,0.7280736,11924416.0,0.67261803,210.0,al,0.0506101,0.0506101
28,total,0.5737571,0.5989501,0.1625637,0.5414018,0.6877065,0.71790165,0.70247924,2451806.0,0.65109617,210.0,rand,0.025192995,0.025192995
139,total,0.5766645,1e-06,0.9999975,0.0,0.0,0.0,0.0,21541476.0,0.42333546,220.0,rand,-0.57666355,0.57666355
139,total,0.5766645,1e-06,0.9999975,0.0,0.0,0.0,0.0,21541476.0,0.42333546,220.0,al,-0.57666355,0.57666355
139,total,0.5766645,0.106392086,0.73653024,0.100064486,0.58399975,0.10774439,0.1819245,19289366.0,0.4412091,230.0,al,-0.47027245,0.47027245
139,total,0.5766645,1e-06,0.9999975,0.0,0.0,0.0,0.0,21541476.0,0.42333546,230.0,rand,-0.57666355,0.57666355
139,total,0.5766645,0.6195143,0.13013716,0.57160175,0.70225716,0.754438,0.72741246,12155428.0,0.67393744,240.0,rand,0.042849753,0.042849753
139,total,0.5766645,0.609682,0.1735938,0.5454936,0.6868011,0.7261234,0.70591456,11824889.0,0.6511136,240.0,al,0.03301751,0.03301751
139,total,0.5766645,0.80152446,0.6703157,0.59276265,0.6399146,0.88943654,0.7443196,6855170.0,0.6476251,250.0,al,0.2248599,0.2248599
139,total,0.5766645,1e-06,0.9999975,0.0,0.0,0.0,0.0,21541476.0,0.42333546,250.0,rand,-0.57666355,0.57666355
139,total,0.5766645,0.52615196,0.12815289,0.50683004,0.70500237,0.6432469,0.67270976,13643429.0,0.63905984,260.0,al,-0.05051259,0.05051259
139,total,0.5766645,0.4201001,0.2946495,0.42920604,0.7125436,0.5190867,0.60062116,15396580.0,0.60191417,260.0,rand,-0.15656446,0.15656446
139,total,0.5766645,0.6265947,0.13266076,0.5724896,0.6991215,0.7596533,0.728131,11948175.0,0.67287195,270.0,rand,0.049930193,0.049930193
139,total,0.5766645,0.6394693,0.17115791,0.574717,0.6940864,0.7696784,0.72993004,11587224.0,0.67155963,270.0,al,0.062804766,0.062804766
139,total,0.5766645,0.6372192,0.13907833,0.58268344,0.70133775,0.77498287,0.73632294,11857375.0,0.6799276,280.0,rand,0.060554635,0.060554635
139,total,0.5766645,0.46978322,0.35653895,0.3922277,0.6275503,0.51123655,0.5634529,12638094.0,0.5431772,280.0,al,-0.106881306,0.106881306
139,total,0.5766645,0.6091975,0.15384847,0.5483865,0.68941987,0.7283128,0.70833236,11913791.0,0.6541233,290.0,al,0.032532945,0.032532945
139,total,0.5766645,1e-06,0.9999975,0.0,0.0,0.0,0.0,21541476.0,0.42333546,290.0,rand,-0.57666355,0.57666355
139,total,0.5766645,1e-06,0.9999975,0.0,0.0,0.0,0.0,21541476.0,0.42333546,300.0,al,-0.57666355,0.57666355
139,total,0.5766645,0.5338075,0.109599054,0.51480436,0.7069831,0.65443975,0.679697,13582313.0,0.64431334,300.0,rand,-0.04285699,0.04285699
139,total,0.5766645,0.6431082,0.18725702,0.57294285,0.6908656,0.7704664,0.7284975,11425180.0,0.66882956,310.0,al,0.06644367,0.06644367
139,total,0.5766645,1e-06,0.9999975,0.0,0.0,0.0,0.0,21541476.0,0.42333546,310.0,rand,-0.57666355,0.57666355
139,total,0.5766645,1e-06,0.9999975,0.0,0.0,0.0,0.0,21541476.0,0.42333546,320.0,rand,-0.57666355,0.57666355
139,total,0.5766645,0.7306953,0.42501852,0.5926277,0.6657739,0.8436052,0.7442133,9114459.0,0.6655956,320.0,al,0.1540308,0.1540308
139,total,0.5766645,1e-06,0.9999975,0.0,0.0,0.0,0.0,21541476.0,0.42333546,330.0,al,-0.57666355,0.57666355
139,total,0.5766645,1e-06,0.9999975,0.0,0.0,0.0,0.0,21541476.0,0.42333546,330.0,rand,-0.57666355,0.57666355
