,images,gt_confluence,pred_confluence,relative_delta_confluence,iou,precision,recall,f1,true_negative,accuracy,step,method,dAbsConf,dAbsAbsConf
2,total,0.26927653,0.2791058,0.05771536,0.16636693,0.280251,0.29047984,0.28527325,1302130.0,0.60805744,0.0,al,0.009829287,0.009829287
2,total,0.26927653,0.1606325,0.4013901,0.11486034,0.27573663,0.16448516,0.20605287,1509910.0,0.65867597,0.0,rand,-0.108644016,0.108644016
2,total,0.26927653,0.30513325,0.1300126,0.17438293,0.2795292,0.31675014,0.29697746,1255550.0,0.596178,1.0,rand,0.035856713,0.035856713
2,total,0.26927653,0.34871438,0.2973581,0.188737,0.28137407,0.36437967,0.31754157,1179965.0,0.5782479,1.0,al,0.07943785,0.07943785
2,total,0.26927653,0.33312517,0.24131897,0.18367484,0.28060576,0.34713966,0.31034628,1206868.0,0.5845524,2.0,al,0.06384866,0.06384866
2,total,0.26927653,0.37940896,0.40664294,0.19556677,0.27967158,0.39405447,0.32715276,1124168.0,0.56353474,2.0,rand,0.110132426,0.110132426
2,total,0.26927653,0.33394712,0.24491729,0.18328516,0.27979448,0.34699005,0.30978987,1204749.0,0.5836499,3.0,al,0.0646706,0.0646706
2,total,0.26927653,0.23772602,0.17799474,0.14924304,0.27695972,0.24450794,0.25972357,1373402.0,0.62467897,3.0,rand,-0.031550515,0.031550515
2,total,0.26927653,0.3964996,0.4806648,0.19862117,0.27824637,0.40970632,0.33141562,1092524.0,0.55487347,4.0,al,0.12722309,0.12722309
2,total,0.26927653,0.23910785,0.23603785,0.14866719,0.27518213,0.24435079,0.25885114,1369902.0,0.62321246,4.0,rand,-0.030168679,0.030168679
2,total,0.26927653,0.2813865,0.12593055,0.16793272,0.28138497,0.29403844,0.2875721,1298880.0,0.60769325,5.0,rand,0.012109968,0.012109968
2,total,0.26927653,0.28018817,0.17534599,0.16656703,0.28000778,0.29135326,0.28556737,1300048.0,0.6074455,5.0,al,0.010911644,0.010911644
2,total,0.26927653,0.283504,0.09063107,0.16962075,0.28276667,0.29770586,0.29004353,1296103.0,0.60755086,6.0,rand,0.014227482,0.014227482
2,total,0.26927653,0.27489847,0.18310654,0.1648612,0.28016335,0.28601155,0.28305674,1309513.0,0.6098584,6.0,al,0.005621931,0.005621931
2,total,0.26927653,0.27112323,0.024952047,0.1654409,0.2829449,0.28488427,0.28391075,1318045.0,0.61302656,7.0,rand,0.0018467031,0.0018467031
2,total,0.26927653,0.312029,0.22373633,0.17512439,0.27763417,0.32171255,0.298052,1241887.0,0.59195477,7.0,al,0.042752463,0.042752463
2,total,0.26927653,0.25638893,0.12845612,0.16143669,0.2849822,0.2713419,0.2779943,1345294.0,0.62046754,8.0,rand,-0.012887591,0.012887591
2,total,0.26927653,0.37870786,0.41419286,0.19443586,0.27853143,0.39172286,0.32556888,1124348.0,0.5629801,8.0,al,0.10943134,0.10943134
2,total,0.26927653,0.32159767,0.20113148,0.1784187,0.27817845,0.3322282,0.30280986,1225330.0,0.5880493,9.0,rand,0.05232115,0.05232115
2,total,0.26927653,0.29123268,0.14601007,0.17094652,0.28097427,0.3038832,0.29197955,1281197.0,0.603149,9.0,al,0.021956159,0.021956159
2,total,0.26927653,0.20492654,0.2378436,0.14083901,0.28567088,0.21740201,0.24690379,1436072.0,0.64288044,10.0,al,-0.064349994,0.064349994
2,total,0.26927653,0.25022724,0.10885321,0.15870017,0.2843553,0.26423824,0.27392742,1355736.0,0.62280357,10.0,rand,-0.019049292,0.019049292
2,total,0.26927653,0.37063333,0.3732449,0.19601128,0.2829571,0.38946226,0.32777447,1142696.0,0.5698372,11.0,rand,0.1013568,0.1013568
2,total,0.26927653,0.31626767,0.17295869,0.17993207,0.28233004,0.3315981,0.3049867,1238012.0,0.59303993,11.0,al,0.046991155,0.046991155
2,total,0.26927653,0.28950134,0.07468642,0.17290793,0.28453806,0.30590805,0.29483584,1286792.0,0.60597086,12.0,al,0.020224795,0.020224795
2,total,0.26927653,0.3457847,0.29331726,0.18533935,0.27812374,0.3571446,0.312719,1182377.0,0.57728106,12.0,rand,0.076508164,0.076508164
2,total,0.26927653,0.32388487,0.30697018,0.17882174,0.27781457,0.33415335,0.30339015,1220983.0,0.5867989,13.0,rand,0.05460834,0.05460834
2,total,0.26927653,0.23749977,0.14157665,0.15375088,0.28435418,0.2507971,0.26652303,1378120.0,0.62829226,13.0,al,-0.031776752,0.031776752
