,images,gt_confluence,pred_confluence,relative_delta_confluence,iou,precision,recall,f1,true_negative,accuracy,step,method,dAbsConf,dAbsAbsConf
3,total,0.15109126,0.06978199,0.525944,0.19516021,0.5168556,0.23870799,0.32658374,641095.0,0.85126114,0.0,rand,-0.081309274,0.081309274
3,total,0.15109126,0.2675855,0.6624954,0.46218854,0.49457556,0.87589943,0.6321869,561249.0,0.84600574,0.0,al,0.11649422,0.11649422
3,total,0.15109126,1e-06,0.9999924,0.0,0.0,0.0,0.0,667609.0,0.8489087,1.0,al,-0.15109026,0.15109026
3,total,0.15109126,0.1630933,0.14641528,0.5738436,0.7023959,0.7581865,0.7292252,629438.0,0.9149272,1.0,rand,0.012002038,0.012002038
3,total,0.15109126,0.24391656,0.57308334,0.49333245,0.5349932,0.8636712,0.660713,578410.0,0.8659795,2.0,al,0.0928253,0.0928253
3,total,0.15109126,0.100965865,0.3067378,0.5131564,0.84662855,0.56574905,0.6782591,655431.0,0.91890335,2.0,rand,-0.050125394,0.050125394
3,total,0.15109126,0.12349293,0.13922837,0.5496304,0.7886386,0.6445806,0.7093692,647082.0,0.9201978,3.0,rand,-0.027598334,0.027598334
3,total,0.15109126,0.13290378,0.2009205,0.5691071,0.77502656,0.6817283,0.72538924,644095.0,0.9220123,3.0,al,-0.018187476,0.018187476
3,total,0.15109126,0.105440505,0.27337503,0.5375657,0.8506169,0.59360564,0.6992421,655222.0,0.9228465,4.0,rand,-0.045650754,0.045650754
3,total,0.15109126,0.20890145,0.4153277,0.5610333,0.61934066,0.85630727,0.71879685,605072.0,0.8987694,4.0,al,0.057810195,0.057810195
3,total,0.15109126,0.23813221,0.5410537,0.5200272,0.559186,0.8813193,0.6842336,585056.0,0.87709683,5.0,al,0.087040946,0.087040946
3,total,0.15109126,0.099624366,0.30809245,0.52412534,0.86543196,0.57063025,0.6877715,657066.0,0.92171985,5.0,rand,-0.051466897,0.051466897
3,total,0.15109126,0.10104979,0.2924996,0.51524484,0.84847987,0.5674575,0.68008083,655568.0,0.91933566,6.0,al,-0.05004147,0.05004147
3,total,0.15109126,0.13947651,0.081904165,0.59771085,0.7793651,0.71944827,0.7482086,643408.0,0.9268379,6.0,rand,-0.011614753,0.011614753
3,total,0.15109126,0.13020551,0.13889843,0.56067896,0.77613604,0.66884357,0.718506,644686.0,0.9208171,7.0,rand,-0.02088574,0.02088574
3,total,0.15109126,0.124273665,0.17623785,0.57957506,0.8130193,0.6687089,0.7338362,649335.0,0.9267082,7.0,al,-0.026817594,0.026817594
3,total,0.15109126,0.14921543,0.102535725,0.5936005,0.7496655,0.7403533,0.7449798,638233.0,0.92341614,8.0,rand,-0.001875831,0.001875831
3,total,0.15109126,1e-06,0.9999924,0.0,0.0,0.0,0.0,667609.0,0.8489087,8.0,al,-0.15109026,0.15109026
3,total,0.15109126,0.16461281,0.11492234,0.61738956,0.7320866,0.7975981,0.763439,632926.0,0.9253171,9.0,al,0.013521559,0.013521559
3,total,0.15109126,0.13126981,0.14406538,0.59340554,0.8010636,0.695968,0.74482626,647072.0,0.92794925,9.0,rand,-0.019821439,0.019821439
