,images,gt_confluence,pred_confluence,relative_delta_confluence,iou,precision,recall,f1,true_negative,accuracy,step,method,dAbsConf,dAbsAbsConf
2,total,0.35496256,0.28981343,0.18756717,0.19220589,0.35867956,0.2928472,0.32243693,1128468.0,0.5631246,0.0,rand,-0.06514914,0.06514914
2,total,0.35496256,0.037279647,0.89510995,0.03048463,0.3112666,0.032689635,0.059165448,1522145.0,0.630966,0.0,al,-0.31768292,0.31768292
2,total,0.35496256,0.27920756,0.21511708,0.1904585,0.36338386,0.28583056,0.31997457,1148412.0,0.5687492,1.0,rand,-0.07575502,0.07575502
2,total,0.35496256,0.32871643,0.07404689,0.20869419,0.3591083,0.3325546,0.34532124,1067499.0,0.5524109,1.0,al,-0.026246151,0.026246151
2,total,0.35496256,0.50637674,0.4380319,0.2708054,0.36247587,0.51709396,0.4261944,791865.0,0.50575966,2.0,al,0.15141417,0.15141417
2,total,0.35496256,0.24385476,0.31348094,0.17927934,0.37331697,0.25646296,0.3040485,1209676.0,0.58325315,2.0,rand,-0.111107804,0.111107804
2,total,0.35496256,0.44233578,0.24522457,0.24994291,0.3604291,0.4491469,0.39992642,889978.0,0.5215633,3.0,rand,0.087373234,0.087373234
2,total,0.35496256,0.62029886,0.7569124,0.29195845,0.35529807,0.6208841,0.45196214,602432.0,0.46552083,3.0,al,0.26533628,0.26533628
2,total,0.35496256,0.5795546,0.6443169,0.28705484,0.35963425,0.58718115,0.4460642,673164.0,0.48233846,4.0,al,0.22459206,0.22459206
2,total,0.35496256,0.26250303,0.25667754,0.18678372,0.37020886,0.27377698,0.3147725,1178950.0,0.57689655,4.0,rand,-0.09245953,0.09245953
2,total,0.35496256,0.48808774,0.91109574,0.25855315,0.35484135,0.48792008,0.41087312,811362.0,0.5033374,5.0,al,0.13312519,0.13312519
2,total,0.35496256,0.24269876,0.31951818,0.17276815,0.36277735,0.24804094,0.29463258,1205170.0,0.5784302,5.0,rand,-0.11226381,0.11226381
2,total,0.35496256,0.8371401,1.3683425,0.33799028,0.35972193,0.8483635,0.5052204,267966.0,0.41017294,6.0,al,0.48217753,0.48217753
2,total,0.35496256,0.56835264,0.6037421,0.29142058,0.36659363,0.5869748,0.45131737,700514.0,0.49339396,6.0,rand,0.21339008,0.21339008
2,total,0.35496256,0.62322325,0.7625572,0.3012869,0.3634002,0.63803655,0.46305946,610208.0,0.47477335,7.0,al,0.2682607,0.2682607
2,total,0.35496256,0.3594871,0.02880096,0.22402032,0.3637372,0.36837256,0.3660397,1023123.0,0.5470683,7.0,rand,0.0045245187,0.0045245187
2,total,0.35496256,0.43841654,0.41974938,0.25246647,0.36478072,0.45054197,0.40315038,900827.0,0.526473,8.0,al,0.08345396,0.08345396
2,total,0.35496256,0.43439147,0.2852722,0.24961205,0.36297888,0.44420055,0.39950278,905187.0,0.5259961,8.0,rand,0.0794289,0.0794289
2,total,0.35496256,0.7068166,0.9875708,0.30852342,0.35418838,0.705274,0.4715592,463424.0,0.43891358,9.0,rand,0.35185403,0.35185403
2,total,0.35496256,1e-06,0.9999972,0.0,0.0,0.0,0.0,1585244.0,0.6450374,9.0,al,-0.35496157,0.35496157
2,total,0.35496256,0.36004046,0.014035492,0.22376807,0.36312503,0.36831868,0.3657029,1021716.0,0.54647666,10.0,rand,0.005077904,0.005077904
2,total,0.35496256,0.4566567,0.29100832,0.25732344,0.36374354,0.4679523,0.40931892,871188.0,0.52059287,10.0,al,0.101694115,0.101694115
2,total,0.35496256,0.1464984,0.5857479,0.12308898,0.37515554,0.15483129,0.21919678,1360280.0,0.60845864,11.0,al,-0.20846418,0.20846418
2,total,0.35496256,0.55431825,0.5666307,0.2836279,0.36245072,0.5660109,0.4419156,716717.0,0.49254557,11.0,rand,0.19935566,0.19935566
2,total,0.35496256,0.31756,0.10536352,0.20769884,0.36421448,0.325836,0.3439575,1089056.0,0.5587976,12.0,rand,-0.037402563,0.037402563
2,total,0.35496256,0.43239927,0.3116158,0.24952005,0.36362362,0.44294876,0.39938495,908991.0,0.5270996,12.0,al,0.07743671,0.07743671
2,total,0.35496256,1e-06,0.9999972,0.0,0.0,0.0,0.0,1585244.0,0.6450374,13.0,rand,-0.35496157,0.35496157
2,total,0.35496256,0.5585077,0.5903989,0.280208,0.3579856,0.5632632,0.43775338,704024.0,0.48640543,13.0,al,0.20354511,0.20354511
