,images,gt_confluence,pred_confluence,relative_delta_confluence,iou,precision,recall,f1,true_negative,accuracy,step,method,dAbsConf,dAbsAbsConf
139,total,0.5766645,0.2381791,0.59723115,0.28367123,0.7560202,0.31225684,0.44196826,18584508.0,0.54529226,0.0,al,-0.33848545,0.33848545
139,total,0.5766645,0.77104205,0.6132571,0.5800922,0.64170015,0.8579982,0.7342506,7483754.0,0.6418487,0.0,rand,0.19437751,0.19437751
139,total,0.5766645,1.000001,1.4803905,0.5766645,0.5766645,1.0,0.7314989,0.0,0.5766645,10.0,al,0.42333648,0.42333648
139,total,0.5766645,0.66863495,0.38169423,0.5841249,0.6867542,0.79628134,0.73747283,10883752.0,0.6730759,10.0,rand,0.091970444,0.091970444
139,total,0.5766645,1e-06,0.9999975,0.0,0.0,0.0,0.0,21541476.0,0.42333546,20.0,al,-0.57666355,0.57666355
139,total,0.5766645,1e-06,0.9999975,0.0,0.0,0.0,0.0,21541476.0,0.42333546,20.0,rand,-0.57666355,0.57666355
139,total,0.5766645,0.69001985,0.2544542,0.5931218,0.6834426,0.81778616,0.74460274,10426610.0,0.67649317,30.0,al,0.113355294,0.113355294
139,total,0.5766645,1e-06,0.9999975,0.0,0.0,0.0,0.0,21541476.0,0.42333546,30.0,rand,-0.57666355,0.57666355
139,total,0.5766645,1e-06,0.9999975,0.0,0.0,0.0,0.0,21541476.0,0.42333546,40.0,al,-0.57666355,0.57666355
139,total,0.5766645,0.5060048,0.17315058,0.51935273,0.731384,0.64176494,0.6836495,14625134.0,0.6574978,40.0,rand,-0.070659734,0.070659734
139,total,0.5766645,0.6903759,0.2889282,0.5922538,0.6826541,0.8172642,0.74391836,10393174.0,0.6755351,50.0,al,0.113711394,0.113711394
139,total,0.5766645,1e-06,0.9999975,0.0,0.0,0.0,0.0,21541476.0,0.42333546,50.0,rand,-0.57666355,0.57666355
139,total,0.5766645,1e-06,0.9999975,0.0,0.0,0.0,0.0,21541476.0,0.42333546,60.0,al,-0.57666355,0.57666355
139,total,0.5766645,0.64313394,0.14160816,0.5831157,0.69860077,0.77912396,0.73666793,11677916.0,0.67878884,60.0,rand,0.06646939,0.06646939
139,total,0.5766645,1e-06,0.9999975,0.0,0.0,0.0,0.0,21541476.0,0.42333546,70.0,rand,-0.57666355,0.57666355
139,total,0.5766645,0.9274485,1.301528,0.5530333,0.57751244,0.92881125,0.7121971,1602904.0,0.5671129,70.0,al,0.35078397,0.35078397
139,total,0.5766645,0.61981887,0.10620927,0.5758907,0.7054337,0.7582231,0.73087597,12251001.0,0.6779984,80.0,rand,0.043154303,0.043154303
139,total,0.5766645,1e-06,0.9999975,0.0,0.0,0.0,0.0,21541476.0,0.42333546,80.0,al,-0.57666355,0.57666355
139,total,0.5766645,1e-06,0.9999975,0.0,0.0,0.0,0.0,21541476.0,0.42333546,90.0,al,-0.57666355,0.57666355
139,total,0.5766645,1e-06,0.9999975,0.0,0.0,0.0,0.0,21541476.0,0.42333546,90.0,rand,-0.57666355,0.57666355
139,total,0.5766645,0.64838153,0.17724234,0.58247095,0.69544154,0.7819291,0.73615324,11493202.0,0.6767764,100.0,rand,0.07171702,0.07171702
139,total,0.5766645,0.9978324,1.47496,0.57595706,0.5766736,0.9978472,0.73092943,47177.0,0.5763502,100.0,al,0.42116788,0.42116788
139,total,0.5766645,1e-06,0.9999975,0.0,0.0,0.0,0.0,21541476.0,0.42333546,110.0,rand,-0.57666355,0.57666355
139,total,0.5766645,1.000001,1.4803905,0.5766645,0.5766645,1.0,0.7314989,0.0,0.5766645,110.0,al,0.42333648,0.42333648
139,total,0.5766645,0.63567424,0.17311244,0.5719704,0.69393516,0.7649439,0.7277109,11641408.0,0.6698942,120.0,rand,0.059009705,0.059009705
139,total,0.5766645,1e-06,0.9999975,0.0,0.0,0.0,0.0,21541476.0,0.42333546,120.0,al,-0.57666355,0.57666355
139,total,0.5766645,0.86559576,1.1586204,0.5331466,0.57941765,0.86972725,0.69549286,3016550.0,0.5608224,130.0,al,0.28893122,0.28893122
139,total,0.5766645,0.73417205,0.45340827,0.5889889,0.6618159,0.84258014,0.7413375,8907465.0,0.6609366,130.0,rand,0.15750754,0.15750754
139,total,0.5766645,0.6646374,0.22951011,0.5835529,0.6882411,0.7932343,0.73701674,10997760.0,0.6735593,140.0,rand,0.08797283,0.08797283
139,total,0.5766645,0.88581675,1.2289803,0.5340651,0.5747739,0.88291156,0.6962739,2374477.0,0.55580723,140.0,al,0.30915222,0.30915222
139,total,0.5766645,1e-06,0.9999975,0.0,0.0,0.0,0.0,21541476.0,0.42333546,150.0,al,-0.57666355,0.57666355
139,total,0.5766645,0.70941466,0.35237208,0.5948508,0.6761699,0.83182526,0.7459637,9851661.0,0.6732901,160.0,rand,0.13275014,0.13275014
139,total,0.5766645,1.000001,1.4803905,0.5766645,0.5766645,1.0,0.7314989,0.0,0.5766645,160.0,al,0.42333648,0.42333648
139,total,0.5766645,0.8453069,0.79369634,0.5949413,0.627489,0.9198071,0.7460349,5518477.0,0.6388698,170.0,rand,0.26864234,0.26864234
139,total,0.5766645,0.63429034,0.1348233,0.5782862,0.69951534,0.7694164,0.7328022,11843067.0,0.67643636,170.0,al,0.057625804,0.057625804
139,total,0.5766645,1e-06,0.9999975,0.0,0.0,0.0,0.0,21541476.0,0.42333546,180.0,al,-0.57666355,0.57666355
139,total,0.5766645,0.64460003,0.1962751,0.5733816,0.69044554,0.7717841,0.7288521,11387936.0,0.6688575,180.0,rand,0.0679355,0.0679355
139,total,0.5766645,1e-06,0.9999975,0.0,0.0,0.0,0.0,21541476.0,0.42333546,190.0,rand,-0.57666355,0.57666355
139,total,0.5766645,0.6900759,0.26604033,0.59635437,0.68575054,0.8206144,0.7471449,10506751.0,0.67969906,190.0,al,0.11341132,0.11341132
139,total,0.5766645,0.64140517,0.15648036,0.5809527,0.6978497,0.7761943,0.7349395,11679917.0,0.67713875,200.0,al,0.06474061,0.06474061
139,total,0.5766645,0.63308865,0.20411135,0.5568027,0.6834399,0.75031036,0.7153152,11343574.0,0.6556025,200.0,rand,0.056424133,0.056424133
139,total,0.5766645,0.62142766,0.13563198,0.56477827,0.6958653,0.7498801,0.72186315,11924319.0,0.6667673,210.0,al,0.044763144,0.044763144
139,total,0.5766645,0.77525806,0.5148047,0.60616875,0.6581246,0.8847705,0.7548004,8054819.0,0.66850996,210.0,rand,0.19859351,0.19859351
139,total,0.5766645,0.6461697,0.18341133,0.5771477,0.69252574,0.7759945,0.73188746,11431608.0,0.6721437,220.0,rand,0.06950519,0.06950519
139,total,0.5766645,0.6393227,0.1975358,0.5671272,0.6883122,0.7631004,0.72377896,11401660.0,0.6641196,220.0,al,0.062658176,0.062658176
139,total,0.5766645,1e-06,0.9999975,0.0,0.0,0.0,0.0,21541476.0,0.42333546,230.0,al,-0.57666355,0.57666355
139,total,0.5766645,1e-06,0.9999975,0.0,0.0,0.0,0.0,21541476.0,0.42333546,230.0,rand,-0.57666355,0.57666355
139,total,0.5766645,0.8873575,1.1630795,0.5484521,0.58437294,0.89921796,0.708387,2774566.0,0.5730732,240.0,al,0.31069297,0.31069297
139,total,0.5766645,1e-06,0.9999975,0.0,0.0,0.0,0.0,21541476.0,0.42333546,240.0,rand,-0.57666355,0.57666355
139,total,0.5766645,0.75403726,0.45514128,0.599878,0.6617048,0.86523336,0.7499042,8561350.0,0.667198,250.0,al,0.17737271,0.17737271
139,total,0.5766645,1e-06,0.9999975,0.0,0.0,0.0,0.0,21541476.0,0.42333546,260.0,rand,-0.57666355,0.57666355
139,total,0.5766645,0.59062356,0.07460926,0.5567141,0.70679104,0.7238987,0.7152421,12729403.0,0.66760635,260.0,al,0.01395901,0.01395901
139,total,0.5766645,0.44183767,0.3185352,0.4893857,0.7574324,0.58033985,0.657164,16087850.0,0.6508216,270.0,rand,-0.13482687,0.13482687
139,total,0.5766645,0.67955804,0.24158432,0.59500825,0.689605,0.81264913,0.7460875,10808222.0,0.6810303,270.0,al,0.10289348,0.10289348
139,total,0.5766645,0.8581557,0.8603207,0.5923062,0.621944,0.9255367,0.7439597,5032789.0,0.6326291,280.0,rand,0.28149122,0.28149122
139,total,0.5766645,0.71584535,0.38793108,0.5893335,0.6695161,0.8311059,0.74161035,9503327.0,0.66602975,280.0,al,0.13918081,0.13918081
139,total,0.5766645,0.86799544,0.8978362,0.59120053,0.61838406,0.9307906,0.74308693,4686264.0,0.6288489,290.0,al,0.29133087,0.29133087
139,total,0.5766645,0.60176665,0.10533592,0.5568615,0.70044446,0.7309334,0.71536374,12368810.0,0.6645766,290.0,rand,0.02510211,0.02510211
139,total,0.5766645,0.7288616,0.42525315,0.59142065,0.6656597,0.84134376,0.74326074,9141410.0,0.6648211,300.0,al,0.15219705,0.15219705
139,total,0.5766645,0.61769694,0.17538898,0.563543,0.69691193,0.7464993,0.7208533,12014954.0,0.66659886,300.0,rand,0.041032407,0.041032407
139,total,0.5766645,0.65410346,0.20259239,0.57943434,0.6902918,0.78298825,0.73372334,11233123.0,0.67227614,310.0,al,0.077438906,0.077438906
139,total,0.5766645,1e-06,0.9999975,0.0,0.0,0.0,0.0,21541476.0,0.42333546,310.0,rand,-0.57666355,0.57666355
139,total,0.5766645,0.63141507,0.14353512,0.57415986,0.6978546,0.7641101,0.7294805,11833671.0,0.6731918,320.0,rand,0.05475052,0.05475052
139,total,0.5766645,0.6478887,0.18977563,0.5772022,0.69170064,0.7771318,0.73193127,11377510.0,0.6717364,320.0,al,0.0712242,0.0712242
139,total,0.5766645,0.7734417,0.56992394,0.59496164,0.6511474,0.8733395,0.74605083,7811818.0,0.6571426,330.0,al,0.1967771,0.1967771
139,total,0.5766645,0.5243054,0.11506653,0.5159025,0.714641,0.64975286,0.68065345,13928300.0,0.6484099,330.0,rand,-0.05235914,0.05235914
