,images,gt_confluence,pred_confluence,relative_delta_confluence,iou,precision,recall,f1,true_negative,accuracy,step,method,dAbsConf,dAbsAbsConf
2,total,0.35496256,0.34362406,0.13251735,0.21231662,0.3560453,0.34467122,0.35026544,1041432.0,0.54610515,0.0,rand,-0.011338518,0.011338518
2,total,0.35496256,0.29264098,0.17710334,0.19776304,0.36538365,0.30123138,0.33022013,1128833.0,0.5662492,0.0,al,-0.062321592,0.062321592
2,total,0.35496256,0.5311163,0.49121922,0.28029314,0.36524656,0.5465028,0.43785727,756720.0,0.50189817,1.0,rand,0.17615375,0.17615375
2,total,0.35496256,0.30573303,0.15042192,0.20137665,0.36223444,0.31199533,0.33524266,1106048.0,0.56079876,1.0,al,-0.04922955,0.04922955
2,total,0.35496256,0.35923195,0.2528698,0.22494867,0.3650965,0.36948678,0.367278,1024722.0,0.5481144,2.0,al,0.0042693918,0.0042693918
2,total,0.35496256,0.4717116,0.33625576,0.25992215,0.36154118,0.48045292,0.41259983,845094.0,0.51441246,2.0,rand,0.11674905,0.11674905
2,total,0.35496256,0.38746032,0.14840253,0.23080908,0.3593245,0.39222062,0.37505212,975180.0,0.5360254,3.0,rand,0.032497745,0.032497745
2,total,0.35496256,0.5094818,0.4404247,0.27637118,0.3673876,0.52731454,0.4330572,793150.0,0.50991046,3.0,al,0.15451923,0.15451923
2,total,0.35496256,0.58866394,0.6702921,0.288924,0.35932654,0.59590006,0.44831768,658383.0,0.47941893,4.0,al,0.23370136,0.23370136
2,total,0.35496256,0.5082399,0.4387174,0.27415708,0.36544392,0.5232462,0.43033433,792653.0,0.5082642,4.0,rand,0.15327737,0.15327737
2,total,0.35496256,0.41095924,0.22635575,0.24484622,0.36657587,0.42440358,0.39337537,945504.0,0.5353739,5.0,al,0.055996686,0.055996686
2,total,0.35496256,0.44784483,0.76278365,0.25827855,0.36795592,0.46423706,0.41052634,889603.0,0.5267672,5.0,rand,0.09288227,0.09288227
2,total,0.35496256,0.32704404,0.22080609,0.21196084,0.36471203,0.33602566,0.34978116,1074637.0,0.55654746,6.0,al,-0.027918516,0.027918516
2,total,0.35496256,0.3560496,0.3585771,0.22559153,0.3675735,0.3686981,0.36813444,1031855.0,0.5507369,6.0,rand,0.0010870189,0.0010870189
2,total,0.35496256,0.41715026,0.310007,0.24569155,0.36506352,0.4290198,0.3944656,934316.0,0.53246015,7.0,al,0.062187687,0.062187687
2,total,0.35496256,0.38615987,0.16157493,0.23308083,0.36277586,0.39465883,0.37804583,980503.0,0.5390568,7.0,rand,0.031197289,0.031197289
2,total,0.35496256,0.30924457,0.16088992,0.20558274,0.36626196,0.31908762,0.34105074,1103605.0,0.5623222,8.0,al,-0.045717996,0.045717996
2,total,0.35496256,0.4483254,0.26978517,0.25321087,0.3620233,0.45724222,0.40409887,882320.0,0.5213208,8.0,rand,0.093362816,0.093362816
2,total,0.35496256,0.5399839,0.52776283,0.27730852,0.3598189,0.54737055,0.4342071,735684.0,0.49364665,9.0,rand,0.18502134,0.18502134
2,total,0.35496256,0.576498,0.63587713,0.28503793,0.35838816,0.5820605,0.44362524,676209.0,0.48175985,9.0,al,0.22153543,0.22153543
2,total,0.35496256,0.38465756,0.085203975,0.23148091,0.3614286,0.3916635,0.3759386,981582.0,0.5384326,10.0,rand,0.02969501,0.02969501
2,total,0.35496256,0.51431865,0.45334208,0.2725743,0.36201796,0.5245404,0.42838204,778843.0,0.50310427,10.0,al,0.15935606,0.15935606
2,total,0.35496256,0.52146584,0.474262,0.27388668,0.36135247,0.5308521,0.43000117,766784.0,0.5004378,11.0,al,0.16650328,0.16650328
2,total,0.35496256,0.45886087,0.29749048,0.25614238,0.36165306,0.46750867,0.40782332,865384.0,0.51807374,11.0,rand,0.1038983,0.1038983
2,total,0.35496256,0.41797912,0.18284687,0.24427767,0.36304384,0.42749405,0.39264125,930948.0,0.5305481,12.0,rand,0.06301654,0.06301654
2,total,0.35496256,0.37450173,0.13145879,0.22946541,0.36353958,0.38354984,0.37327623,999463.0,0.5428284,12.0,al,0.019539168,0.019539168
2,total,0.35496256,0.5946006,0.6871499,0.28818017,0.35726154,0.59845066,0.44742167,646018.0,0.47529298,13.0,rand,0.23963805,0.23963805
2,total,0.35496256,0.28327492,0.20429027,0.19110647,0.36149296,0.28848544,0.3208885,1140732.0,0.5665666,13.0,al,-0.07168764,0.07168764
