,images,gt_confluence,pred_confluence,relative_delta_confluence,iou,precision,recall,f1,true_negative,accuracy,step,method,dAbsConf,dAbsAbsConf
3,total,0.097042084,0.087711066,0.36020568,0.46172032,0.66535705,0.6013732,0.6317487,687032.0,0.9319649,0.0,rand,-0.009331021,0.009331021
3,total,0.15109126,0.097099036,0.30645618,0.4936484,0.8447768,0.5428915,0.6609963,655756.0,0.91586304,0.0,al,-0.053992227,0.053992227
3,total,0.15109126,0.13334882,0.09434975,0.5752292,0.7789337,0.68745947,0.730343,644426.0,0.92329913,1.0,al,-0.017742429,0.017742429
3,total,0.097042084,0.078323096,0.31576833,0.42890298,0.6720675,0.54242176,0.60032433,689916.0,0.9299113,1.0,rand,-0.018718991,0.018718991
3,total,0.15109126,0.4046539,1.8416579,0.3402443,0.34865758,0.9337754,0.50773436,460331.0,0.7264264,2.0,al,0.25356266,0.25356266
3,total,0.097042084,0.087207526,0.31827825,0.4698024,0.67532295,0.60687655,0.6392724,687848.0,0.9335365,2.0,rand,-0.0098345615,0.0098345615
3,total,0.097042084,0.11809004,0.29223222,0.5008871,0.60797465,0.73983514,0.66745424,673708.0,0.92845917,3.0,rand,0.021047957,0.021047957
3,total,0.15109126,0.09912972,0.2877315,0.49318594,0.8337182,0.54699004,0.6605816,654646.0,0.91507083,3.0,al,-0.051961534,0.051961534
3,total,0.097042084,1e-06,0.9999877,0.0,0.0,0.0,0.0,710115.0,0.9029579,4.0,rand,-0.097041085,0.097041085
3,total,0.15109126,0.16953504,0.11779112,0.59101236,0.70252836,0.78828174,0.7429382,627948.0,0.91757965,4.0,al,0.01844379,0.01844379
3,total,0.15109126,1e-06,0.9999924,0.0,0.0,0.0,0.0,667609.0,0.8489087,5.0,al,-0.15109026,0.15109026
3,total,0.097042084,0.134347,0.5018954,0.5040169,0.57717645,0.7990487,0.67022717,665442.0,0.9236946,5.0,rand,0.037304923,0.037304923
3,total,0.15109126,0.14372608,0.08749774,0.5791972,0.75233126,0.7156527,0.73353326,639615.0,0.9214414,6.0,al,-0.0073651806,0.0073651806
3,total,0.097042084,0.0846148,0.526891,0.27763468,0.4665254,0.406777,0.43460682,674616.0,0.8972931,6.0,rand,-0.012427283,0.012427283
3,total,0.097042084,0.13444364,0.44057325,0.5238777,0.5919228,0.8200532,0.68755823,666969.0,0.9276746,7.0,rand,0.037401564,0.037401564
3,total,0.15109126,0.14312589,0.053464536,0.5727793,0.74863625,0.709164,0.72836524,639316.0,0.92008084,7.0,al,-0.00796536,0.00796536
3,total,0.097042084,1e-06,0.9999877,0.0,0.0,0.0,0.0,710115.0,0.9029579,8.0,rand,-0.097041085,0.097041085
3,total,0.15109126,0.13093922,0.13579386,0.58036983,0.7909958,0.6854902,0.73447293,646087.0,0.9251137,8.0,al,-0.020152045,0.020152045
3,total,0.15109126,1e-06,0.9999924,0.0,0.0,0.0,0.0,667609.0,0.8489087,9.0,al,-0.15109026,0.15109026
3,total,0.097042084,0.1300771,0.39513522,0.5147478,0.5933468,0.79532737,0.6796477,668516.0,0.9272423,9.0,rand,0.033035006,0.033035006
