,images,gt_confluence,pred_confluence,relative_delta_confluence,iou,precision,recall,f1,true_negative,accuracy,step,method,dAbsConf,dAbsAbsConf
139,total,0.5766645,0.7298942,0.53411824,0.56258017,0.64448285,0.81573194,0.7200652,8337319.0,0.6342496,0.0,rand,0.1532297,0.1532297
139,total,0.5766645,0.61330354,0.10520484,0.5679109,0.7027794,0.74743,0.7244168,12265823.0,0.6720657,0.0,al,0.036639,0.036639
139,total,0.5766645,1e-06,0.9999975,0.0,0.0,0.0,0.0,21541476.0,0.42333546,10.0,al,-0.57666355,0.57666355
139,total,0.5766645,0.7591174,0.5895431,0.5769376,0.64378554,0.847474,0.73171854,7781719.0,0.64163536,10.0,rand,0.1824529,0.1824529
139,total,0.5766645,0.6477273,0.21835068,0.5668346,0.6838514,0.7681217,0.7235406,11121336.0,0.6615063,20.0,al,0.07106276,0.07106276
139,total,0.5766645,1e-06,0.9999975,0.0,0.0,0.0,0.0,21541476.0,0.42333546,20.0,rand,-0.57666355,0.57666355
139,total,0.5766645,1e-06,0.9999975,0.0,0.0,0.0,0.0,21541476.0,0.42333546,30.0,rand,-0.57666355,0.57666355
139,total,0.5766645,0.59157264,0.05479233,0.56249285,0.71092254,0.72930026,0.71999365,12839610.0,0.672887,30.0,al,0.014908088,0.014908088
139,total,0.5766645,1.000001,1.4803905,0.5766645,0.5766645,1.0,0.7314989,0.0,0.5766645,40.0,rand,0.42333648,0.42333648
139,total,0.5766645,0.6208123,0.08980606,0.5822975,0.70984566,0.7641882,0.7360147,12375484.0,0.68388456,40.0,al,0.044147756,0.044147756
139,total,0.5766645,0.625942,0.10074873,0.5800901,0.70534796,0.7656205,0.73424894,12156489.0,0.68040687,50.0,al,0.04927747,0.04927747
139,total,0.5766645,1e-06,0.9999975,0.0,0.0,0.0,0.0,21541476.0,0.42333546,50.0,rand,-0.57666355,0.57666355
139,total,0.5766645,1e-06,0.9999975,0.0,0.0,0.0,0.0,21541476.0,0.42333546,60.0,rand,-0.57666355,0.57666355
139,total,0.5766645,1e-06,0.9999975,0.0,0.0,0.0,0.0,21541476.0,0.42333546,60.0,al,-0.57666355,0.57666355
139,total,0.5766645,1e-06,0.9999975,0.0,0.0,0.0,0.0,21541476.0,0.42333546,70.0,al,-0.57666355,0.57666355
139,total,0.5766645,1e-06,0.9999975,0.0,0.0,0.0,0.0,21541476.0,0.42333546,70.0,rand,-0.57666355,0.57666355
139,total,0.5766645,1e-06,0.9999975,0.0,0.0,0.0,0.0,21541476.0,0.42333546,80.0,rand,-0.57666355,0.57666355
139,total,0.5766645,1e-06,0.9999975,0.0,0.0,0.0,0.0,21541476.0,0.42333546,80.0,al,-0.57666355,0.57666355
139,total,0.5766645,1e-06,0.9999975,0.0,0.0,0.0,0.0,21541476.0,0.42333546,90.0,rand,-0.57666355,0.57666355
139,total,0.5766645,0.6550205,0.22094925,0.5759239,0.687187,0.7805593,0.7309027,11115187.0,0.66855776,90.0,al,0.07835593,0.07835593
139,total,0.5766645,0.6726885,0.25638613,0.58589804,0.68614876,0.80040234,0.7388844,10798416.0,0.6737753,100.0,rand,0.096023925,0.096023925
139,total,0.5766645,0.63529277,0.14936666,0.57708097,0.698066,0.7690357,0.7318338,11780887.0,0.6749949,100.0,al,0.05862824,0.05862824
139,total,0.5766645,1e-06,0.9999975,0.0,0.0,0.0,0.0,21541476.0,0.42333546,110.0,rand,-0.57666355,0.57666355
139,total,0.5766645,1e-06,0.9999975,0.0,0.0,0.0,0.0,21541476.0,0.42333546,110.0,al,-0.57666355,0.57666355
139,total,0.5766645,1e-06,0.9999975,0.0,0.0,0.0,0.0,21541476.0,0.42333546,120.0,al,-0.57666355,0.57666355
139,total,0.5766645,1e-06,0.9999975,0.0,0.0,0.0,0.0,21541476.0,0.42333546,120.0,rand,-0.57666355,0.57666355
139,total,0.5766645,0.70010275,0.31839004,0.5933905,0.6791545,0.8245301,0.7448144,10111433.0,0.6741883,130.0,rand,0.123438224,0.123438224
139,total,0.5766645,0.84745675,0.7857953,0.6010585,0.630869,0.9271136,0.7508259,5623481.0,0.6451468,130.0,al,0.27079222,0.27079222
139,total,0.5766645,0.96857405,1.4070711,0.56446445,0.57561725,0.966814,0.7216068,625365.0,0.56981707,140.0,rand,0.39190954,0.39190954
139,total,0.5766645,0.6087551,0.12269646,0.56384057,0.70209146,0.74116063,0.72109675,12313304.0,0.66938347,140.0,al,0.03209058,0.03209058
139,total,0.5766645,0.641105,0.161978,0.5798286,0.6971495,0.7750526,0.7340394,11661689.0,0.6761221,150.0,al,0.06444049,0.06444049
139,total,0.5766645,1e-06,0.9999975,0.0,0.0,0.0,0.0,21541476.0,0.42333546,150.0,rand,-0.57666355,0.57666355
139,total,0.5766645,1e-06,0.9999975,0.0,0.0,0.0,0.0,21541476.0,0.42333546,160.0,al,-0.57666355,0.57666355
139,total,0.5766645,0.6554025,0.25071147,0.5664269,0.6797673,0.77258176,0.7232083,10861657.0,0.658975,160.0,rand,0.078737944,0.078737944
139,total,0.5766645,0.71251154,0.39853546,0.58451843,0.6674543,0.8246878,0.73778635,9484637.0,0.6619613,170.0,rand,0.135847,0.135847
139,total,0.5766645,1e-06,0.9999975,0.0,0.0,0.0,0.0,21541476.0,0.42333546,170.0,al,-0.57666355,0.57666355
139,total,0.5766645,0.82060814,0.7009842,0.6007998,0.63905513,0.9093904,0.75062406,6469612.0,0.6515547,180.0,rand,0.24394359,0.24394359
139,total,0.5766645,0.63736135,0.18271956,0.5710416,0.692345,0.7652166,0.7269587,11563562.0,0.6685217,180.0,al,0.060696818,0.060696818
139,total,0.5766645,0.7707346,0.5451776,0.59575886,0.6526719,0.87232023,0.74667734,7919659.0,0.6586742,190.0,rand,0.19407007,0.19407007
139,total,0.5766645,0.6585836,0.21344724,0.5839936,0.6915097,0.7897421,0.73736817,11203332.0,0.6755854,190.0,al,0.081919074,0.081919074
139,total,0.5766645,0.642597,0.19364196,0.5750285,0.69272274,0.7719235,0.7301812,11493947.0,0.6710212,200.0,rand,0.0659325,0.0659325
139,total,0.5766645,1e-06,0.9999975,0.0,0.0,0.0,0.0,21541476.0,0.42333546,200.0,al,-0.57666355,0.57666355
139,total,0.5766645,0.71664715,0.3743717,0.5917581,0.6709115,0.83377093,0.7435272,9540729.0,0.6683016,210.0,rand,0.13998261,0.13998261
139,total,0.5766645,1e-06,0.9999975,0.0,0.0,0.0,0.0,21541476.0,0.42333546,210.0,al,-0.57666355,0.57666355
139,total,0.5766645,0.79376525,0.92518634,0.5219885,0.59212655,0.8150473,0.6859292,5067144.0,0.56958896,220.0,al,0.21710074,0.21710074
139,total,0.5766645,1e-06,0.9999975,0.0,0.0,0.0,0.0,21541476.0,0.42333546,220.0,rand,-0.57666355,0.57666355
139,total,0.5766645,0.6558331,0.22085409,0.5776529,0.6880952,0.7825606,0.7322935,11132560.0,0.67005324,230.0,al,0.07916858,0.07916858
139,total,0.5766645,0.65191996,0.21840717,0.5716406,0.68545806,0.77491,0.72744393,11107184.0,0.6651427,230.0,rand,0.07525544,0.07525544
139,total,0.5766645,0.6448549,0.17689145,0.5794579,0.6949483,0.77712446,0.73374224,11531673.0,0.67476183,240.0,al,0.06819034,0.06819034
139,total,0.5766645,0.62769234,0.18016528,0.559927,0.68870914,0.7496503,0.71788824,11598799.0,0.6602376,240.0,rand,0.051027805,0.051027805
139,total,0.5766645,1e-06,0.9999975,0.0,0.0,0.0,0.0,21541476.0,0.42333546,250.0,al,-0.57666355,0.57666355
139,total,0.5766645,0.6655344,0.27165493,0.57557917,0.6818452,0.7869233,0.73062503,10766927.0,0.6653836,250.0,rand,0.088869825,0.088869825
139,total,0.5766645,0.32659236,0.39268413,0.30844533,0.65197164,0.36924124,0.47146797,15757718.0,0.5226007,260.0,rand,-0.25007215,0.25007215
139,total,0.5766645,0.6653161,0.23472793,0.5812707,0.68621355,0.79170513,0.7351939,10918349.0,0.6711169,260.0,al,0.08865159,0.08865159
139,total,0.5766645,0.6256354,0.17638865,0.5593604,0.68934566,0.74788433,0.71742237,11651646.0,0.6602578,270.0,al,0.048970874,0.048970874
139,total,0.5766645,0.7865469,0.5936859,0.5983627,0.64882565,0.8849706,0.74871904,7486255.0,0.65745187,270.0,rand,0.20988238,0.20988238
139,total,0.5766645,0.63205296,0.16260791,0.5716356,0.6955672,0.762375,0.7274399,11750295.0,0.67055273,280.0,rand,0.05538845,0.05538845
139,total,0.5766645,1e-06,0.9999975,0.0,0.0,0.0,0.0,21541476.0,0.42333546,280.0,al,-0.57666355,0.57666355
139,total,0.5766645,0.97782236,1.4161316,0.57109994,0.5778772,0.9798776,0.727006,538100.0,0.5756355,290.0,rand,0.4011578,0.4011578
139,total,0.5766645,0.6392487,0.1840884,0.56989443,0.6904894,0.76542556,0.7260285,11473654.0,0.6668753,290.0,al,0.062584184,0.062584184
139,total,0.5766645,0.83012533,0.7492127,0.5933928,0.6311102,0.9085003,0.74481624,5959211.0,0.641011,300.0,al,0.25346076,0.25346076
139,total,0.5766645,0.63540155,0.17317544,0.5694697,0.6921433,0.7626414,0.7256837,11587721.0,0.6675114,310.0,rand,0.05873699,0.05873699
139,total,0.5766645,0.688908,0.30640453,0.58622694,0.6789324,0.8110804,0.7391459,10286416.0,0.6698711,310.0,al,0.11224346,0.11224346
139,total,0.5766645,0.64338624,0.1633604,0.5776947,0.6943555,0.7746932,0.73232716,11535062.0,0.6734264,320.0,rand,0.0667217,0.0667217
139,total,0.5766645,0.70291597,0.33058956,0.5929073,0.6775803,0.82592446,0.7444337,10009197.0,0.6729832,320.0,al,0.12625144,0.12625144
139,total,0.5766645,0.55675185,0.10998816,0.5274754,0.70300144,0.67872506,0.69064945,13127407.0,0.64937794,330.0,al,-0.01991266,0.01991266
139,total,0.5766645,0.86200726,0.8425864,0.6002333,0.6260194,0.9357826,0.7501818,5137457.0,0.64059454,330.0,rand,0.2853427,0.2853427
