,images,gt_confluence,pred_confluence,relative_delta_confluence,iou,precision,recall,f1,true_negative,accuracy,step,method,dAbsConf,dAbsAbsConf
2,total,0.26927653,0.23612283,0.12291529,0.15472907,0.28680685,0.25149372,0.26799148,1381965.0,0.63004434,0.0,al,-0.033153705,0.033153705
2,total,0.26927653,0.21950296,0.18241751,0.14890215,0.28859687,0.23525101,0.25920722,1412061.0,0.6379167,0.0,rand,-0.049773578,0.049773578
2,total,0.26927653,0.26075256,0.13264091,0.16347246,0.2856015,0.27655968,0.28100735,1338023.0,0.618914,1.0,rand,-0.008523984,0.008523984
2,total,0.26927653,0.33197203,0.23543914,0.18448493,0.28208792,0.34776524,0.31150186,1210116.0,0.58604246,1.0,al,0.062695496,0.062695496
2,total,0.26927653,0.5144236,0.9138142,0.22108835,0.2758342,0.5269503,0.36211643,880303.0,0.50009155,2.0,al,0.24514708,0.24514708
2,total,0.26927653,0.18936826,0.2934109,0.13352548,0.28530112,0.20063648,0.23559277,1463213.0,0.6494096,2.0,rand,-0.07990826,0.07990826
2,total,0.26927653,0.27881083,0.03672915,0.16724871,0.28166983,0.29164186,0.2865686,1303624.0,0.6089783,3.0,al,0.0095342845,0.0095342845
2,total,0.26927653,0.288823,0.07213537,0.1693149,0.2797978,0.30010697,0.28959626,1284620.0,0.603525,3.0,rand,0.019546492,0.019546492
2,total,0.26927653,0.24533832,0.08727133,0.15861273,0.28715578,0.26162708,0.27379715,1366023.0,0.6262862,4.0,al,-0.023938209,0.023938209
2,total,0.26927653,0.25493467,0.051653557,0.16018343,0.28390247,0.2687806,0.27613416,1347173.0,0.6205424,4.0,rand,-0.0143418545,0.0143418545
2,total,0.26927653,0.16987282,0.36858928,0.12582527,0.2889261,0.18226767,0.22352491,1498969.0,0.65901244,5.0,rand,-0.0994037,0.0994037
2,total,0.26927653,0.29097837,0.085114665,0.17155254,0.2819428,0.30466443,0.29286307,1282339.0,0.6038241,5.0,al,0.021701846,0.021701846
2,total,0.26927653,0.30821553,0.21137136,0.17492075,0.27894908,0.31928575,0.29775703,1249653.0,0.59446126,6.0,rand,0.038938988,0.038938988
2,total,0.26927653,0.27200457,0.12363593,0.16640405,0.283898,0.28677312,0.28532782,1317129.0,0.61316246,6.0,al,0.0027280508,0.0027280508
2,total,0.26927653,0.38008443,0.41602352,0.19627967,0.28031683,0.3956668,0.32814968,1123575.0,0.5637276,7.0,rand,0.11080789,0.11080789
2,total,0.26927653,0.25791198,0.1596039,0.16123758,0.28381836,0.27183902,0.27769905,1341880.0,0.6192122,7.0,al,-0.01136456,0.01136456
2,total,0.26927653,0.26403704,0.13930821,0.16223219,0.28194392,0.27645692,0.27917296,1329883.0,0.6155741,8.0,rand,-0.0052394783,0.0052394783
2,total,0.26927653,0.3612754,0.34272185,0.19221206,0.28139094,0.37752768,0.3224456,1157796.0,0.57276773,8.0,al,0.09199888,0.09199888
2,total,0.26927653,0.21780129,0.19071278,0.14810105,0.28848088,0.23333344,0.25799257,1414974.0,0.6385856,9.0,rand,-0.051475238,0.051475238
2,total,0.26927653,0.38140562,0.42087644,0.19563054,0.2791399,0.39537516,0.327242,1120135.0,0.56224936,9.0,al,0.11212909,0.11212909
2,total,0.26927653,0.3437563,0.27928504,0.18583052,0.2794654,0.3567623,0.31341785,1187109.0,0.5791036,10.0,al,0.07447976,0.07447976
2,total,0.26927653,0.28607035,0.26422358,0.16944772,0.28128538,0.29882708,0.2897905,1290538.0,0.6055884,10.0,rand,0.016793806,0.016793806
2,total,0.26927653,0.307442,0.14725035,0.17592774,0.28064355,0.32041904,0.29921472,1252304.0,0.59584516,11.0,rand,0.03816547,0.03816547
2,total,0.26927653,0.32298604,0.2005755,0.18158358,0.2818015,0.33800814,0.3073558,1225743.0,0.5897738,11.0,al,0.053709496,0.053709496
2,total,0.26927653,0.28699645,0.12042764,0.1716007,0.283891,0.30257156,0.2929333,1290740.0,0.6066789,12.0,al,0.017719913,0.017719913
2,total,0.26927653,0.19637388,0.26927564,0.13854496,0.28854802,0.21042682,0.24337147,1452475.0,0.6476766,12.0,rand,-0.07290264,0.07290264
2,total,0.26927653,0.28276467,0.08605754,0.17035984,0.2841809,0.29841456,0.29112336,1298389.0,0.6086719,13.0,rand,0.013488142,0.013488142
2,total,0.26927653,0.34285012,0.2705186,0.18846297,0.2831248,0.36048108,0.31715363,1191797.0,0.58201253,13.0,al,0.07357359,0.07357359
