,images,gt_confluence,pred_confluence,relative_delta_confluence,iou,precision,recall,f1,true_negative,accuracy,step,method,dAbsConf,dAbsAbsConf
3,total,0.097042084,0.10834476,0.723403,0.33993116,0.4809225,0.53693146,0.5073855,665887.0,0.89882404,0.0,rand,0.011302676,0.011302676
3,total,0.15109126,0.1222913,0.18096457,0.5481929,0.7915631,0.6406756,0.70817083,647563.0,0.9202194,0.0,al,-0.028799964,0.028799964
3,total,0.15109126,0.13269016,0.11972256,0.561094,0.7686941,0.6750713,0.7188467,643472.0,0.92021435,1.0,al,-0.0184011,0.0184011
3,total,0.097042084,0.13149361,0.48313835,0.49747542,0.5773813,0.7823552,0.66441834,666412.0,0.9233081,1.0,rand,0.03445153,0.03445153
3,total,0.15109126,0.28706333,0.8558345,0.44954252,0.47335827,0.8993461,0.62025386,548717.0,0.8336131,2.0,al,0.13597207,0.13597207
3,total,0.097042084,0.1266108,0.38139576,0.502704,0.5909411,0.77099466,0.6690654,669385.0,0.925986,2.0,rand,0.029568719,0.029568719
3,total,0.097042084,1e-06,0.9999877,0.0,0.0,0.0,0.0,710115.0,0.9029579,3.0,rand,-0.097041085,0.097041085
3,total,0.15109126,0.16193871,0.061082948,0.59510666,0.72117656,0.772948,0.74616486,632100.0,0.9205424,3.0,al,0.010847456,0.010847456
3,total,0.097042084,1e-06,0.9999877,0.0,0.0,0.0,0.0,710115.0,0.9029579,4.0,rand,-0.097041085,0.097041085
3,total,0.15109126,0.13768613,0.098364554,0.57884747,0.7689509,0.70072293,0.7332527,642591.0,0.9229698,4.0,al,-0.013405118,0.013405118
3,total,0.15109126,0.15461704,0.07020761,0.59720707,0.73929024,0.756537,0.7478137,635908.0,0.92290497,5.0,al,0.0035257803,0.0035257803
3,total,0.097042084,0.10863976,0.18470423,0.51799023,0.6460433,0.72324646,0.68246794,679874.0,0.9346898,5.0,rand,0.01159768,0.01159768
3,total,0.15109126,1e-06,0.9999924,0.0,0.0,0.0,0.0,667609.0,0.8489087,6.0,al,-0.15109026,0.15109026
3,total,0.097042084,0.021925338,0.730803,0.023856685,0.12643544,0.028565064,0.04660131,695053.0,0.8865776,6.0,rand,-0.075116746,0.075116746
3,total,0.097042084,0.15479378,0.67394364,0.49820715,0.54100746,0.8629663,0.66507065,654240.0,0.9156532,7.0,rand,0.0577517,0.0577517
3,total,0.15109126,0.14322507,0.14436387,0.59856206,0.76944315,0.729379,0.7488751,641640.0,0.92609024,7.0,al,-0.007866178,0.007866178
3,total,0.097042084,0.58316773,8.338894,0.0640154,0.07017559,0.4217147,0.12032772,283678.0,0.4016393,8.0,rand,0.48612568,0.48612568
3,total,0.15109126,0.2173739,0.37006104,0.5415126,0.59545827,0.8566776,0.7025726,598453.0,0.8904088,8.0,al,0.06628264,0.06628264
3,total,0.15109126,0.14050648,0.0747891,0.60551834,0.782711,0.72787255,0.7542959,643599.0,0.9283536,9.0,al,-0.010584785,0.010584785
3,total,0.097042084,1e-06,0.9999877,0.0,0.0,0.0,0.0,710115.0,0.9029579,9.0,rand,-0.097041085,0.097041085
