,images,gt_confluence,pred_confluence,relative_delta_confluence,iou,precision,recall,f1,true_negative,accuracy,step,method,dAbsConf,dAbsAbsConf
2,total,0.35496256,0.10754942,0.6982771,0.23813191,0.8271203,0.25060526,0.38466287,1539550.0,0.7154,0.0,al,-0.24741314,0.24741314
2,total,0.35496256,0.22366515,0.36881506,0.4149582,0.7586874,0.4780537,0.5865302,1452600.0,0.7607556,0.0,rand,-0.13129742,0.13129742
2,total,0.35496256,0.47266212,0.33250067,0.60093194,0.6572573,0.87519085,0.7507272,1187110.0,0.7936963,1.0,al,0.11769957,0.11769957
2,total,0.35496256,0.8025909,1.2642143,0.430623,0.4341292,0.9815901,0.6020072,469095.0,0.539303,1.0,rand,0.44762835,0.44762835
2,total,0.35496256,0.8127545,1.2917745,0.42810103,0.43069094,0.9861479,0.59953845,448093.0,0.5323751,2.0,al,0.45779192,0.45779192
2,total,0.35496256,0.7255552,1.0465424,0.47373533,0.478716,0.9785099,0.64290375,655731.0,0.614152,2.0,rand,0.37059262,0.37059262
2,total,0.35496256,0.7229531,1.0395776,0.47371867,0.47927058,0.9761302,0.6428884,660050.0,0.6150647,3.0,rand,0.3679905,0.3679905
2,total,0.35496256,0.6709873,0.89007854,0.49887794,0.5089089,0.9619914,0.6656681,775427.0,0.656993,3.0,al,0.31602475,0.31602475
2,total,0.35496256,0.78886086,1.224881,0.43195722,0.4373906,0.97204584,0.6033098,494512.0,0.5462573,4.0,al,0.4338983,0.4338983
2,total,0.35496256,0.081177756,0.77180296,0.17770067,0.8106767,0.1853945,0.3017753,1547474.0,0.6954769,4.0,rand,-0.27378482,0.27378482
2,total,0.35496256,0.59892434,0.6887256,0.53886396,0.55770445,0.9410069,0.7003395,934223.0,0.71415854,5.0,al,0.24396178,0.24396178
2,total,0.35496256,0.60758847,0.7108472,0.4939533,0.52379745,0.89658123,0.6612696,874175.0,0.6739555,5.0,rand,0.2526259,0.2526259
2,total,0.35496256,0.5910797,0.66679287,0.51391834,0.54332095,0.9047304,0.6789243,921856.0,0.6962496,6.0,rand,0.23611712,0.23611712
2,total,0.35496256,0.658585,0.8561104,0.50805306,0.51847166,0.96195245,0.6737863,805873.0,0.6693677,6.0,al,0.30362242,0.30362242
2,total,0.35496256,0.84996355,1.3974302,0.40898886,0.41149464,0.9853294,0.58054197,355934.0,0.49458495,7.0,rand,0.495001,0.495001
2,total,0.35496256,0.7696181,1.170753,0.45152703,0.45454213,0.985522,0.6221403,553559.0,0.57506716,7.0,al,0.41465554,0.41465554
2,total,0.35496256,0.42019266,0.18373282,0.4517472,0.574044,0.67953223,0.6223492,1145375.0,0.70726275,8.0,rand,0.06523009,0.06523009
2,total,0.35496256,0.32872334,0.0717451,0.4373223,0.6328113,0.5860314,0.60852313,1288604.0,0.7323535,8.0,al,-0.026239235,0.026239235
2,total,0.35496256,0.526345,0.48364395,0.52493304,0.5763821,0.85466826,0.68846655,1037276.0,0.7254439,9.0,rand,0.17138243,0.17138243
2,total,0.35496256,0.5106626,0.43913049,0.5252043,0.583709,0.8397443,0.6886998,1062798.0,0.7305314,9.0,al,0.15570006,0.15570006
2,total,0.35496256,0.4109739,0.15936391,0.55902314,0.66827655,0.7737254,0.7171449,1250201.0,0.78335166,10.0,al,0.056011334,0.056011334
2,total,0.35496256,0.59019387,0.6639878,0.4864421,0.5240738,0.87137246,0.6545048,894933.0,0.67345375,10.0,rand,0.23523131,0.23523131
2,total,0.35496256,0.5438129,0.5336625,0.53465223,0.5757891,0.8821238,0.69677263,1018298.0,0.7274675,11.0,al,0.18885028,0.18885028
2,total,0.35496256,0.20621154,0.41503873,0.3702992,0.73539954,0.42722008,0.5404643,1451149.0,0.74212116,11.0,rand,-0.14875104,0.14875104
2,total,0.35496256,0.6371397,0.7947484,0.4913441,0.5130148,0.92083395,0.6589274,822707.0,0.6616219,12.0,al,0.28217712,0.28217712
2,total,0.35496256,0.553585,0.5592336,0.49416378,0.54279566,0.84652025,0.6614582,963223.0,0.6924194,12.0,rand,0.19862242,0.19862242
2,total,0.35496256,0.33608255,0.05408842,0.54166174,0.7224373,0.68400973,0.70269805,1355990.0,0.7945516,13.0,al,-0.018880023,0.018880023
2,total,0.35496256,0.06779193,0.8070708,0.14572574,0.793179,0.15148173,0.25438127,1550787.0,0.6847872,13.0,rand,-0.28717062,0.28717062
