,images,gt_confluence,pred_confluence,relative_delta_confluence,iou,precision,recall,f1,true_negative,accuracy,step,method,dAbsConf,dAbsAbsConf
2,total,0.26927653,0.49201027,0.83053696,0.34129968,0.3937173,0.7193816,0.50890845,1062732.0,0.62613934,0.0,rand,0.22273375,0.22273375
2,total,0.26927653,0.30105853,0.14822546,0.28316668,0.41806024,0.46740127,0.44135553,1365261.0,0.6813863,0.0,al,0.031782005,0.031782005
2,total,0.26927653,0.2811037,0.11910486,0.28002074,0.42832184,0.447133,0.43752483,1400889.0,0.69042563,1.0,rand,0.011827172,0.011827172
2,total,0.26927653,0.1280027,0.5187669,0.14508903,0.39325505,0.18693542,0.2534105,1604958.0,0.7033964,1.0,al,-0.14127383,0.14127383
2,total,0.26927653,0.30088764,0.12146926,0.32211998,0.4616821,0.51587856,0.48727748,1397762.0,0.7076648,2.0,rand,0.031611107,0.031611107
2,total,0.26927653,0.43666196,0.6241352,0.34202483,0.41202062,0.66813594,0.5097141,1164843.0,0.6538892,2.0,al,0.16738544,0.16738544
2,total,0.26927653,0.39276347,0.46267512,0.31726652,0.40597957,0.59215534,0.48170388,1222446.0,0.6568681,3.0,al,0.12348692,0.12348692
2,total,0.26927653,0.3908197,0.45705166,0.31238002,0.4020267,0.5834877,0.47605067,1221487.0,0.65414387,3.0,rand,0.121543154,0.121543154
2,total,0.26927653,0.5610585,1.0890259,0.3380349,0.37388632,0.7790197,0.50527024,932506.0,0.5892094,4.0,rand,0.291782,0.291782
2,total,0.26927653,0.43227395,0.6086693,0.3429472,0.4144466,0.6653163,0.5107377,1173761.0,0.6567586,4.0,al,0.16299742,0.16299742
2,total,0.26927653,0.72989845,1.7125046,0.29964703,0.3156195,0.8555141,0.46112025,568187.0,0.46156576,5.0,al,0.46062192,0.46062192
2,total,0.26927653,0.46166685,0.71747166,0.33487302,0.39718753,0.6809651,0.50172967,1111881.0,0.63579345,5.0,rand,0.19239032,0.19239032
2,total,0.26927653,0.5515297,1.0510565,0.3369842,0.37510708,0.76828945,0.50409555,948823.0,0.5929594,6.0,al,0.2822532,0.2822532
2,total,0.26927653,0.2018235,0.25233474,0.18705042,0.36781728,0.2756787,0.3151511,1482264.0,0.6773686,6.0,rand,-0.06745302,0.06745302
2,total,0.26927653,0.4753896,0.76822764,0.32806462,0.38694787,0.683129,0.49404874,1079588.0,0.62323606,7.0,al,0.20611306,0.20611306
2,total,0.26927653,0.456712,0.69781506,0.33612537,0.39989114,0.67824215,0.503134,1122256.0,0.6392818,7.0,rand,0.1874355,0.1874355
2,total,0.26927653,0.4384092,0.63850445,0.3028258,0.37520418,0.6108687,0.4648749,1122651.0,0.62130046,8.0,rand,0.16913268,0.16913268
2,total,0.26927653,0.3056073,0.13855277,0.3310672,0.46787864,0.53100306,0.49744576,1396172.0,0.7110905,8.0,al,0.036330752,0.036330752
2,total,0.26927653,0.2455487,0.088393204,0.30303836,0.4875998,0.44463214,0.46512526,1486614.0,0.7246338,9.0,rand,-0.023727842,0.023727842
2,total,0.26927653,0.42386696,0.57676446,0.3518614,0.42563117,0.6699825,0.5205579,1197510.0,0.66767865,9.0,al,0.15459044,0.15459044
2,total,0.26927653,0.36395037,0.35498703,0.33371386,0.4353407,0.58839875,0.5004275,1290771.0,0.68365806,10.0,al,0.09467385,0.09467385
2,total,0.26927653,0.5451422,1.0298036,0.3367687,0.37636882,0.7619459,0.5038544,960323.0,0.5959306,10.0,rand,0.27586567,0.27586567
2,total,0.26927653,0.4218455,0.5675016,0.3285414,0.40515083,0.6347031,0.49458915,1179131.0,0.6507003,11.0,rand,0.15256895,0.15256895
2,total,0.26927653,0.31160215,0.15499379,0.3047621,0.4354269,0.50386685,0.467153,1363481.0,0.69048136,11.0,al,0.042325627,0.042325627
2,total,0.26927653,0.35087177,0.3052609,0.30436987,0.41242838,0.5373995,0.46669206,1289163.0,0.6692708,12.0,al,0.081595235,0.081595235
2,total,0.26927653,0.29360208,0.08995529,0.3222923,0.46728173,0.5094927,0.48747462,1411441.0,0.71151125,12.0,rand,0.024325544,0.024325544
2,total,0.26927653,0.33008808,0.226885,0.3074958,0.4270323,0.52346873,0.47035787,1331022.0,0.6825521,13.0,rand,0.060811546,0.060811546
2,total,0.26927653,0.23814838,0.116381496,0.29344878,0.48340172,0.42751905,0.45374575,1493476.0,0.7228178,13.0,al,-0.03112815,0.03112815
