,images,gt_confluence,pred_confluence,relative_delta_confluence,iou,precision,recall,f1,true_negative,accuracy,step,method,dAbsConf,dAbsAbsConf
2,total,0.26927653,0.56080586,1.0838379,0.32033968,0.35911536,0.7479064,0.48523787,912537.0,0.57270586,0.0,rand,0.29152933,0.29152933
2,total,0.26927653,0.69925964,1.5986413,0.3013486,0.32073998,0.83289915,0.46313238,628519.0,0.48002523,0.0,al,0.4299831,0.4299831
2,total,0.26927653,0.5429897,1.0196968,0.33745447,0.37743592,0.76108915,0.5046215,965046.0,0.5976217,1.0,rand,0.27371317,0.27371317
2,total,0.26927653,0.78193784,1.9085402,0.29505736,0.30629268,0.889426,0.45566648,462737.0,0.42778972,1.0,al,0.51266134,0.51266134
2,total,0.26927653,0.5510911,1.048844,0.33993754,0.3776591,0.7729013,0.50739264,952953.0,0.59588176,2.0,rand,0.28181455,0.28181455
2,total,0.26927653,0.43864846,0.6390833,0.31546658,0.38702992,0.630466,0.47962642,1135032.0,0.6316154,2.0,al,0.16937193,0.16937193
2,total,0.26927653,0.4406557,0.6424624,0.33336213,0.4027968,0.6591525,0.5000319,1149083.0,0.6450574,3.0,al,0.17137918,0.17137918
2,total,0.26927653,0.6611814,1.4572082,0.31771776,0.33930904,0.83313787,0.4822239,722258.0,0.518232,3.0,rand,0.3919049,0.3919049
2,total,0.26927653,0.42217875,0.57069093,0.33189693,0.40813208,0.6398786,0.49838182,1181737.0,0.6531543,4.0,rand,0.1529022,0.1529022
2,total,0.26927653,0.38697812,0.44129363,0.3484563,0.43822572,0.6297739,0.51682204,1261559.0,0.682913,4.0,al,0.117701605,0.117701605
2,total,0.26927653,0.32299456,0.20358746,0.31855223,0.44300562,0.5313793,0.48318437,1353690.0,0.69390583,5.0,al,0.05371804,0.05371804
2,total,0.26927653,0.57952815,1.1580688,0.3250284,0.35927713,0.77322316,0.49059793,883279.0,0.567618,5.0,rand,0.31025165,0.31025165
2,total,0.26927653,0.23072936,0.13981438,0.26793018,0.4579305,0.39237565,0.42262557,1488452.0,0.7113102,6.0,al,-0.038547177,0.038547177
2,total,0.26927653,0.47551572,0.76870626,0.33066604,0.3892164,0.68731624,0.49699283,1082049.0,0.625365,6.0,rand,0.2062392,0.2062392
2,total,0.26927653,0.51297015,0.90849465,0.33561048,0.38318422,0.72996217,0.502557,1018223.0,0.6108777,7.0,al,0.24369362,0.24369362
2,total,0.26927653,0.50978535,0.89715797,0.3448359,0.39185742,0.74184996,0.51282924,1033917.0,0.6204647,7.0,rand,0.24050881,0.24050881
2,total,0.26927653,0.5057359,0.8808277,0.32592818,0.37669262,0.70747566,0.49162224,1021121.0,0.6060018,8.0,rand,0.23645933,0.23645933
2,total,0.26927653,0.37411112,0.39084998,0.35211214,0.44785857,0.62221694,0.5208323,1288180.0,0.69171023,8.0,al,0.10483458,0.10483458
2,total,0.26927653,0.44561297,0.65406793,0.33152908,0.3994408,0.6610142,0.49796697,1138132.0,0.64110273,9.0,rand,0.17633645,0.17633645
2,total,0.26927653,0.47027972,0.7496799,0.3347916,0.39443585,0.6888636,0.5016383,1095941.0,0.6314343,9.0,al,0.2010032,0.2010032
2,total,0.26927653,0.43220192,0.60823786,0.3403757,0.41215447,0.66152644,0.50788057,1171430.0,0.6547896,10.0,al,0.16292539,0.16292539
2,total,0.26927653,0.47512186,0.76448524,0.3254374,0.38468832,0.6787574,0.4910637,1077353.0,0.6211495,10.0,rand,0.20584533,0.20584533
2,total,0.26927653,0.4770766,0.776202,0.33689135,0.3942306,0.698456,0.50399166,1085585.0,0.6298035,11.0,rand,0.20780008,0.20780008
2,total,0.26927653,0.40383035,0.5013728,0.34335732,0.4260301,0.63890994,0.5111924,1226189.0,0.67098105,11.0,al,0.13455382,0.13455382
2,total,0.26927653,0.19471861,0.27591828,0.25220942,0.47994515,0.34705505,0.4028226,1546960.0,0.7229134,12.0,al,-0.07455792,0.07455792
2,total,0.26927653,0.37531757,0.39179972,0.3264816,0.4227128,0.58917546,0.49225152,1263349.0,0.67270917,12.0,rand,0.10604104,0.10604104
2,total,0.26927653,0.3127256,0.16376708,0.31896815,0.45006454,0.52268296,0.48366266,1373172.0,0.6994914,13.0,rand,0.043449078,0.043449078
2,total,0.26927653,0.23770039,0.11806721,0.29331288,0.48371193,0.42698866,0.4535833,1494226.0,0.72298014,13.0,al,-0.03157615,0.03157615
