,images,gt_confluence,pred_confluence,relative_delta_confluence,iou,precision,recall,f1,true_negative,accuracy,step,method,dAbsConf,dAbsAbsConf
3,total,0.15109126,0.060667403,0.47691023,0.1751593,0.52026826,0.20889895,0.29810268,644721.0,0.85136795,0.0,al,-0.09042385,0.09042385
3,total,0.15109126,0.033764884,0.8384525,0.111683786,0.550032,0.12291391,0.20092696,655661.0,0.8522873,0.0,rand,-0.11732637,0.11732637
3,total,0.15109126,0.19190952,0.85614485,0.29797903,0.4103152,0.52116174,0.45914257,578612.0,0.8144862,1.0,al,0.04081826,0.04081826
3,total,0.15109126,0.0554934,0.6892,0.1862063,0.58438164,0.21463016,0.31395224,649471.0,0.8582738,1.0,rand,-0.095597856,0.095597856
3,total,0.15109126,0.08870034,0.4046398,0.2933733,0.6132089,0.35998923,0.45365557,640628.0,0.86899185,2.0,al,-0.062390916,0.062390916
3,total,0.15109126,0.04817427,0.73728293,0.16939287,0.5991817,0.19104046,0.28971043,652424.0,0.85846454,2.0,rand,-0.102916986,0.102916986
3,total,0.15109126,0.16006315,0.47817245,0.37632528,0.53153056,0.5630896,0.5468546,608639.0,0.8590024,3.0,al,0.008971896,0.008971896
3,total,0.15109126,0.03357161,0.8254186,0.13708541,0.6631567,0.14734522,0.24111687,658716.0,0.8598633,3.0,rand,-0.11751965,0.11751965
3,total,0.15109126,0.33708674,1.3748636,0.22588184,0.2668515,0.5953477,0.36852098,473255.0,0.6917267,4.0,al,0.18599546,0.18599546
3,total,0.15109126,0.10824049,0.78746533,0.21180756,0.4187705,0.30000085,0.34957245,618133.0,0.8313243,4.0,rand,-0.042850766,0.042850766
3,total,0.15109126,0.15065865,0.7993876,0.23399045,0.37978765,0.37869772,0.3792414,594125.0,0.8126869,5.0,rand,-0.00043260393,0.00043260393
3,total,0.15109126,0.048789706,0.75099856,0.19568558,0.6704892,0.2165069,0.3273191,654966.0,0.8655446,5.0,al,-0.10230155,0.10230155
3,total,0.15109126,0.06715366,0.59551215,0.23056297,0.6089262,0.27063784,0.3747272,646956.0,0.8635381,6.0,rand,-0.0839376,0.0839376
3,total,0.15109126,0.08700407,0.42192033,0.2638965,0.57139516,0.3290272,0.41759145,638283.0,0.86133194,6.0,al,-0.06408718,0.06408718
3,total,0.15109126,0.16414616,0.48406354,0.33651048,0.48354235,0.52531916,0.5035653,600940.0,0.84350586,7.0,al,0.013054894,0.013054894
3,total,0.15109126,0.114960715,0.2540633,0.3194284,0.5602823,0.42629793,0.48419163,627855.0,0.8627688,7.0,rand,-0.03613054,0.03613054
3,total,0.15109126,0.41725895,1.5071292,0.24624774,0.26914015,0.7432652,0.39518225,427781.0,0.65625256,8.0,rand,0.2661677,0.2661677
3,total,0.15109126,0.3280688,1.0694224,0.238386,0.28115177,0.610471,0.38499424,482144.0,0.70531464,8.0,al,0.17697752,0.17697752
3,total,0.15109126,0.23733112,0.50562114,0.33798358,0.41342342,0.64939445,0.50521284,558128.0,0.8078143,9.0,rand,0.08623986,0.08623986
3,total,0.15109126,0.23629352,0.5001671,0.3383664,0.41448006,0.64820784,0.5056404,558803.0,0.8084933,9.0,al,0.08520226,0.08520226
