,images,gt_confluence,pred_confluence,relative_delta_confluence,iou,precision,recall,f1,true_negative,accuracy,step,method,dAbsConf,dAbsAbsConf
3,total,0.15109126,0.047602065,0.77497756,0.13051027,0.48187524,0.15181404,0.23088701,648213.0,0.8471832,0.0,al,-0.10348919,0.10348919
3,total,0.15109126,0.03546624,0.8286633,0.15271416,0.6968915,0.16357945,0.2649642,659155.0,0.8628743,0.0,rand,-0.11562502,0.11562502
3,total,0.15109126,0.070040114,0.6570885,0.1578625,0.43045697,0.1995405,0.27267873,636238.0,0.8391673,1.0,al,-0.08105114,0.08105114
3,total,0.15109126,0.14995801,0.21682462,0.3784001,0.55111885,0.54698163,0.549042,614672.0,0.86424,1.0,rand,-0.0011332367,0.0011332367
3,total,0.15109126,0.058663413,0.7204905,0.18922211,0.5689296,0.22089158,0.31822798,647722.0,0.8569959,2.0,al,-0.09242784,0.09242784
3,total,0.15109126,0.13162968,0.25814083,0.37352046,0.5840973,0.5088577,0.54388726,624556.0,0.871048,2.0,rand,-0.019461585,0.019461585
3,total,0.15109126,0.04850615,0.7511763,0.109650925,0.40662193,0.1305387,0.19763102,644974.0,0.8398501,3.0,al,-0.10258511,0.10258511
3,total,0.15109126,0.07563246,0.6659707,0.2496811,0.59893405,0.29980728,0.39959127,643754.0,0.8638738,3.0,rand,-0.075458795,0.075458795
3,total,0.15109126,0.040692374,0.8060181,0.16888833,0.6809787,0.18339884,0.28897223,657400.0,0.86363727,4.0,al,-0.11039888,0.11039888
3,total,0.15109126,0.06073098,0.69742125,0.20285219,0.5882119,0.23642729,0.33728492,647942.0,0.85962296,4.0,rand,-0.09036028,0.09036028
3,total,0.15109126,0.06526793,0.5445061,0.13231693,0.38737142,0.16733292,0.23370963,636164.0,0.8342069,5.0,rand,-0.08582333,0.08582333
3,total,0.15109126,0.08612034,0.64384466,0.2503854,0.5515673,0.31438357,0.4004927,637238.0,0.85779065,5.0,al,-0.064970925,0.064970925
3,total,0.15109126,0.07705662,0.48834658,0.22207086,0.53802866,0.27439132,0.36343324,639614.0,0.8547694,6.0,rand,-0.074034646,0.074034646
3,total,0.15109126,0.07722446,0.5104615,0.27763703,0.64247257,0.32837078,0.43460974,645896.0,0.8709132,6.0,al,-0.0738668,0.0738668
3,total,0.15109126,0.073993415,0.5471011,0.219711,0.54796356,0.26834872,0.3602669,641305.0,0.8560066,7.0,al,-0.07709785,0.07709785
3,total,0.15109126,0.06467156,0.5828372,0.20075294,0.5577971,0.23875007,0.334378,645119.0,0.8563843,7.0,rand,-0.086419694,0.086419694
3,total,0.15109126,0.16258721,0.20805244,0.3448289,0.49469355,0.5323296,0.5128215,602999.0,0.8471832,8.0,rand,0.011495954,0.011495954
3,total,0.15109126,0.15582757,0.6999787,0.32228553,0.4800607,0.49510616,0.48746687,603892.0,0.8426946,8.0,al,0.004736311,0.004736311
3,total,0.15109126,0.19425428,0.40936995,0.31552434,0.426401,0.5482104,0.47969317,579982.0,0.82031506,9.0,rand,0.043163028,0.043163028
3,total,0.15109126,0.18228757,0.2395711,0.37037617,0.49429393,0.5963492,0.54054624,595113.0,0.84682846,9.0,al,0.031196322,0.031196322
