,images,gt_confluence,pred_confluence,relative_delta_confluence,iou,precision,recall,f1,true_negative,accuracy,step,method,dAbsConf,dAbsAbsConf
2,total,0.35496256,0.66523904,0.8763911,0.49608204,0.50851834,0.953018,0.66317445,781726.0,0.6563709,0.0,al,0.31027648,0.31027648
2,total,0.35496256,0.96213114,1.713188,0.3607398,0.36291215,0.9836775,0.5302109,78830.0,0.38124472,0.0,rand,0.60716856,0.60716856
2,total,0.35496256,0.6814935,0.9225302,0.4735092,0.48872545,0.9383038,0.6426955,728943.0,0.6296704,1.0,al,0.32653093,0.32653093
2,total,0.35496256,0.90241516,1.5444365,0.3817271,0.3849375,0.9786188,0.5525358,221175.0,0.43736938,1.0,rand,0.54745257,0.54745257
2,total,0.35496256,0.16979267,0.5224498,0.34257507,0.78859997,0.3772164,0.51032495,1497031.0,0.74304116,2.0,al,-0.1851699,0.1851699
2,total,0.35496256,0.9675466,1.7283068,0.36097154,0.36253574,0.9881883,0.53046113,69456.0,0.37903157,2.0,rand,0.612584,0.612584
2,total,0.35496256,0.64369607,0.81352097,0.49136978,0.5111632,0.9269518,0.6589505,811931.0,0.65940875,3.0,rand,0.2887335,0.2887335
2,total,0.35496256,0.973882,1.746292,0.36029205,0.36140195,0.9915482,0.5297271,56817.0,0.3750814,3.0,al,0.61891943,0.61891943
2,total,0.35496256,0.75915587,1.1406667,0.42477465,0.4375352,0.93575215,0.59626883,535854.0,0.5501965,4.0,al,0.4041933,0.4041933
2,total,0.35496256,0.5164854,0.45238727,0.3702694,0.4559273,0.663392,0.5404325,894646.0,0.59951174,4.0,rand,0.1615228,0.1615228
2,total,0.35496256,0.78645813,1.2180976,0.4359369,0.4406143,0.9762276,0.6071807,504065.0,0.5516288,5.0,al,0.43149555,0.43149555
2,total,0.35496256,0.46146747,0.2976166,0.4168016,0.5204735,0.67663777,0.58836925,1041413.0,0.6639331,5.0,rand,0.10650491,0.10650491
2,total,0.35496256,0.4514056,0.26726055,0.35286495,0.46593028,0.59252185,0.5216554,992762.0,0.614279,6.0,rand,0.09644306,0.09644306
2,total,0.35496256,0.85317075,1.4078288,0.404063,0.40751305,0.9794774,0.57556206,342947.0,0.4872233,6.0,al,0.4982082,0.4982082
2,total,0.35496256,0.8627842,1.4331985,0.40511832,0.40693396,0.98910654,0.5766319,327721.0,0.4844458,7.0,rand,0.5078216,0.5078216
2,total,0.35496256,0.6267523,0.7640765,0.4413664,0.47963908,0.8468905,0.6124273,783730.0,0.619515,7.0,al,0.27178973,0.27178973
2,total,0.35496256,0.16601093,0.531056,0.3350413,0.78756136,0.368329,0.5019186,1498572.0,0.7405135,8.0,rand,-0.18895164,0.18895164
2,total,0.35496256,0.3688922,0.039002616,0.5495452,0.69590783,0.72321504,0.70929825,1309558.0,0.7895748,8.0,al,0.01392963,0.01392963
2,total,0.35496256,0.28723732,0.1867107,0.46765795,0.712416,0.57648826,0.63728416,1382235.0,0.76706463,9.0,rand,-0.067725234,0.067725234
2,total,0.35496256,0.44822448,0.2632602,0.5827366,0.65975887,0.83310026,0.7363654,1210450.0,0.7882528,9.0,al,0.093261905,0.093261905
2,total,0.35496256,0.5278729,0.48746705,0.5806443,0.6143654,0.913635,0.7346927,1084961.0,0.765778,10.0,al,0.17291035,0.17291035
2,total,0.35496256,0.17350034,0.5078954,0.35238492,0.793657,0.38792536,0.5211307,1497261.0,0.746936,10.0,rand,-0.18146221,0.18146221
2,total,0.35496256,0.49773577,0.4050004,0.52163893,0.5872937,0.82351357,0.6856273,1080408.0,0.7319356,11.0,al,0.14277321,0.14277321
2,total,0.35496256,0.51233417,0.44588506,0.5382094,0.59231204,0.85491014,0.6997864,1071920.0,0.73962647,11.0,rand,0.15737161,0.15737161
2,total,0.35496256,0.12954365,0.6331247,0.27697042,0.8112192,0.2960523,0.43379262,1525143.0,0.72566974,12.0,al,-0.22541893,0.22541893
2,total,0.35496256,0.03910256,0.88881373,0.0945867,0.87086874,0.09593216,0.17282614,1572835.0,0.67404056,12.0,rand,-0.31586,0.31586
2,total,0.35496256,0.398067,0.122289225,0.5653475,0.68322074,0.7661849,0.7223279,1275343.0,0.79090536,13.0,al,0.043104433,0.043104433
2,total,0.35496256,0.41515318,0.17117433,0.58513385,0.6847585,0.8008703,0.7382764,1263610.0,0.7984432,13.0,rand,0.060190614,0.060190614
