,images,gt_confluence,pred_confluence,relative_delta_confluence,iou,precision,recall,f1,true_negative,accuracy,step,method,dAbsConf,dAbsAbsConf
2,total,0.26927653,0.04095315,0.8487488,0.07903642,0.55487657,0.08438682,0.14649421,1751027.0,0.7352181,0.0,rand,-0.22832339,0.22832339
2,total,0.26927653,0.40043435,0.49109623,0.32233316,0.40768108,0.60625076,0.48752138,1212922.0,0.65678835,0.0,al,0.13115782,0.13115782
2,total,0.26927653,0.53474915,0.9907523,0.32917377,0.37236047,0.7394594,0.49530542,970984.0,0.5942135,1.0,rand,0.2654726,0.2654726
2,total,0.26927653,0.116876,0.5672711,0.17340867,0.48826733,0.21192431,0.29556358,1648840.0,0.727981,1.0,al,-0.15240052,0.15240052
2,total,0.26927653,0.0058050365,0.97823614,0.0110748345,0.5191391,0.011189621,0.021907011,1788967.0,0.73094565,2.0,rand,-0.26347148,0.26347148
2,total,0.26927653,0.49590757,0.84535384,0.32682472,0.38007286,0.69995195,0.49264145,1040296.0,0.61177814,2.0,al,0.22663105,0.22663105
2,total,0.26927653,0.11188536,0.58209693,0.1474663,0.43781617,0.18191256,0.257029,1641244.0,0.7168087,3.0,al,-0.15739118,0.15739118
2,total,0.26927653,0.51350075,0.9093637,0.3350871,0.3826005,0.72960407,0.50196993,1016682.0,0.6101542,3.0,rand,0.24422422,0.24422422
2,total,0.26927653,0.23469542,0.12669569,0.28405434,0.47502968,0.41402352,0.442433,1493031.0,0.71900266,4.0,rand,-0.034581114,0.034581114
2,total,0.26927653,3.848307e-06,0.9999854,0.0,0.0,0.0,0.0,1795819.0,0.73072064,4.0,al,-0.26927269,0.26927269
2,total,0.26927653,0.47165626,0.75604546,0.3260679,0.3862743,0.6765845,0.49178115,1084432.0,0.6234448,5.0,al,0.20237975,0.20237975
2,total,0.26927653,0.4084609,0.5191715,0.33498952,0.41635594,0.6315615,0.5018604,1209946.0,0.662393,5.0,rand,0.13918436,0.13918436
2,total,0.26927653,0.6980011,1.5954033,0.31628346,0.33298317,0.86313605,0.48057005,651622.0,0.49756795,6.0,al,0.42872456,0.42872456
2,total,0.26927653,0.53048605,0.9721478,0.3251659,0.3699322,0.7287805,0.49075454,974394.0,0.5927254,6.0,rand,0.2612095,0.2612095
2,total,0.26927653,0.48711687,0.8091527,0.3105516,0.36795485,0.665623,0.47392458,1039182.0,0.6020809,7.0,al,0.21784036,0.21784036
2,total,0.26927653,0.42181376,0.56680137,0.3099804,0.38768935,0.6073025,0.4732591,1161076.0,0.63597536,7.0,rand,0.15253721,0.15253721
2,total,0.26927653,0.34785256,0.2930831,0.3310264,0.44122216,0.569971,0.49739972,1318138.0,0.68983155,8.0,rand,0.078576036,0.078576036
2,total,0.26927653,0.3740338,0.39055628,0.35213816,0.44792178,0.6221762,0.52086073,1288343.0,0.69176555,8.0,al,0.104757264,0.104757264
2,total,0.26927653,0.38146177,0.41997275,0.29989418,0.39356443,0.5575287,0.46141273,1227306.0,0.64952147,9.0,rand,0.11218525,0.11218525
2,total,0.26927653,0.4696592,0.74736875,0.3348382,0.39466676,0.68835735,0.5016906,1097131.0,0.63178223,9.0,al,0.20038268,0.20038268
2,total,0.26927653,0.4322939,0.60859185,0.34037527,0.41212046,0.6616126,0.5078801,1171261.0,0.6547441,10.0,al,0.16301736,0.16301736
2,total,0.26927653,0.38121518,0.4154066,0.3134468,0.40721464,0.5764929,0.47728842,1240462.0,0.6599813,10.0,rand,0.11193866,0.11193866
2,total,0.26927653,0.45642474,0.69576913,0.32048666,0.38589132,0.6540858,0.48540643,1106976.0,0.6265597,11.0,rand,0.18714821,0.18714821
2,total,0.26927653,0.40372008,0.5009823,0.34345365,0.4261656,0.63893867,0.51129913,1226479.0,0.67110676,11.0,al,0.13444355,0.13444355
2,total,0.26927653,0.19517556,0.27421784,0.2527713,0.48014536,0.3480146,0.4035389,1546472.0,0.7229732,12.0,al,-0.07410097,0.07410097
2,total,0.26927653,0.40668598,0.5151984,0.31588608,0.39900288,0.60260904,0.4801111,1195148.0,0.6485754,12.0,rand,0.13740945,0.13740945
2,total,0.26927653,0.25870422,0.03879492,0.29128477,0.46037444,0.44229752,0.45115447,1452738.0,0.71022093,13.0,rand,-0.010572324,0.010572324
2,total,0.26927653,0.23893085,0.11341899,0.29366276,0.48283362,0.42841968,0.45400152,1492149.0,0.72252035,13.0,al,-0.03034568,0.03034568
