,images,gt_confluence,pred_confluence,relative_delta_confluence,iou,precision,recall,f1,true_negative,accuracy,step,method,dAbsConf,dAbsAbsConf
2,total,0.35496256,0.22952737,0.35187623,0.42632025,0.76113665,0.49216717,0.5977899,1450505.0,0.7649129,0.0,al,-0.1254352,0.1254352
2,total,0.35496256,0.8842067,1.4947712,0.38419127,0.38898098,0.968945,0.5551126,257485.0,0.4487101,0.0,rand,0.5292442,0.5292442
2,total,0.35496256,0.8563816,1.4114163,0.30567867,0.3311534,0.79893875,0.46822914,177562.0,0.3558435,1.0,al,0.50141907,0.50141907
2,total,0.35496256,0.5835439,0.64408004,0.5067184,0.5408771,0.8891783,0.6726115,926809.0,0.69274455,1.0,rand,0.22858132,0.22858132
2,total,0.35496256,0.28650367,0.19594364,0.38767096,0.6254912,0.5048558,0.55873567,1321549.0,0.7169446,2.0,al,-0.06845888,0.06845888
2,total,0.35496256,1e-06,0.9999972,0.0,0.0,0.0,0.0,1585244.0,0.6450374,2.0,rand,-0.35496157,0.35496157
2,total,0.35496256,0.7259706,1.0443327,0.3934278,0.4203979,0.8597981,0.5646902,551151.0,0.52946,3.0,rand,0.37100807,0.37100807
2,total,0.35496256,0.7834873,1.2111273,0.42768604,0.43528578,0.96077865,0.59913135,497889.0,0.543632,3.0,al,0.42852476,0.42852476
2,total,0.35496256,0.78337216,1.2092017,0.4380364,0.44263154,0.9768489,0.6092142,512191.0,0.5551558,4.0,al,0.4284096,0.4284096
2,total,0.35496256,0.6072414,0.7116853,0.5302783,0.54908484,0.9393287,0.6930477,912319.0,0.70465004,4.0,rand,0.25227883,0.25227883
2,total,0.35496256,0.598338,0.6862259,0.5140139,0.54091436,0.9117837,0.6790077,910171.0,0.69399863,5.0,al,0.24337544,0.24337544
2,total,0.35496256,0.412925,0.1615044,0.49225745,0.6134448,0.71361345,0.6597482,1192967.0,0.7387256,5.0,rand,0.057962425,0.057962425
2,total,0.35496256,0.09965025,0.72044104,0.21666794,0.8124362,0.2280766,0.35616577,1539310.0,0.7073055,6.0,rand,-0.25531232,0.25531232
2,total,0.35496256,0.57692033,0.630849,0.5150527,0.54912305,0.8924877,0.6799134,945974.0,0.70171756,6.0,al,0.22195779,0.22195779
2,total,0.35496256,0.96999574,1.7353576,0.36002257,0.36158976,0.98810464,0.52943575,63364.0,0.37652302,7.0,rand,0.61503315,0.61503315
2,total,0.35496256,0.75331724,1.1237764,0.435034,0.44599777,0.94651496,0.60630435,559592.0,0.56367594,7.0,al,0.39835468,0.39835468
2,total,0.35496256,0.8760142,1.4705857,0.39920616,0.4009169,0.98942405,0.5706177,295484.0,0.47144124,8.0,rand,0.52105165,0.52105165
2,total,0.35496256,0.49684018,0.40112427,0.5857234,0.6332684,0.8863824,0.7387455,1137453.0,0.7774634,8.0,al,0.14187762,0.14187762
2,total,0.35496256,0.33272845,0.06399571,0.39837217,0.58880335,0.5519203,0.5697651,1249004.0,0.7041321,9.0,rand,-0.022234108,0.022234108
2,total,0.35496256,0.5769228,0.62668633,0.5303446,0.55977565,0.9098052,0.6931044,961075.0,0.7140092,9.0,al,0.22196023,0.22196023
2,total,0.35496256,0.5189939,0.46319073,0.5367625,0.5881705,0.8599677,0.6985622,1059965.0,0.7365572,10.0,al,0.16403136,0.16403136
2,total,0.35496256,0.49898577,0.40801397,0.5702769,0.6215175,0.8736915,0.7263388,1121109.0,0.7663082,10.0,rand,0.14402321,0.14402321
2,total,0.35496256,0.51367694,0.44788662,0.60287935,0.63603264,0.9204201,0.75224495,1125768.0,0.7847909,11.0,al,0.15871438,0.15871438
2,total,0.35496256,0.440449,0.24359961,0.5298284,0.6254452,0.7760708,0.6926634,1179809.0,0.75554156,11.0,rand,0.085486434,0.085486434
2,total,0.35496256,0.1528896,0.5688042,0.3273949,0.81928146,0.35287887,0.49328896,1517341.0,0.7426664,12.0,al,-0.20207298,0.20207298
2,total,0.35496256,0.49073708,0.38475752,0.53577965,0.60120827,0.831171,0.69772935,1104288.0,0.7443705,12.0,rand,0.13577452,0.13577452
2,total,0.35496256,0.29538918,0.16875787,0.52435404,0.7573442,0.630237,0.6879684,1409089.0,0.7970703,13.0,al,-0.059573382,0.059573382
2,total,0.35496256,0.22025938,0.37774888,0.40444005,0.7520612,0.4666627,0.5759444,1451033.0,0.7560746,13.0,rand,-0.13470319,0.13470319
