,images,gt_confluence,pred_confluence,relative_delta_confluence,iou,precision,recall,f1,true_negative,accuracy,step,method,dAbsConf,dAbsAbsConf
2,total,0.35496256,0.6748,0.9031756,0.49617463,0.5060746,0.9620694,0.6632572,766125.0,0.6532357,0.0,al,0.31983742,0.31983742
2,total,0.35496256,1e-06,0.9999972,0.0,0.0,0.0,0.0,1585244.0,0.6450374,0.0,rand,-0.35496157,0.35496157
2,total,0.35496256,0.081356384,0.7693749,0.1736143,0.793372,0.18183632,0.29586232,1543931.0,0.6927722,1.0,al,-0.27360618,0.27360618
2,total,0.35496256,0.6886619,0.94176126,0.49975675,0.5049824,0.97971356,0.66644996,747450.0,0.6518998,1.0,rand,0.33369932,0.33369932
2,total,0.35496256,0.58125347,0.6390241,0.5132499,0.54629725,0.8945637,0.67834073,937136.0,0.69885826,2.0,al,0.22629088,0.22629088
2,total,0.35496256,0.8367543,1.360433,0.41539508,0.41798332,0.98531216,0.5869666,388382.0,0.507782,2.0,rand,0.48179176,0.48179176
2,total,0.35496256,0.65201885,0.8381763,0.49764228,0.51318115,0.9426438,0.6645672,805166.0,0.66222614,3.0,rand,0.29705626,0.29705626
2,total,0.35496256,0.35022315,0.058991008,0.53233796,0.6995072,0.69016546,0.69480443,1326608.0,0.7847811,3.0,al,-0.004739397,0.004739397
2,total,0.35496256,0.91907287,1.5916256,0.37186763,0.37575766,0.97291476,0.542133,175261.0,0.4166622,4.0,al,0.5641103,0.5641103
2,total,0.35496256,0.86292255,1.4338528,0.40652013,0.407916,0.9916525,0.5780505,329602.0,0.48611492,4.0,rand,0.50795996,0.50795996
2,total,0.35496256,0.9621405,1.7140043,0.36283028,0.36445436,0.98786736,0.53246546,82462.0,0.3842098,5.0,al,0.6071779,0.6071779
2,total,0.35496256,0.6246165,0.76181513,0.5024514,0.52446914,0.9228904,0.6688417,855278.0,0.67560506,5.0,rand,0.26965392,0.26965392
2,total,0.35496256,0.83481586,1.3545532,0.41018614,0.41455305,0.97496206,0.5817471,384117.0,0.5023726,6.0,rand,0.4798533,0.4798533
2,total,0.35496256,0.9273138,1.6139618,0.36927292,0.37291726,0.9742181,0.5393704,156145.0,0.40934652,6.0,al,0.5723513,0.5723513
2,total,0.35496256,0.59539163,0.6801332,0.49926114,0.53153706,0.8915649,0.6660091,899774.0,0.68259114,7.0,rand,0.24042906,0.24042906
2,total,0.35496256,0.8027272,1.2633808,0.43214116,0.43517524,0.98412234,0.60348916,470969.0,0.54096437,7.0,al,0.44776466,0.44776466
2,total,0.35496256,0.7720412,1.1776519,0.44804728,0.45167512,0.9823891,0.6188292,544871.0,0.5704199,8.0,rand,0.41707864,0.41707864
2,total,0.35496256,0.13418801,0.6213747,0.27840492,0.7938522,0.3001011,0.43555003,1517261.0,0.7238997,8.0,al,-0.22077455,0.22077455
2,total,0.35496256,0.30126524,0.15016869,0.37649983,0.5957925,0.50566167,0.5470389,1285974.0,0.70275515,9.0,rand,-0.053697325,0.053697325
2,total,0.35496256,0.1646295,0.53546333,0.34557962,0.81057906,0.3759394,0.51365125,1508606.0,0.74729776,9.0,al,-0.19033307,0.19033307
2,total,0.35496256,0.43691385,0.2311396,0.57023996,0.6581936,0.8101509,0.7263088,1218227.0,0.7832711,10.0,al,0.081951275,0.081951275
2,total,0.35496256,0.45457253,0.28343296,0.54500884,0.62821096,0.8044984,0.70550853,1169898.0,0.76159954,10.0,rand,0.09960997,0.09960997
2,total,0.35496256,0.61779517,0.7422559,0.5080178,0.53043586,0.9231965,0.6737552,872309.0,0.68264365,11.0,al,0.2628326,0.2628326
2,total,0.35496256,0.56868714,0.60439473,0.5157787,0.5526648,0.8854252,0.68054575,960047.0,0.7049369,11.0,rand,0.21372455,0.21372455
2,total,0.35496256,0.12727232,0.639667,0.2728788,0.8122878,0.29124463,0.4287581,1526531.0,0.724528,12.0,al,-0.22769025,0.22769025
2,total,0.35496256,0.059930198,0.82977206,0.14397813,0.8713149,0.14710623,0.2517146,1566291.0,0.68954265,12.0,rand,-0.29503235,0.29503235
2,total,0.35496256,0.37720722,0.06446595,0.5992509,0.7273182,0.77289546,0.749414,1332462.0,0.81652915,13.0,al,0.022244653,0.022244653
2,total,0.35496256,0.33544737,0.055879485,0.54158956,0.7230775,0.68332195,0.7026373,1356951.0,0.7946985,13.0,rand,-0.019515194,0.019515194
