,images,gt_confluence,pred_confluence,relative_delta_confluence,iou,precision,recall,f1,true_negative,accuracy,step,method,dAbsConf,dAbsAbsConf
2,total,0.35496256,0.96880835,1.7319938,0.3600228,0.36170867,0.9872197,0.52943605,65510.0,0.3770821,0.0,al,0.6138458,0.6138458
2,total,0.35496256,0.5644618,0.5886711,0.51384556,0.55288243,0.87919265,0.67886084,964994.0,0.70473754,0.0,rand,0.20949928,0.20949928
2,total,0.35496256,0.7955174,1.242605,0.4338127,0.43756178,0.98063177,0.60511726,485643.0,0.5456962,1.0,al,0.4405548,0.4405548
2,total,0.35496256,0.94350034,1.6606225,0.36613905,0.36884063,0.98038757,0.5360198,121747.0,0.39753988,1.0,rand,0.5885378,0.5885378
2,total,0.35496256,0.7228249,1.0373164,0.4561223,0.46707183,0.95111626,0.62648857,638544.0,0.5974349,2.0,al,0.3678623,0.3678623
2,total,0.35496256,0.95944923,1.7056015,0.36230433,0.36434177,0.9847998,0.53189886,86400.0,0.3847233,2.0,rand,0.6044867,0.6044867
2,total,0.35496256,0.982453,1.7701944,0.35965276,0.36008918,0.9966413,0.5290358,40196.0,0.37012613,3.0,rand,0.6274904,0.6274904
2,total,0.35496256,0.69922465,0.97248405,0.47802418,0.48760659,0.9605127,0.6468417,704741.0,0.6277059,3.0,al,0.34426206,0.34426206
2,total,0.35496256,0.6344553,0.78842753,0.48963696,0.51259303,0.9162005,0.65739053,825262.0,0.6610168,4.0,al,0.2794928,0.2794928
2,total,0.35496256,0.23862039,0.32892367,0.36073515,0.6594621,0.44331557,0.5302058,1385542.0,0.7211389,4.0,rand,-0.11634218,0.11634218
2,total,0.35496256,0.7543308,1.128233,0.45297673,0.45846057,0.97427315,0.623515,581316.0,0.58236855,5.0,al,0.39936826,0.39936826
2,total,0.35496256,0.33169493,0.06746816,0.5124476,0.7014087,0.65542966,0.6776396,1341841.0,0.7786495,5.0,rand,-0.023267636,0.023267636
2,total,0.35496256,0.42435402,0.19471453,0.5239989,0.63143957,0.75487757,0.6876626,1200876.0,0.75659096,6.0,rand,0.06939146,0.06939146
2,total,0.35496256,0.75195616,1.1207659,0.4596764,0.46357396,0.9820383,0.62983286,593926.0,0.5902559,6.0,al,0.3969936,0.3969936
2,total,0.35496256,0.89018166,1.5103819,0.39010033,0.39252862,0.9843894,0.5612545,256274.0,0.45369956,7.0,rand,0.5352191,0.5352191
2,total,0.35496256,0.6806834,0.92041886,0.49730653,0.5053355,0.96904016,0.6642677,757747.0,0.652301,7.0,al,0.32572082,0.32572082
2,total,0.35496256,0.23863137,0.3277184,0.48922244,0.8171651,0.54935485,0.6570168,1478019.0,0.7964079,8.0,rand,-0.1163312,0.1163312
2,total,0.35496256,0.6145583,0.7313653,0.5193598,0.5392648,0.9336452,0.6836557,889379.0,0.69329834,8.0,al,0.25959572,0.25959572
2,total,0.35496256,0.4504718,0.27067584,0.52223796,0.6134072,0.778454,0.6861445,1157256.0,0.7472107,9.0,rand,0.095509216,0.095509216
2,total,0.35496256,0.48215798,0.35846347,0.57473046,0.63366103,0.860722,0.7299409,1151151.0,0.77392864,9.0,al,0.12719542,0.12719542
2,total,0.35496256,0.5311399,0.4975256,0.5527705,0.5938995,0.88866585,0.71197915,1055150.0,0.7447848,10.0,al,0.17617735,0.17617735
2,total,0.35496256,0.35476053,0.028862314,0.6149747,0.7618084,0.7613726,0.76158994,1377575.0,0.83079547,10.0,rand,-0.00020204362,0.00020204362
2,total,0.35496256,0.43871805,0.23948073,0.49246135,0.5969388,0.73778826,0.6599313,1150667.0,0.7300948,11.0,al,0.08375548,0.08375548
2,total,0.35496256,0.51969784,0.46687615,0.507621,0.5666779,0.82966703,0.6734062,1031802.0,0.71434206,11.0,rand,0.16473529,0.16473529
2,total,0.35496256,0.40709734,0.14757791,0.5529848,0.6665571,0.7644551,0.7121569,1251641.0,0.780647,12.0,al,0.05213479,0.05213479
2,total,0.35496256,0.103735946,0.70619047,0.2421737,0.8620768,0.25193498,0.3899189,1550082.0,0.72015744,12.0,rand,-0.25122663,0.25122663
2,total,0.35496256,0.2891042,0.18676983,0.5007343,0.74332863,0.60541224,0.6673186,1402879.0,0.7857316,13.0,al,-0.06585837,0.06585837
2,total,0.35496256,0.33531147,0.05627512,0.54185903,0.72346157,0.6834079,0.70286405,1357360.0,0.7948954,13.0,rand,-0.0196511,0.0196511
