,images,gt_confluence,pred_confluence,relative_delta_confluence,iou,precision,recall,f1,true_negative,accuracy,step,method,dAbsConf,dAbsAbsConf
2,total,0.26927653,0.3620176,0.34765995,0.34465298,0.4469659,0.60090303,0.51262695,1303796.0,0.69232506,0.0,rand,0.09274107,0.09274107
2,total,0.26927653,0.40887916,0.5283662,0.29008543,0.37294286,0.5662885,0.4497146,1165722.0,0.6268217,0.0,al,0.13960265,0.13960265
2,total,0.26927653,0.41571632,0.5469084,0.34659475,0.424106,0.6547447,0.5147717,1207457.0,0.66762286,1.0,rand,0.1464398,0.1464398
2,total,0.26927653,0.7590049,1.8280175,0.26477215,0.28361392,0.7994164,0.4186871,459531.0,0.40224773,1.0,al,0.4897284,0.4897284
2,total,0.26927653,0.3301365,0.22835551,0.31543276,0.4353829,0.53378344,0.47958732,1337729.0,0.6880587,2.0,rand,0.060859967,0.060859967
2,total,0.26927653,0.7661546,1.8492451,0.29986238,0.3117666,0.8870475,0.4613752,499952.0,0.44229206,2.0,al,0.49687803,0.49687803
2,total,0.26927653,0.40093362,0.49247304,0.33916065,0.42336187,0.63035417,0.5065267,1227646.0,0.66927004,3.0,al,0.1316571,0.1316571
2,total,0.26927653,0.19345926,0.27956998,0.2464018,0.47285795,0.3397187,0.39538053,1545200.0,0.72022176,3.0,rand,-0.07581728,0.07581728
2,total,0.26927653,0.57985246,1.1571015,0.3343818,0.36696017,0.7902003,0.50117815,893717.0,0.57643676,4.0,rand,0.31057596,0.31057596
2,total,0.26927653,0.51839334,0.93027675,0.3409052,0.3862964,0.7436708,0.5084698,1013967.0,0.6128373,4.0,al,0.24911681,0.24911681
2,total,0.26927653,0.6396718,1.3790092,0.3276789,0.35070148,0.8330971,0.49361122,775093.0,0.53971964,5.0,al,0.37039527,0.37039527
2,total,0.26927653,0.11469908,0.5743339,0.17733453,0.5042429,0.21478178,0.30124706,1656081.0,0.7316968,5.0,rand,-0.15457745,0.15457745
2,total,0.26927653,0.56170714,1.0873218,0.33109313,0.36798027,0.7676004,0.49747512,923355.0,0.5824109,6.0,al,0.2924306,0.2924306
2,total,0.26927653,0.14230122,0.47118446,0.19134194,0.46453562,0.24548562,0.3212204,1608565.0,0.7206303,6.0,rand,-0.12697531,0.12697531
2,total,0.26927653,0.29434183,0.09585062,0.29496104,0.43615595,0.47675338,0.45555148,1387957.0,0.6931397,7.0,al,0.02506529,0.02506529
2,total,0.26927653,0.47412574,0.7641066,0.3395816,0.3974712,0.6998416,0.50699604,1093754.0,0.6335006,7.0,rand,0.20484923,0.20484923
2,total,0.26927653,0.05054747,0.813444,0.09562807,0.5522568,0.1036653,0.17456274,1740206.0,0.73600626,8.0,rand,-0.21872906,0.21872906
2,total,0.26927653,0.34350687,0.27751255,0.34007296,0.45270553,0.5774993,0.50754344,1333800.0,0.69823164,8.0,al,0.07423033,0.07423033
2,total,0.26927653,0.536793,0.9997207,0.33126128,0.37365717,0.7448706,0.49766487,969542.0,0.59508383,9.0,rand,0.26751646,0.26751646
2,total,0.26927653,0.18077655,0.3284942,0.24482901,0.48963928,0.32871342,0.39335316,1569086.0,0.7269775,9.0,al,-0.08849998,0.08849998
2,total,0.26927653,0.5021934,0.8682891,0.3380415,0.38810456,0.723803,0.50527763,1040632.0,0.6183374,10.0,al,0.23291685,0.23291685
2,total,0.26927653,0.42464212,0.5833143,0.29653153,0.37374353,0.58938247,0.45742232,1142266.0,0.6234961,10.0,rand,0.15536559,0.15536559
2,total,0.26927653,0.302005,0.12262508,0.31094393,0.44867793,0.50320953,0.47438124,1386632.0,0.69972456,11.0,rand,0.032728456,0.032728456
2,total,0.26927653,0.47160175,0.7519231,0.32172745,0.3824001,0.66972107,0.48682827,1080024.0,0.6198031,11.0,al,0.20232522,0.20232522
2,total,0.26927653,0.3124587,0.15927483,0.3278825,0.4597185,0.5334389,0.49384212,1380946.0,0.70555097,12.0,al,0.043182153,0.043182153
2,total,0.26927653,0.34557512,0.28305316,0.31500202,0.42620188,0.54696316,0.47908932,1308509.0,0.679718,12.0,rand,0.07629861,0.07629861
2,total,0.26927653,0.33631203,0.25000194,0.3144193,0.43073592,0.53796464,0.47841504,1325319.0,0.6841349,13.0,rand,0.0670355,0.0670355
2,total,0.26927653,0.3339158,0.24118836,0.3181626,0.4360131,0.5406755,0.482736,1333002.0,0.68799114,13.0,al,0.06463926,0.06463926
