,images,gt_confluence,pred_confluence,relative_delta_confluence,iou,precision,recall,f1,true_negative,accuracy,step,method,dAbsConf,dAbsAbsConf
2,total,0.26927653,0.0034901765,0.9870711,0.0050300304,0.39125365,0.0050697066,0.010009686,1790606.0,0.7299646,0.0,rand,-0.26578635,0.26578635
2,total,0.26927653,0.963856,2.585499,0.27291477,0.27429974,0.9818352,0.42880255,76809.0,0.29563883,0.0,al,0.6945794,0.6945794
2,total,0.26927653,0.1669049,0.37959927,0.22658806,0.48276743,0.29923055,0.36946025,1583666.0,0.7249711,1.0,rand,-0.10237164,0.10237164
2,total,0.26927653,0.41237447,0.5357847,0.3179742,0.39880052,0.61072814,0.48251915,1186541.0,0.64725953,1.0,al,0.14309792,0.14309792
2,total,0.26927653,7.180078e-05,0.9997318,0.00010273766,0.3908046,0.000102754115,0.00020545367,1795720.0,0.730708,2.0,rand,-0.26920474,0.26920474
2,total,0.26927653,0.5142625,0.912588,0.34234095,0.3885725,0.7420917,0.51006514,1023074.0,0.6161178,2.0,al,0.24498594,0.24498594
2,total,0.26927653,0.3260683,0.21857275,0.26430285,0.38169047,0.4621895,0.41810003,1300348.0,0.65356976,3.0,al,0.05679177,0.05679177
2,total,0.26927653,0.5151894,0.91734457,0.32773173,0.37585092,0.7190899,0.49367118,1005574.0,0.6028032,3.0,rand,0.24591286,0.24591286
2,total,0.26927653,0.10212095,0.6202056,0.15961576,0.50059766,0.18984579,0.27529037,1670491.0,0.7308455,4.0,rand,-0.16715558,0.16715558
2,total,0.26927653,0.43653828,0.6249626,0.34460732,0.41437912,0.6717701,0.51257646,1167552.0,0.65597004,4.0,al,0.16726175,0.16726175
2,total,0.26927653,0.6455682,1.3988781,0.3163697,0.34058264,0.8165174,0.4806696,749630.0,0.5248942,5.0,al,0.3762917,0.3762917
2,total,0.26927653,0.48753762,0.8137477,0.3314559,0.3864385,0.69966334,0.49788442,1060675.0,0.6199927,5.0,rand,0.2182611,0.2182611
2,total,0.26927653,0.7230572,1.6900845,0.3062759,0.32178304,0.86404574,0.46892947,590646.0,0.47300172,6.0,al,0.4537807,0.4537807
2,total,0.26927653,0.11641091,0.5680826,0.18567948,0.518849,0.22430165,0.31320307,1658174.0,0.7351119,6.0,rand,-0.15286562,0.15286562
2,total,0.26927653,0.4045119,0.50418407,0.33648968,0.4193714,0.62998545,0.503542,1218608.0,0.6654932,7.0,al,0.13523537,0.13523537
2,total,0.26927653,0.4333803,0.6118705,0.3493923,0.4198069,0.67564607,0.5178509,1177878.0,0.6612154,7.0,rand,0.16410378,0.16410378
2,total,0.26927653,0.1842576,0.31680718,0.2525093,0.49622926,0.33955246,0.40320498,1567704.0,0.7293339,8.0,rand,-0.08501894,0.08501894
2,total,0.26927653,0.37668678,0.40033162,0.3526497,0.44708088,0.6254129,0.52142006,1283965.0,0.69085574,8.0,al,0.10741026,0.10741026
2,total,0.26927653,0.17990538,0.33368257,0.25235772,0.5031156,0.33613288,0.40301174,1576137.0,0.7318445,9.0,rand,-0.08937115,0.08937115
2,total,0.26927653,0.2875136,0.06799862,0.30136797,0.44846737,0.4788387,0.46315515,1406118.0,0.7010909,9.0,al,0.018237084,0.018237084
2,total,0.26927653,0.4860732,0.80716354,0.3366116,0.3913547,0.70643604,0.50367856,1068756.0,0.62510455,10.0,al,0.21679665,0.21679665
2,total,0.26927653,0.53025895,0.97144485,0.32659817,0.371214,0.73099273,0.49238405,976416.0,0.59414387,10.0,rand,0.26098245,0.26098245
2,total,0.26927653,0.43569964,0.6180372,0.3188501,0.3911819,0.6329457,0.48352695,1143920.0,0.63589966,11.0,rand,0.16642311,0.16642311
2,total,0.26927653,0.4862384,0.80633736,0.32997084,0.38550282,0.69610924,0.49620718,1061516.0,0.61937785,11.0,al,0.21696186,0.21696186
2,total,0.26927653,0.28379658,0.078317404,0.30068114,0.4505173,0.47480863,0.46234363,1412586.0,0.70263755,12.0,al,0.014520043,0.014520043
2,total,0.26927653,0.37644956,0.39725304,0.32115796,0.41697112,0.5829256,0.486176,1256431.0,0.6682113,12.0,rand,0.10717304,0.10717304
2,total,0.26927653,0.3386322,0.2586994,0.31515524,0.43018794,0.5409868,0.4792665,1321617.0,0.68344235,13.0,rand,0.06935565,0.06935565
2,total,0.26927653,0.35084775,0.3035653,0.31921595,0.42769018,0.55724764,0.48394752,1302357.0,0.67998415,13.0,al,0.08157123,0.08157123
