,images,gt_confluence,pred_confluence,relative_delta_confluence,iou,precision,recall,f1,true_negative,accuracy,step,method,dAbsConf,dAbsAbsConf
2,total,0.35496256,0.55224305,0.5567591,0.5571456,0.58778065,0.91445464,0.7155981,1025784.0,0.74198973,0.0,al,0.19728047,0.19728047
2,total,0.35496256,0.9695286,1.7340299,0.36125785,0.36254796,0.99024594,0.53077024,66380.0,0.37851033,0.0,rand,0.614566,0.614566
2,total,0.35496256,0.46032205,0.29711854,0.5216575,0.60717857,0.7873987,0.6856433,1140851.0,0.7437105,1.0,al,0.10535948,0.10535948
2,total,0.35496256,0.66366756,0.8706649,0.50427145,0.51452243,0.96199256,0.6704523,793417.0,0.66431355,1.0,rand,0.30870503,0.30870503
2,total,0.35496256,0.4699705,0.32392475,0.5844674,0.64747876,0.8572601,0.7377457,1178083.0,0.78365844,2.0,al,0.115007915,0.115007915
2,total,0.35496256,0.7567954,1.1346796,0.45263737,0.4577466,0.97593415,0.62319344,576708.0,0.5810832,2.0,rand,0.40183288,0.40183288
2,total,0.35496256,0.9825909,1.7708775,0.36010075,0.36040553,0.99765694,0.5295203,40743.0,0.37070924,3.0,rand,0.6276284,0.6276284
2,total,0.35496256,0.38174823,0.077153176,0.47968853,0.62561846,0.67282623,0.6483637,1234006.0,0.7409465,3.0,al,0.026785668,0.026785668
2,total,0.35496256,0.4650669,0.31152007,0.45203143,0.5489175,0.7191823,0.62261885,1069681.0,0.6905371,4.0,al,0.11010435,0.11010435
2,total,0.35496256,0.7660537,1.1610134,0.43704906,0.44505274,0.9604783,0.60825866,540472.0,0.56085247,4.0,rand,0.4110911,0.4110911
2,total,0.35496256,0.43678403,0.23262727,0.4466343,0.5596457,0.6886466,0.6174801,1112551.0,0.69714195,5.0,al,0.08182148,0.08182148
2,total,0.35496256,0.9017893,1.5432885,0.38080168,0.38433695,0.97641444,0.55156565,220790.0,0.43643025,5.0,rand,0.5468268,0.5468268
2,total,0.35496256,0.8056101,1.2722669,0.4293573,0.4327386,0.98212653,0.6007693,462143.0,0.5366646,6.0,rand,0.45064756,0.45064756
2,total,0.35496256,0.90455425,1.5516337,0.38816568,0.38935462,0.9921947,0.5592494,227761.0,0.44486818,6.0,al,0.54959166,0.54959166
2,total,0.35496256,0.7913637,1.2319041,0.43191755,0.43693328,0.97411036,0.6032711,490162.0,0.54522014,7.0,rand,0.43640116,0.43640116
2,total,0.35496256,0.82014054,1.3127509,0.4282455,0.42961338,0.99262,0.5996801,435587.0,0.52958375,7.0,al,0.465178,0.465178
2,total,0.35496256,0.29757872,0.16205665,0.4961181,0.72715354,0.6095986,0.66320664,1385704.0,0.7802291,8.0,rand,-0.057383846,0.057383846
2,total,0.35496256,0.39608905,0.11891115,0.49762714,0.63005406,0.70305127,0.6645536,1225129.0,0.74806315,8.0,al,0.04112649,0.04112649
2,total,0.35496256,0.46768168,0.31935042,0.57892483,0.64494526,0.8497471,0.73331475,1177154.0,0.7806136,9.0,rand,0.112719096,0.112719096
2,total,0.35496256,0.48462623,0.36547583,0.48514155,0.5659274,0.77265245,0.6533265,1068257.0,0.7089376,9.0,al,0.12966368,0.12966368
2,total,0.35496256,0.46750954,0.32072538,0.4974227,0.5844028,0.7696961,0.6643713,1107744.0,0.7239555,10.0,al,0.11254698,0.11254698
2,total,0.35496256,0.32584083,0.08172256,0.5467247,0.7385375,0.67794454,0.7069445,1375869.0,0.80048746,10.0,rand,-0.029121721,0.029121721
2,total,0.35496256,0.4167763,0.17917421,0.46853936,0.5907835,0.69366175,0.63810205,1166097.0,0.72071004,11.0,al,0.061813746,0.061813746
2,total,0.35496256,0.38875303,0.1775853,0.46092963,0.6035857,0.66104203,0.63100815,1206511.0,0.72557575,11.0,rand,0.03379047,0.03379047
2,total,0.35496256,0.07917214,0.7748826,0.16066334,0.75904423,0.16929786,0.27684712,1538361.0,0.6860551,12.0,al,-0.27579042,0.27579042
2,total,0.35496256,0.30972308,0.12844315,0.5354751,0.7484107,0.6530247,0.697471,1393741.0,0.79891396,12.0,rand,-0.04523948,0.04523948
2,total,0.35496256,0.37843117,0.067923166,0.5997859,0.726583,0.7746195,0.7498322,1330958.0,0.81652915,13.0,al,0.02346861,0.02346861
2,total,0.35496256,0.3998232,0.12774748,0.608504,0.7141633,0.80441815,0.7566081,1304380.0,0.8162919,13.0,rand,0.04486062,0.04486062
