,images,gt_confluence,pred_confluence,relative_delta_confluence,iou,precision,recall,f1,true_negative,accuracy,step,method,dAbsConf,dAbsAbsConf
3,total,0.15109126,0.053961165,0.7068075,0.215627,0.67405033,0.24072781,0.3547581,653777.0,0.8676923,0.0,al,-0.09713009,0.09713009
3,total,0.15109126,0.106567115,0.5894163,0.3243964,0.59221786,0.41769692,0.4898776,633434.0,0.86856335,0.0,rand,-0.044524148,0.044524148
3,total,0.15109126,0.08006005,0.60646766,0.25915357,0.5942409,0.3148717,0.41163093,642062.0,0.8639984,1.0,al,-0.071031205,0.071031205
3,total,0.15109126,0.16960244,0.36530316,0.38718656,0.5277703,0.5924274,0.55823237,604623.0,0.8583285,1.0,rand,0.018511184,0.018511184
3,total,0.15109126,0.08153126,0.5173429,0.275419,0.61612964,0.3324693,0.43188742,642996.0,0.8678449,2.0,al,-0.069560006,0.069560006
3,total,0.15109126,0.10674259,0.52108324,0.3372816,0.6092203,0.43039647,0.5044282,634805.0,0.87222546,2.0,rand,-0.044348672,0.044348672
3,total,0.15109126,0.10539219,0.40590915,0.33267704,0.607507,0.42375633,0.4992608,635078.0,0.87156934,3.0,al,-0.045699075,0.045699075
3,total,0.15109126,0.06339237,0.700367,0.22433041,0.6199426,0.26010117,0.36645362,648662.0,0.8641154,3.0,rand,-0.08769889,0.08769889
3,total,0.15109126,0.10400364,0.5134945,0.31936023,0.59370834,0.40867507,0.48411328,634378.0,0.8684006,4.0,al,-0.047087625,0.047087625
3,total,0.15109126,0.06451389,0.5949592,0.20738567,0.5740416,0.24510406,0.34352806,645998.0,0.85846204,4.0,rand,-0.08657737,0.08657737
3,total,0.15109126,0.045590445,0.71618456,0.20470743,0.73307675,0.22119455,0.3398455,658039.0,0.8701604,5.0,rand,-0.10550081,0.10550081
3,total,0.15109126,0.021325158,0.8687403,0.10731552,0.78360164,0.110593066,0.19382985,663980.0,0.8610039,5.0,al,-0.1297661,0.1297661
3,total,0.15109126,0.019948052,0.8932295,0.1076434,0.8333015,0.110012375,0.19436452,664994.0,0.8622055,6.0,rand,-0.13114321,0.13114321
3,total,0.15109126,0.15661848,0.15768723,0.37344843,0.53421724,0.5537564,0.54381084,610239.0,0.85962677,6.0,al,0.005527225,0.005527225
3,total,0.15109126,0.1205378,0.28964028,0.33274063,0.56262,0.44884408,0.49933243,626148.0,0.8640048,7.0,al,-0.030553453,0.030553453
3,total,0.15109126,0.073302954,0.58492315,0.269614,0.65007716,0.31538507,0.42471763,647437.0,0.87091064,7.0,rand,-0.07778831,0.07778831
3,total,0.15109126,0.13222858,0.55371493,0.33684728,0.5398892,0.4724843,0.5039423,619763.0,0.8594577,8.0,rand,-0.018862678,0.018862678
3,total,0.15109126,0.3325714,1.1757448,0.23447283,0.27622885,0.6080136,0.3798748,478311.0,0.7000694,8.0,al,0.18148014,0.18148014
3,total,0.15109126,0.18636295,0.95685005,0.265668,0.38008064,0.46880654,0.41980627,576753.0,0.8042119,9.0,rand,0.03527169,0.03527169
3,total,0.15109126,0.1800369,0.22970858,0.3696726,0.496405,0.59150165,0.53979653,596307.0,0.8476143,9.0,al,0.02894565,0.02894565
