,images,gt_confluence,pred_confluence,relative_delta_confluence,iou,precision,recall,f1,true_negative,accuracy,step,method,dAbsConf,dAbsAbsConf
3,total,0.15109126,0.1130521,0.45307955,0.23536304,0.44515055,0.33307526,0.3810422,618279.0,0.83650714,0.0,al,-0.038039163,0.038039163
3,total,0.15109126,0.044086184,0.6244565,0.15522055,0.59486586,0.17356908,0.26872852,653563.0,0.8572731,0.0,rand,-0.107005075,0.107005075
3,total,0.15109126,0.038286574,0.7976178,0.19437984,0.8050085,0.20398408,0.3254905,661738.0,0.8722636,1.0,al,-0.11280468,0.11280468
3,total,0.15109126,0.08192671,0.3972036,0.25007334,0.5689829,0.30851772,0.4000934,639839.0,0.8602117,1.0,rand,-0.069164544,0.069164544
3,total,0.15109126,0.11732583,0.82301223,0.21959406,0.41193047,0.31987074,0.3601096,613349.0,0.82824326,2.0,al,-0.033765428,0.033765428
3,total,0.15109126,0.044053122,0.76743996,0.15545098,0.59597623,0.17376265,0.26907378,653612.0,0.85736465,2.0,rand,-0.10703813,0.10703813
3,total,0.15109126,0.014012383,0.92172235,0.0727109,0.7987113,0.07406815,0.13556461,665391.0,0.8572795,3.0,al,-0.13707888,0.13707888
3,total,0.15109126,0.01816786,0.9078489,0.09540229,0.81143695,0.097565286,0.17418657,664915.0,0.8602244,3.0,rand,-0.1329234,0.1329234
3,total,0.15109126,0.1366956,0.27523163,0.2549572,0.42771694,0.38696212,0.40631965,606088.0,0.82914734,4.0,al,-0.014395667,0.014395667
3,total,0.15109126,0.049798056,0.6581932,0.17563233,0.60267603,0.19863158,0.29878747,652049.0,0.8591347,4.0,rand,-0.1012932,0.1012932
3,total,0.15109126,0.12970579,0.94434696,0.22309303,0.39487666,0.3389832,0.3648009,605884.0,0.82163876,5.0,rand,-0.021385465,0.021385465
3,total,0.15109126,0.1258326,0.82843566,0.2532283,0.4446836,0.37034076,0.40412107,612656.0,0.83498764,5.0,al,-0.025258653,0.025258653
3,total,0.15109126,0.08000283,0.53819025,0.25633565,0.5893731,0.3120692,0.40806827,641774.0,0.8632088,6.0,rand,-0.071088426,0.071088426
3,total,0.15109126,0.10141854,0.32776392,0.2297484,0.4651571,0.31222913,0.37365058,624951.0,0.8418414,6.0,al,-0.049672715,0.049672715
3,total,0.15109126,0.050371535,0.70129436,0.19312303,0.64738846,0.21582521,0.32372656,653641.0,0.86375684,7.0,al,-0.10071972,0.10071972
3,total,0.15109126,0.13646162,0.13506287,0.32733858,0.519666,0.46934515,0.49322495,616061.0,0.854276,7.0,rand,-0.014629636,0.014629636
3,total,0.15109126,0.1252693,0.19256812,0.34524634,0.5661879,0.4694209,0.51328295,624872.0,0.8654912,8.0,rand,-0.025821958,0.025821958
3,total,0.15109126,0.086475104,0.44473863,0.31085992,0.65148664,0.37286553,0.47428352,643908.0,0.87510806,8.0,al,-0.06461616,0.06461616
3,total,0.15109126,0.3430313,1.0648147,0.2385,0.27739185,0.6297771,0.3851429,472671.0,0.69618607,9.0,rand,0.19194004,0.19194004
3,total,0.15109126,0.12955067,0.13121837,0.33474243,0.54328537,0.46582732,0.50158304,621078.0,0.86012393,9.0,al,-0.021540595,0.021540595
