,images,gt_confluence,pred_confluence,relative_delta_confluence,iou,precision,recall,f1,true_negative,accuracy,step,method,dAbsConf,dAbsAbsConf
3,total,0.15109126,0.14525959,0.40830228,0.36616978,0.54681534,0.5257063,0.5360526,615839.0,0.8625094,0.0,al,-0.0058316723,0.0058316723
3,total,0.15109126,0.03393782,0.7152445,0.12493042,0.6054929,0.1360006,0.22211197,657080.0,0.8560689,0.0,rand,-0.117153436,0.117153436
3,total,0.15109126,0.16528928,0.16018975,0.3745249,0.52154815,0.5705545,0.5449513,605416.0,0.8560321,1.0,al,0.014198031,0.014198031
3,total,0.15109126,0.06431807,0.52440405,0.20139569,0.5614361,0.23899414,0.33526912,645426.0,0.8568115,1.0,rand,-0.08677319,0.08677319
3,total,0.15109126,0.14428048,0.3774412,0.35947257,0.54132515,0.51692015,0.5288407,615565.0,0.86083347,2.0,al,-0.006810778,0.006810778
3,total,0.15109126,0.068287894,0.5808372,0.19394329,0.52185166,0.23585501,0.32487813,641931.0,0.8518931,2.0,rand,-0.08280336,0.08280336
3,total,0.15109126,0.14001183,0.36067274,0.35331395,0.5428076,0.50300026,0.5221458,617268.0,0.8608958,3.0,al,-0.011079424,0.011079424
3,total,0.15109126,0.085527785,0.5007994,0.21996696,0.4988329,0.28236958,0.36061087,633900.0,0.8487091,3.0,rand,-0.06556347,0.06556347
3,total,0.15109126,0.07309187,0.61022973,0.2429079,0.5994329,0.28997752,0.3908699,644584.0,0.86344403,4.0,al,-0.07799938,0.07799938
3,total,0.15109126,0.062380202,0.68605703,0.22694185,0.63297796,0.2613299,0.36993048,649604.0,0.86549884,4.0,rand,-0.08871105,0.08871105
3,total,0.15109126,0.050222762,0.65410644,0.18503132,0.62588614,0.20804054,0.31228054,652833.0,0.8615532,5.0,rand,-0.10086849,0.10086849
3,total,0.15109126,0.057029452,0.6654153,0.20218885,0.61377066,0.2316639,0.33636746,650287.0,0.8618851,5.0,al,-0.09406181,0.09406181
3,total,0.15109126,0.04489617,0.77503246,0.18886189,0.69348854,0.2060628,0.31771845,656787.0,0.86628217,6.0,rand,-0.106195085,0.106195085
3,total,0.15109126,0.0684799,0.54324365,0.21492296,0.5672188,0.25707987,0.35380465,644302.0,0.8581149,6.0,al,-0.08261135,0.08261135
3,total,0.15109126,0.13107145,0.43366224,0.2946307,0.48992026,0.4250019,0.45515743,615031.0,0.84626645,7.0,al,-0.020019803,0.020019803
3,total,0.15109126,0.06897709,0.5577296,0.24514727,0.62815005,0.28676265,0.39376387,647438.0,0.86658734,7.0,rand,-0.082114175,0.082114175
3,total,0.15109126,0.41789854,1.5026666,0.24497041,0.26790974,0.7410013,0.39353573,427009.0,0.65492886,8.0,rand,0.2668073,0.2668073
3,total,0.15109126,0.3281845,1.070482,0.2383066,0.2810449,0.6104542,0.38489068,482051.0,0.7051938,8.0,al,0.17709324,0.17709324
3,total,0.15109126,0.3417648,1.0270617,0.24807844,0.2866423,0.64837617,0.3975362,475877.0,0.70307285,9.0,rand,0.19067356,0.19067356
3,total,0.15109126,0.23685429,0.50270677,0.3377121,0.41349876,0.64820784,0.5049095,558362.0,0.80793256,9.0,al,0.08576302,0.08576302
