,images,gt_confluence,pred_confluence,relative_delta_confluence,iou,precision,recall,f1,true_negative,accuracy,step,method,dAbsConf,dAbsAbsConf
3,total,0.15109126,0.17804055,0.48024768,0.3346413,0.46351844,0.54619056,0.50146955,592493.0,0.8359184,0.0,al,0.026949294,0.026949294
3,total,0.15109126,0.16909,1.1085155,0.2400459,0.3665521,0.4102152,0.38715598,583375.0,0.8037796,0.0,rand,0.017998742,0.017998742
3,total,0.15109126,0.17405164,0.84769964,0.30654186,0.4382922,0.50489384,0.46924105,590723.0,0.82742816,1.0,al,0.02296039,0.02296039
3,total,0.15109126,0.058912642,0.6471188,0.23142825,0.6699331,0.26121205,0.37586924,652317.0,0.8689308,1.0,rand,-0.09217861,0.09217861
3,total,0.15109126,0.12033054,0.26606944,0.33471316,0.5656603,0.4504936,0.5015502,626507.0,0.8647105,2.0,al,-0.030760719,0.030760719
3,total,0.15109126,0.047954287,0.6759968,0.21965188,0.7475339,0.23725204,0.36018744,658088.0,0.8726489,2.0,rand,-0.10313697,0.10313697
3,total,0.15109126,0.14784214,0.3143292,0.3509988,0.52532536,0.5140251,0.51961327,612420.0,0.856397,3.0,al,-0.003249122,0.003249122
3,total,0.15109126,0.15048191,0.15283875,0.37404695,0.5455498,0.543346,0.54444516,613828.0,0.8626175,3.0,rand,-0.00060935155,0.00060935155
3,total,0.15109126,0.058767684,0.6664282,0.2161242,0.6346287,0.24683774,0.35543075,650723.0,0.8647321,4.0,al,-0.09232357,0.09232357
3,total,0.15109126,0.08060174,0.39834037,0.25446647,0.5831006,0.3110593,0.40569627,641183.0,0.8623047,4.0,rand,-0.07048952,0.07048952
3,total,0.15109126,0.16209766,1.040772,0.25131965,0.38805127,0.41631672,0.40168688,589599.0,0.8126157,5.0,rand,0.011006402,0.011006402
3,total,0.15109126,0.066943854,0.58866435,0.24233994,0.6353379,0.28149432,0.39013425,648411.0,0.86702853,5.0,al,-0.08414741,0.08414741
3,total,0.15109126,0.07845534,0.5005567,0.23965308,0.5656332,0.29370576,0.38664496,640809.0,0.85920715,6.0,rand,-0.07263592,0.07263592
3,total,0.15109126,0.18235116,0.2419039,0.37142605,0.4952373,0.5976957,0.54166347,595223.0,0.8471718,6.0,al,0.0312599,0.0312599
3,total,0.15109126,0.09969557,0.32044986,0.33175325,0.62664694,0.41348055,0.49821985,638337.0,0.87416077,7.0,al,-0.05139569,0.05139569
3,total,0.15109126,0.06979216,0.6113248,0.21732762,0.5650257,0.26099324,0.3570565,643735.0,0.8579852,7.0,rand,-0.0812991,0.0812991
3,total,0.15109126,0.3162979,1.0615021,0.2392041,0.28523874,0.59712344,0.38606042,489815.0,0.7130521,8.0,rand,0.16520664,0.16520664
3,total,0.15109126,0.3262759,0.9625143,0.27318788,0.31393296,0.67792434,0.4291395,491569.0,0.7274907,8.0,al,0.17518461,0.17518461
3,total,0.15109126,0.23634312,0.50131613,0.33844364,0.41451684,0.6484014,0.50572664,558787.0,0.8085022,9.0,rand,0.08525185,0.08525185
3,total,0.15109126,0.34193522,1.0272952,0.24794735,0.28647715,0.6483257,0.39736786,475737.0,0.70288724,9.0,al,0.19084394,0.19084394
