,images,gt_confluence,pred_confluence,relative_delta_confluence,iou,precision,recall,f1,true_negative,accuracy,step,method,dAbsConf,dAbsAbsConf
2,total,0.26927653,0.3929091,0.4632716,0.34412315,0.43148226,0.6295865,0.5120406,1246859.0,0.6768811,0.0,rand,0.123632595,0.123632595
2,total,0.26927653,0.12646095,0.5276667,0.1810261,0.47966138,0.2252627,0.30655688,1634111.0,0.72557944,0.0,al,-0.14281558,0.14281558
2,total,0.26927653,0.3751304,0.39709038,0.32492712,0.42128152,0.58688766,0.4904825,1262295.0,0.67166424,1.0,rand,0.10585386,0.10585386
2,total,0.26927653,0.72097266,1.6827717,0.31243652,0.32697108,0.87544537,0.4761164,603313.0,0.48122558,1.0,al,0.45169616,0.45169616
2,total,0.26927653,0.6523285,1.4266068,0.32543278,0.3468824,0.8403292,0.4910585,748774.0,0.5309578,2.0,rand,0.38305193,0.38305193
2,total,0.26927653,0.43936053,0.63638175,0.34435552,0.4131389,0.67408967,0.5122978,1162151.0,0.65439695,2.0,al,0.17008401,0.17008401
2,total,0.26927653,0.26106504,0.1474753,0.26059794,0.41995445,0.40714654,0.41345084,1423674.0,0.68892944,3.0,al,-0.008211484,0.008211484
2,total,0.26927653,0.66364765,1.4690131,0.30925894,0.3320517,0.81835943,0.4724179,706417.0,0.5078068,3.0,rand,0.39437112,0.39437112
2,total,0.26927653,0.7071287,1.6282657,0.30847216,0.3255242,0.8548356,0.47149935,623697.0,0.48397014,4.0,rand,0.43785214,0.43785214
2,total,0.26927653,0.49531797,0.84411985,0.33823577,0.3901524,0.7176604,0.50549453,1053464.0,0.62190473,4.0,al,0.22604145,0.22604145
2,total,0.26927653,0.52948666,0.96972567,0.34859607,0.38994548,0.76676023,0.5169758,1001984.0,0.6141789,5.0,al,0.26021016,0.26021016
2,total,0.26927653,0.25614643,0.053689077,0.28430963,0.45409155,0.43194807,0.44274262,1452175.0,0.707205,5.0,rand,-0.013130103,0.013130103
2,total,0.26927653,0.52607155,0.95677835,0.3462651,0.3888578,0.75968987,0.51440805,1005698.0,0.6137862,6.0,al,0.25679502,0.25679502
2,total,0.26927653,0.17578347,0.3425133,0.2050342,0.43079332,0.28121987,0.34029558,1549927.0,0.7063928,6.0,rand,-0.09349306,0.09349306
2,total,0.26927653,0.6157196,1.2885467,0.3221577,0.35022238,0.80080664,0.48732075,812589.0,0.54628175,7.0,al,0.34644306,0.34644306
2,total,0.26927653,0.3384987,0.26409164,0.28088972,0.393741,0.4949575,0.43858483,1291484.0,0.6587866,7.0,rand,0.06922219,0.06922219
2,total,0.26927653,0.31128967,0.15934677,0.30993146,0.44127038,0.51011676,0.47320208,1368385.0,0.69415975,8.0,rand,0.042013127,0.042013127
2,total,0.26927653,0.3752073,0.39674035,0.34511158,0.4406994,0.61406463,0.513134,1280091.0,0.68622357,8.0,al,0.10593077,0.10593077
2,total,0.26927653,0.51800233,0.9269217,0.34071875,0.38623846,0.74299836,0.50826234,1014483.0,0.6128662,9.0,rand,0.24872577,0.24872577
2,total,0.26927653,0.2511859,0.12552115,0.27385554,0.44544736,0.4155195,0.42996278,1453494.0,0.7033179,9.0,al,-0.018090634,0.018090634
2,total,0.26927653,0.47300392,0.75946605,0.33245146,0.3915439,0.68777406,0.49900678,1088525.0,0.62812334,10.0,al,0.2037274,0.2037274
2,total,0.26927653,0.36410257,0.35449585,0.32659322,0.42826235,0.57907385,0.49237835,1284226.0,0.6784839,10.0,rand,0.094826035,0.094826035
2,total,0.26927653,0.29509214,0.09753303,0.29431933,0.43489388,0.47658566,0.45478576,1386002.0,0.692299,11.0,rand,0.025815615,0.025815615
2,total,0.26927653,0.44338235,0.6476808,0.3262888,0.39542827,0.65109843,0.49203232,1137052.0,0.63799316,11.0,al,0.17410582,0.17410582
2,total,0.26927653,0.194872,0.27537474,0.25252715,0.4802084,0.34751895,0.40322775,1546890.0,0.7230098,12.0,al,-0.074404515,0.074404515
2,total,0.26927653,0.4205971,0.56419885,0.30989993,0.38804942,0.60611326,0.47316533,1163279.0,0.6365515,12.0,rand,0.15132058,0.15132058
2,total,0.26927653,0.26007667,0.03365431,0.29119137,0.45902133,0.44333714,0.45104244,1450053.0,0.70940834,13.0,rand,-0.009199847,0.009199847
2,total,0.26927653,0.23891905,0.11348104,0.293685,0.48287448,0.4284348,0.45402807,1492188.0,0.72254026,13.0,al,-0.03035748,0.03035748
