,Step,Method,Value
0,1,al,78.5
1,1,al,101.0
2,1,al,35.0
3,1,al,83.0
4,1,al,133.5
5,1,al,103.0
6,1,al,11.5
7,1,al,165.5
8,1,al,25.0
9,1,al,25.0
10,1,rand,18.5
11,1,rand,43.0
12,1,rand,104.5
13,1,rand,17.5
14,1,rand,113.0
15,1,rand,84.0
16,1,rand,1.5
17,1,rand,54.5
18,1,rand,15.5
19,1,rand,35.5
20,2,al,111.0
21,2,al,145.0
22,2,al,187.0
23,2,al,128.0
24,2,al,29.0
25,2,al,29.0
26,2,al,89.0
27,2,al,61.0
28,2,al,49.0
29,2,al,49.0
30,2,rand,145.0
31,2,rand,50.0
32,2,rand,177.0
33,2,rand,56.0
34,2,rand,20.0
35,2,rand,117.0
36,2,rand,32.0
37,2,rand,155.0
38,2,rand,78.0
39,2,rand,61.0
40,3,al,7.0
41,3,al,89.0
42,3,al,10.0
43,3,al,117.0
44,3,al,88.0
45,3,al,177.0
46,3,al,78.0
47,3,al,32.0
48,3,al,56.0
49,3,al,167.0
50,3,rand,128.0
51,3,rand,88.0
52,3,rand,32.0
53,3,rand,8.0
54,3,rand,196.0
55,3,rand,85.0
56,3,rand,187.0
57,3,rand,24.0
58,3,rand,81.0
59,3,rand,117.0
60,4,al,78.0
61,4,al,117.0
62,4,al,121.0
63,4,al,89.0
64,4,al,11.0
65,4,al,145.0
66,4,al,128.0
67,4,al,56.0
68,4,al,40.0
69,4,al,20.0
70,4,rand,138.0
71,4,rand,10.0
72,4,rand,61.0
73,4,rand,40.0
74,4,rand,29.0
75,4,rand,43.0
76,4,rand,10.0
77,4,rand,23.0
78,4,rand,47.0
79,4,rand,88.0
80,5,al,216.0
81,5,al,29.0
82,5,al,111.0
83,5,al,81.0
84,5,al,43.0
85,5,al,56.0
86,5,al,29.0
87,5,al,7.0
88,5,al,71.0
89,5,al,131.0
90,5,rand,91.0
91,5,rand,145.0
92,5,rand,216.0
93,5,rand,121.0
94,5,rand,177.0
95,5,rand,67.0
96,5,rand,89.0
97,5,rand,79.0
98,5,rand,138.0
99,5,rand,167.0
100,6,al,91.0
101,6,al,79.0
102,6,al,88.0
103,6,al,40.0
104,6,al,7.0
105,6,al,79.0
106,6,al,49.0
107,6,al,118.0
108,6,al,88.0
109,6,al,40.0
110,6,rand,71.0
111,6,rand,61.0
112,6,rand,131.0
113,6,rand,128.0
114,6,rand,89.0
115,6,rand,32.0
116,6,rand,79.0
117,6,rand,49.0
118,6,rand,187.0
119,6,rand,68.0
120,7,al,64.0
121,7,al,17.0
122,7,al,47.0
123,7,al,111.0
124,7,al,30.0
125,7,al,20.0
126,7,al,7.0
127,7,al,88.0
128,7,al,47.0
129,7,al,3.0
130,7,rand,79.0
131,7,rand,108.0
132,7,rand,23.0
133,7,rand,78.0
134,7,rand,32.0
135,7,rand,96.0
136,7,rand,111.0
137,7,rand,118.0
138,7,rand,32.0
139,7,rand,3.0
140,8,al,67.0
141,8,al,47.0
142,8,al,17.0
143,8,al,118.0
144,8,al,88.0
145,8,al,108.0
146,8,al,23.0
147,8,al,108.0
148,8,al,67.0
149,8,al,20.0
150,8,rand,11.0
151,8,rand,79.0
152,8,rand,9.0
153,8,rand,108.0
154,8,rand,40.0
155,8,rand,17.0
156,8,rand,43.0
157,8,rand,71.0
158,8,rand,135.0
159,8,rand,47.0
160,9,al,20.0
161,9,al,7.0
162,9,al,47.0
163,9,al,30.0
164,9,al,71.0
165,9,al,17.0
166,9,al,17.0
167,9,al,88.0
168,9,al,88.0
169,9,al,47.0
170,9,rand,99.0
171,9,rand,167.0
172,9,rand,11.0
173,9,rand,88.0
174,9,rand,17.0
175,9,rand,30.0
176,9,rand,20.0
177,9,rand,125.0
178,9,rand,111.0
179,9,rand,128.0
180,10,al,9.0
181,10,al,131.0
182,10,al,108.0
183,10,al,91.0
184,10,al,40.0
185,10,al,91.0
186,10,al,11.0
187,10,al,99.0
188,10,al,56.0
189,10,rand,79.0
190,10,rand,111.0
191,10,rand,68.0
192,10,rand,20.0
193,10,rand,47.0
194,10,rand,138.0
195,10,rand,30.0
196,10,rand,128.0
197,10,rand,85.0
198,10,rand,10.0
