,images,gt_confluence,pred_confluence,relative_delta_confluence,iou,precision,recall,f1,true_negative,accuracy,step,method,dAbsConf,dAbsAbsConf
2,total,0.35496256,0.4028314,0.13574465,0.47518405,0.60596,0.68767565,0.64423645,1195146.0,0.7304053,0.0,rand,0.04786884,0.04786884
2,total,0.35496256,0.38183206,0.07650502,0.4223109,0.5729442,0.6163126,0.5938372,1184500.0,0.7007422,0.0,al,0.026869489,0.026869489
2,total,0.35496256,0.3689756,0.040561493,0.47224644,0.6293505,0.65419394,0.6415313,1249142.0,0.7404915,1.0,al,0.014013045,0.014013045
2,total,0.35496256,0.32104063,0.09550948,0.4337731,0.63704723,0.57616615,0.60507864,1298879.0,0.73303264,1.0,rand,-0.033921935,0.033921935
2,total,0.35496256,0.38187233,0.07636263,0.45970863,0.60767174,0.6537377,0.629863,1217049.0,0.7272709,2.0,al,0.026909772,0.026909772
2,total,0.35496256,0.3418097,0.035943765,0.53277177,0.7085505,0.6822937,0.6951738,1340418.0,0.7876062,2.0,rand,-0.01315289,0.01315289
2,total,0.35496256,0.3046657,0.14085725,0.44663316,0.6684501,0.57373136,0.61747897,1336998.0,0.74767905,3.0,rand,-0.05029685,0.05029685
2,total,0.35496256,0.37020364,0.043014668,0.4492159,0.6071828,0.6332518,0.61994284,1227855.0,0.72439617,3.0,al,0.015241072,0.015241072
2,total,0.35496256,0.3172711,0.10584203,0.48008963,0.6872659,0.6142871,0.64873,1341398.0,0.7638652,4.0,rand,-0.037691463,0.037691463
2,total,0.35496256,0.33786353,0.04781713,0.438209,0.62480265,0.5947033,0.609381,1273706.0,0.7293697,4.0,al,-0.017099015,0.017099015
2,total,0.35496256,0.31969053,0.09875513,0.44630983,0.65121824,0.58650595,0.6171699,1311217.0,0.74172324,5.0,al,-0.035272032,0.035272032
2,total,0.35496256,0.29221168,0.1764303,0.44855753,0.6858148,0.5645734,0.6193156,1359616.0,0.7536316,5.0,rand,-0.06275087,0.06275087
2,total,0.35496256,0.34079406,0.039539,0.457732,0.6410613,0.6154712,0.6280052,1284621.0,0.74118286,6.0,al,-0.014168515,0.014168515
2,total,0.35496256,0.26673278,0.24886738,0.43492043,0.7064544,0.53085554,0.606194,1392819.0,0.7551733,6.0,rand,-0.0882298,0.0882298
2,total,0.35496256,0.2802968,0.21027677,0.42647216,0.6775809,0.53505105,0.5979392,1363144.0,0.74458784,7.0,rand,-0.07466575,0.07466575
2,total,0.35496256,0.30349994,0.14403217,0.43670067,0.6594635,0.56385237,0.6079211,1331245.0,0.7418315,7.0,al,-0.051462624,0.051462624
2,total,0.35496256,0.27138567,0.2356207,0.40999088,0.67110074,0.5130864,0.5815506,1365883.0,0.7379057,8.0,rand,-0.08357688,0.08357688
2,total,0.35496256,0.26627418,0.24950105,0.4267682,0.6978589,0.523495,0.5982301,1387525.0,0.7504065,8.0,al,-0.08868837,0.08868837
2,total,0.35496256,0.29316995,0.17579414,0.46584028,0.7025796,0.5802711,0.63559437,1370955.0,0.76381755,9.0,rand,-0.06179262,0.06179262
2,total,0.35496256,0.2674066,0.24592769,0.39244193,0.6559567,0.4941549,0.5636739,1359147.0,0.7284448,9.0,al,-0.08755597,0.08755597
2,total,0.35496256,0.25022358,0.29547977,0.4363305,0.73472184,0.517925,0.6075623,1422112.0,0.76250285,10.0,rand,-0.10473899,0.10473899
2,total,0.35496256,0.27342182,0.22962435,0.45901513,0.72303665,0.5569412,0.6292118,1399136.0,0.7670032,10.0,al,-0.08154075,0.08154075
2,total,0.35496256,0.25670916,0.277251,0.47074443,0.76265126,0.55154777,0.64014393,1435504.0,0.7798869,11.0,al,-0.09825339,0.09825339
2,total,0.35496256,0.27598935,0.22321948,0.45423946,0.7140913,0.555216,0.6247102,1391321.0,0.76321083,11.0,rand,-0.078973204,0.078973204
2,total,0.35496256,0.2554132,0.28065705,0.4570422,0.74961644,0.5393841,0.6273557,1428078.0,0.7725476,12.0,rand,-0.099549375,0.099549375
2,total,0.35496256,0.25143775,0.29158476,0.46308962,0.7633506,0.5407173,0.6330293,1439011.0,0.77746946,12.0,al,-0.1035248,0.1035248
2,total,0.35496256,0.253467,0.28626245,0.43845502,0.73167574,0.5224633,0.6096189,1418100.0,0.7624813,13.0,al,-0.10149558,0.10149558
2,total,0.35496256,0.2667564,0.24856612,0.47662854,0.75229645,0.5653529,0.6455627,1422855.0,0.7796403,13.0,rand,-0.088206194,0.088206194
