,images,gt_confluence,pred_confluence,relative_delta_confluence,iou,precision,recall,f1,true_negative,accuracy,step,method,dAbsConf,dAbsAbsConf
2,total,0.26927653,0.37548319,0.39647242,0.26050267,0.35487574,0.49484265,0.4133309,1200515.0,0.62174034,0.0,rand,0.10620665,0.10620665
2,total,0.26927653,0.3530743,0.31336543,0.29599312,0.40257666,0.52785546,0.45678142,1277434.0,0.6619283,0.0,al,0.08379779,0.08379779
2,total,0.26927653,0.30505145,0.13514388,0.2592773,0.38764185,0.43914086,0.41178697,1336746.0,0.6621737,1.0,rand,0.035774928,0.035774928
2,total,0.26927653,0.2695579,0.032722816,0.27193505,0.42737028,0.42781523,0.42759216,1416480.0,0.6915678,1.0,al,0.00028135482,0.00028135482
2,total,0.26927653,0.276592,0.06397256,0.2719267,0.42192864,0.43338963,0.42758188,1402882.0,0.6875358,2.0,rand,0.007315453,0.007315453
2,total,0.26927653,0.3092869,0.15073782,0.28050932,0.4097837,0.47066975,0.438121,1347202.0,0.67491823,2.0,al,0.04001036,0.04001036
2,total,0.26927653,0.19863667,0.26073793,0.2316512,0.44305125,0.32682306,0.37616315,1523942.0,0.70809937,3.0,al,-0.07063987,0.07063987
2,total,0.26927653,0.30492207,0.13464287,0.25726503,0.3853256,0.43633175,0.409245,1335205.0,0.6607902,3.0,rand,0.03564553,0.03564553
2,total,0.26927653,0.27969176,0.04553896,0.2656995,0.41202965,0.42796484,0.41984558,1391674.0,0.6815145,4.0,rand,0.010415225,0.010415225
2,total,0.26927653,0.24624002,0.083410695,0.2590118,0.4306998,0.39385197,0.41145205,1451310.0,0.69659466,4.0,al,-0.023036517,0.023036517
2,total,0.26927653,0.21796894,0.18875928,0.24566807,0.44086,0.35685748,0.39443535,1496307.0,0.7049422,5.0,al,-0.051307593,0.051307593
2,total,0.26927653,0.2146531,0.20242843,0.22641936,0.41621786,0.33178547,0.36923593,1487864.0,0.69475543,5.0,rand,-0.05462343,0.05462343
2,total,0.26927653,0.22310403,0.17076382,0.24278969,0.43114877,0.35721862,0.39071676,1483926.0,0.70000166,6.0,rand,-0.046172503,0.046172503
2,total,0.26927653,0.25884867,0.04579906,0.26185054,0.42338684,0.4069894,0.4150257,1429017.0,0.6910612,6.0,al,-0.010427874,0.010427874
2,total,0.26927653,0.191393,0.28741723,0.22675891,0.44490767,0.31622428,0.36968735,1534730.0,0.709635,7.0,rand,-0.07788352,0.07788352
2,total,0.26927653,0.23328672,0.13191816,0.24883923,0.42925367,0.37188074,0.39851233,1468604.0,0.6977152,7.0,al,-0.035989802,0.035989802
2,total,0.26927653,0.17554869,0.34613755,0.20575081,0.43239164,0.28188625,0.341282,1550945.0,0.7069865,8.0,rand,-0.09372784,0.09372784
2,total,0.26927653,0.16429584,0.38934723,0.20357454,0.44636193,0.27234071,0.33828276,1572283.0,0.7130985,8.0,al,-0.10498069,0.10498069
2,total,0.26927653,0.17291157,0.35666347,0.21180516,0.4469802,0.28701943,0.3495692,1560823.0,0.7123881,9.0,al,-0.09636497,0.09636497
2,total,0.26927653,0.18172464,0.32313588,0.22661783,0.45851135,0.30943042,0.3694998,1553995.0,0.71564454,9.0,rand,-0.0875519,0.0875519
2,total,0.26927653,0.17079893,0.36432928,0.20328501,0.4352917,0.2760988,0.3378829,1558788.0,0.70861936,10.0,rand,-0.098477595,0.098477595
2,total,0.26927653,0.17697488,0.3410392,0.20565921,0.4301234,0.28268564,0.34115598,1547969.0,0.7059908,10.0,al,-0.09230165,0.09230165
2,total,0.26927653,0.16561827,0.38443932,0.20510843,0.44692534,0.27487934,0.34039783,1570713.0,0.7131433,11.0,al,-0.10365826,0.10365826
2,total,0.26927653,0.1896885,0.29349703,0.22912279,0.4510378,0.31772628,0.3728228,1539913.0,0.7121484,11.0,rand,-0.07958803,0.07958803
2,total,0.26927653,0.17375995,0.35337877,0.21981452,0.45946655,0.29648492,0.36040598,1565002.0,0.7166374,12.0,al,-0.09551658,0.09551658
2,total,0.26927653,0.1747296,0.349614,0.22911593,0.4736815,0.30736324,0.3728137,1569818.0,0.72152627,12.0,rand,-0.09454694,0.09454694
2,total,0.26927653,0.19727598,0.26501936,0.23652981,0.45238572,0.3314228,0.38256985,1530330.0,0.71193725,13.0,rand,-0.07200055,0.07200055
2,total,0.26927653,0.19580463,0.27038097,0.23448338,0.45116344,0.32806215,0.3798886,1531722.0,0.7115987,13.0,al,-0.073471904,0.073471904
