,images,gt_confluence,pred_confluence,relative_delta_confluence,iou,precision,recall,f1,true_negative,accuracy,step,method,dAbsConf,dAbsAbsConf
3,total,0.15109126,0.33544132,1.4531642,0.19748126,0.23919545,0.531042,0.32982728,466908.0,0.67394,0.0,al,0.18435006,0.18435006
3,total,0.15109126,0.18981779,0.39946172,0.21510054,0.3179303,0.3994176,0.35404518,565791.0,0.779789,0.0,rand,0.038726535,0.038726535
3,total,0.15109126,0.12103626,0.37021232,0.20152149,0.37709326,0.30207956,0.33544335,608317.0,0.81915665,1.0,rand,-0.030055,0.030055
3,total,0.15109126,0.2065249,0.41198662,0.21353862,0.30469716,0.416485,0.35192668,554680.0,0.7682393,1.0,al,0.05543364,0.05543364
3,total,0.15109126,0.25456464,0.69131714,0.27842718,0.34705314,0.58472687,0.43557724,536891.0,0.7710393,2.0,al,0.103473395,0.103473395
3,total,0.15109126,0.008123762,0.93063027,0.02062259,0.3960551,0.021292174,0.04041169,663751.0,0.8472201,2.0,rand,-0.14296749,0.14296749
3,total,0.15109126,0.10097095,0.29794246,0.1703419,0.36334786,0.24281494,0.2910972,617055.0,0.8213132,3.0,al,-0.05012031,0.05012031
3,total,0.15109126,0.089379355,0.36858103,0.1893301,0.42829704,0.25336003,0.3183806,627424.0,0.83609134,3.0,rand,-0.0617119,0.0617119
3,total,0.15109126,0.06798781,0.5478861,0.15156336,0.42411208,0.19083847,0.26323017,636818.0,0.83858997,4.0,rand,-0.08310345,0.08310345
3,total,0.15109126,0.15710804,0.24434128,0.19763908,0.3237289,0.33661833,0.3300473,584053.0,0.7935219,4.0,al,0.0060167774,0.0060167774
3,total,0.15109126,0.150267,0.23349647,0.24923964,0.40012187,0.39793643,0.39902565,596719.0,0.8188922,5.0,al,-0.00082424615,0.00082424615
3,total,0.15109126,0.04884947,0.600827,0.14822441,0.5283736,0.17082551,0.25817984,649491.0,0.85168076,5.0,rand,-0.102241784,0.102241784
3,total,0.15109126,0.2807449,0.96344364,0.23706508,0.2947696,0.5477138,0.38326973,511904.0,0.73367435,6.0,al,0.12965366,0.12965366
3,total,0.15109126,0.0323064,0.7399164,0.0662305,0.35263324,0.075397864,0.1242327,651162.0,0.83938724,6.0,rand,-0.11878486,0.11878486
3,total,0.15109126,0.116917655,0.42741972,0.14873555,0.29680142,0.22966935,0.25895476,602952.0,0.80139416,7.0,al,-0.0341736,0.0341736
3,total,0.15109126,0.035072055,0.7453827,0.098090395,0.474167,0.11006287,0.17865601,653106.0,0.84709674,7.0,rand,-0.116019204,0.116019204
3,total,0.15109126,0.12340264,0.2532289,0.22121902,0.40293878,0.32909453,0.36229163,609666.0,0.82495373,8.0,al,-0.027688615,0.027688615
3,total,0.15109126,0.080355056,0.45303833,0.11792453,0.30383113,0.16158488,0.21097001,623616.0,0.8173828,8.0,rand,-0.0707362,0.0707362
3,total,0.15109126,0.035785403,0.69078475,0.08498088,0.40903276,0.09687518,0.15664923,650978.0,0.84239835,9.0,rand,-0.115305856,0.115305856
3,total,0.15109126,0.07203774,0.461308,0.19615676,0.5079432,0.24217534,0.3279779,639733.0,0.85005313,9.0,al,-0.07905351,0.07905351
