,images,gt_confluence,pred_confluence,relative_delta_confluence,iou,precision,recall,f1,true_negative,accuracy,step,method,dAbsConf,dAbsAbsConf
139,total,0.5766645,0.19593522,0.7263576,0.31576964,0.9463118,0.32152984,0.4799767,21006196.0,0.59823096,0.0,al,-0.38072932,0.38072932
139,total,0.5766645,0.34022418,0.37302923,0.47018132,0.8618798,0.5084958,0.6396231,19150300.0,0.6695753,0.0,rand,-0.23644036,0.23644036
139,total,0.5766645,0.3767277,0.29662374,0.5039584,0.8480152,0.5539962,0.6701755,18627960.0,0.68554866,10.0,rand,-0.19993684,0.19993684
139,total,0.5766645,0.1856606,0.62462294,0.17533372,0.6125288,0.19720624,0.29835525,17880916.0,0.46511957,10.0,al,-0.39100394,0.39100394
139,total,0.5766645,0.41691825,0.3585494,0.4059842,0.6881489,0.4975183,0.5775084,14925592.0,0.5802205,20.0,al,-0.15974629,0.15974629
139,total,0.5766645,0.12749888,0.716944,0.18913156,0.8784236,0.19421542,0.3181,20752720.0,0.5198319,20.0,rand,-0.44916564,0.44916564
139,total,0.5766645,0.43387818,0.28223246,0.49803358,0.7743272,0.5825968,0.664916,16559096.0,0.6613841,30.0,rand,-0.14278634,0.14278634
139,total,0.5766645,0.24353702,0.5327688,0.34063604,0.8557296,0.36139032,0.50817037,19753624.0,0.5966014,30.0,al,-0.3331275,0.3331275
139,total,0.5766645,0.55446124,0.56815255,0.42084163,0.60424507,0.5809788,0.5923831,10375735.0,0.538935,40.0,al,-0.02220327,0.02220327
139,total,0.5766645,0.38577008,0.3311845,0.45880842,0.7846509,0.52490497,0.6290176,17314194.0,0.6429545,40.0,rand,-0.19089445,0.19089445
139,total,0.5766645,0.4468847,0.24947625,0.5267503,0.7902247,0.6123812,0.6900276,16771242.0,0.6827288,50.0,rand,-0.12977985,0.12977985
139,total,0.5766645,0.40992764,0.33936206,0.37237033,0.6530326,0.4642135,0.542667,14304025.0,0.54879975,50.0,al,-0.1667369,0.1667369
139,total,0.5766645,0.42206532,0.2679837,0.508693,0.7978547,0.58395475,0.6743487,17200044.0,0.67476314,60.0,rand,-0.15459922,0.15459922
139,total,0.5766645,0.41538522,0.45668003,0.34050485,0.60664964,0.43698314,0.50802433,13227279.0,0.5119366,60.0,al,-0.16127934,0.16127934
139,total,0.5766645,0.31865424,0.44860357,0.29309225,0.63684493,0.35190773,0.4533195,15653023.0,0.51054764,70.0,al,-0.2580103,0.2580103
139,total,0.5766645,0.42433518,0.25712577,0.5039551,0.79046476,0.5816574,0.67017263,17017128.0,0.6698437,70.0,rand,-0.15232937,0.15232937
139,total,0.5766645,0.43314174,0.23237848,0.564662,0.8413499,0.63194954,0.7217682,18044760.0,0.7190405,80.0,rand,-0.1435228,0.1435228
139,total,0.5766645,0.43681055,0.2735123,0.4559842,0.72663057,0.5504052,0.6263582,15465264.0,0.62132424,80.0,al,-0.13985397,0.13985397
139,total,0.5766645,0.37774378,0.3437474,0.44956544,0.7835969,0.5132933,0.6202757,17381886.0,0.6375888,90.0,rand,-0.19892077,0.19892077
139,total,0.5766645,0.2740911,0.552533,0.21868493,0.55697846,0.26473325,0.3588863,15362607.0,0.45456994,90.0,al,-0.30257344,0.30257344
139,total,0.5766645,0.35595992,0.481643,0.2706308,0.5580387,0.3444617,0.4259782,13536225.0,0.46465424,100.0,al,-0.2207046,0.2207046
139,total,0.5766645,0.38094762,0.3097396,0.4801203,0.8154139,0.5386653,0.648758,17963364.0,0.6636472,100.0,rand,-0.1957169,0.1957169
139,total,0.5766645,0.12609926,0.6923125,0.13197339,0.6497553,0.14208089,0.23317371,19294122.0,0.46110323,110.0,al,-0.45056528,0.45056528
139,total,0.5766645,0.42012027,0.2680718,0.523637,0.81541216,0.5940549,0.6873509,17595392.0,0.68835694,110.0,rand,-0.15654427,0.15654427
139,total,0.5766645,0.49837643,0.16204731,0.6357905,0.83840597,0.7245823,0.77734905,17443468.0,0.7606419,120.0,rand,-0.07828809,0.07828809
139,total,0.5766645,0.24298021,0.4973164,0.28924373,0.7568067,0.31888258,0.4487025,18534628.0,0.54813284,120.0,al,-0.33368433,0.33368433
139,total,0.5766645,0.33061418,0.41232136,0.38067895,0.75663465,0.43379363,0.55143684,17447270.0,0.5930291,130.0,al,-0.24605034,0.24605034
139,total,0.5766645,0.4286953,0.21375674,0.56987625,0.85131156,0.6328678,0.7260137,18297962.0,0.72454596,130.0,rand,-0.14796923,0.14796923
139,total,0.5766645,0.24081855,0.52792394,0.25286084,0.6851235,0.2861105,0.40365312,17682970.0,0.5124974,140.0,al,-0.33584598,0.33584598
139,total,0.5766645,0.37641418,0.29767403,0.5181139,0.8641405,0.56406087,0.68257535,18939248.0,0.69747007,140.0,rand,-0.20025036,0.20025036
139,total,0.5766645,0.33216086,0.3668567,0.36810255,0.7361782,0.42404008,0.5381208,17082362.0,0.58023334,150.0,rand,-0.24450366,0.24450366
139,total,0.5766645,0.40907407,0.39360312,0.40438753,0.693859,0.4922082,0.5758912,15168927.0,0.5819405,150.0,al,-0.16759047,0.16759047
139,total,0.5766645,0.27696827,0.45668054,0.34745148,0.7947365,0.38170546,0.5157161,18648592.0,0.5866002,160.0,al,-0.29969627,0.29969627
139,total,0.5766645,0.3388272,0.3736866,0.48876807,0.8870595,0.5212025,0.656607,19594244.0,0.6856273,160.0,rand,-0.23783733,0.23783733
139,total,0.5766645,0.27411437,0.47470576,0.27824944,0.6756234,0.32115275,0.43535972,17016976.0,0.5196169,170.0,al,-0.30255017,0.30255017
139,total,0.5766645,0.25487584,0.52128875,0.37667754,0.892675,0.39454547,0.54722655,20149542.0,0.6235014,170.0,rand,-0.3217887,0.3217887
139,total,0.5766645,0.27812344,0.50139886,0.40132895,0.8802018,0.42451698,0.57278293,19846056.0,0.63482076,180.0,rand,-0.2985411,0.2985411
139,total,0.5766645,0.33548626,0.3880802,0.46268508,0.8600573,0.50035423,0.6326512,19152484.0,0.6649233,180.0,al,-0.24117827,0.24117827
139,total,0.5766645,0.18533374,0.6603181,0.27711785,0.8921436,0.28672376,0.43397343,20524316.0,0.5686896,190.0,al,-0.39133078,0.39133078
139,total,0.5766645,0.26291943,0.5021149,0.32145107,0.77679497,0.3541638,0.48651183,18555296.0,0.56888443,190.0,rand,-0.3137451,0.3137451
139,total,0.5766645,0.323706,0.44327483,0.40841037,0.80656415,0.4527569,0.57995886,18355246.0,0.6218082,200.0,rand,-0.25295854,0.25295854
139,total,0.5766645,0.37443143,0.3069336,0.5148429,0.86329633,0.5605415,0.67973065,18936870.0,0.69539386,200.0,al,-0.2022331,0.2022331
139,total,0.5766645,0.2490038,0.5189182,0.31742516,0.7989439,0.34498265,0.48188677,18993988.0,0.5722112,210.0,rand,-0.32766074,0.32766074
139,total,0.5766645,0.34915096,0.34257177,0.46282208,0.83894706,0.50795275,0.63277924,18680124.0,0.66002214,210.0,al,-0.22751358,0.22751358
139,total,0.5766645,0.1763511,0.6109812,0.24340953,0.83589375,0.25562513,0.39151913,20068852.0,0.54180527,220.0,rand,-0.40031344,0.40031344
139,total,0.5766645,0.33207667,0.35745648,0.44388527,0.84128034,0.4844562,0.6148479,18859476.0,0.64999723,220.0,al,-0.24458787,0.24458787
139,total,0.5766645,0.3236551,0.40157193,0.40070322,0.79577786,0.44663185,0.57214534,18178104.0,0.61479485,230.0,al,-0.25300944,0.25300944
139,total,0.5766645,0.108593,0.732658,0.15572414,0.85027045,0.16011488,0.26948297,20714112.0,0.4994086,230.0,rand,-0.46807152,0.46807152
139,total,0.5766645,0.18601368,0.61485785,0.2341656,0.77794313,0.25093845,0.37947154,19439646.0,0.5267374,240.0,al,-0.39065084,0.39065084
139,total,0.5766645,0.092172325,0.75709826,0.12108371,0.78373885,0.1252691,0.21601166,20527180.0,0.47564062,240.0,rand,-0.4844922,0.4844922
139,total,0.5766645,0.28082252,0.4276155,0.38042518,0.84149796,0.4097889,0.5511706,19276540.0,0.61513543,250.0,al,-0.29584202,0.29584202
139,total,0.5766645,0.21488118,0.5468934,0.28447986,0.8158368,0.304002,0.4429491,19527798.0,0.55906963,250.0,rand,-0.36178336,0.36178336
139,total,0.5766645,0.13333416,0.6918334,0.16963771,0.7723067,0.17856845,0.2900685,19996652.0,0.4959505,260.0,rand,-0.44333038,0.44333038
139,total,0.5766645,0.26796076,0.52143353,0.3579534,0.83087486,0.3860841,0.527195,19235428.0,0.60065776,260.0,al,-0.30870378,0.30870378
139,total,0.5766645,0.27411547,0.46078223,0.40989456,0.9023402,0.4289227,0.58145374,20179284.0,0.64391,270.0,rand,-0.30254906,0.30254906
139,total,0.5766645,0.11169143,0.73439735,0.15809363,0.8413316,0.16295208,0.27302366,20639704.0,0.4995824,270.0,al,-0.4649731,0.4649731
139,total,0.5766645,0.15019947,0.68885416,0.18514575,0.7560126,0.1969116,0.31244352,19676712.0,0.50024086,280.0,al,-0.42646506,0.42646506
139,total,0.5766645,0.12332799,0.7143049,0.16671285,0.8110353,0.17345013,0.28578186,20355626.0,0.5000535,280.0,rand,-0.45333654,0.45333654
139,total,0.5766645,0.21620362,0.5603117,0.28190228,0.8064606,0.30235758,0.43981826,19412252.0,0.5558506,290.0,al,-0.3604609,0.3604609
139,total,0.5766645,0.1430158,0.68563193,0.20092817,0.84194136,0.20880437,0.33462113,20391232.0,0.5211408,290.0,rand,-0.43364874,0.43364874
139,total,0.5766645,0.117210984,0.7078149,0.14946172,0.7697537,0.15645634,0.26005486,20168232.0,0.48657113,300.0,al,-0.45945355,0.45945355
139,total,0.5766645,0.11636738,0.7122479,0.1590081,0.8170674,0.16487779,0.27438626,20458274.0,0.49712744,300.0,rand,-0.46029717,0.46029717
139,total,0.5766645,0.1366305,0.6909392,0.17689578,0.7846998,0.18591945,0.30061385,20044620.0,0.50113225,310.0,rand,-0.44003403,0.44003403
139,total,0.5766645,0.09643039,0.7609858,0.12290028,0.7639728,0.12775093,0.21889769,20383332.0,0.47424495,310.0,al,-0.48023415,0.48023415
139,total,0.5766645,0.076937854,0.79772043,0.106213704,0.8156805,0.10882565,0.19203088,20819876.0,0.4719104,320.0,al,-0.49972668,0.49972668
139,total,0.5766645,0.18033324,0.6401196,0.23160219,0.78939223,0.2468556,0.37609866,19608892.0,0.52770895,320.0,rand,-0.39633128,0.39633128
139,total,0.5766645,0.035496525,0.8936098,0.05016416,0.8238113,0.050708186,0.09553573,21223244.0,0.44632316,330.0,al,-0.54116803,0.54116803
139,total,0.5766645,0.23155431,0.5123436,0.34190917,0.8893344,0.35710245,0.50958574,20237544.0,0.60363877,330.0,rand,-0.34511024,0.34511024
