,images,gt_confluence,pred_confluence,relative_delta_confluence,iou,precision,recall,f1,true_negative,accuracy,step,method,dAbsConf,dAbsAbsConf
3,total,0.15109126,0.21650541,0.5910043,0.2504823,0.34009725,0.4873383,0.40061662,555250.0,0.77966946,0.0,al,0.06541416,0.06541416
3,total,0.15109126,0.3367625,1.5026969,0.15337071,0.19263707,0.4293613,0.26595172,453787.0,0.64189273,0.0,rand,0.18567121,0.18567121
3,total,0.15109126,0.17548597,0.44334537,0.11913373,0.19810589,0.23009014,0.21290298,556942.0,0.742953,1.0,rand,0.024394717,0.024394717
3,total,0.15109126,0.13505273,0.40104038,0.11318766,0.21543372,0.19256373,0.20335725,584281.0,0.7720464,1.0,al,-0.01603853,0.01603853
3,total,0.15109126,0.30045292,1.232119,0.19150963,0.24155575,0.4803447,0.3214567,488400.0,0.6936086,2.0,al,0.14936166,0.14936166
3,total,0.15109126,0.304026,1.1985172,0.1765375,0.22461782,0.45197478,0.3000962,482219.0,0.6814626,2.0,rand,0.15293476,0.15293476
3,total,0.15109126,0.3168612,1.4023813,0.12279567,0.16151595,0.3387223,0.21873157,458668.0,0.6344045,3.0,al,0.16576993,0.16576993
3,total,0.15109126,0.24854887,0.81793505,0.20634939,0.27503505,0.45243767,0.34210503,525903.0,0.7370796,3.0,rand,0.09745762,0.09745762
3,total,0.15109126,0.36664045,1.9479433,0.121189594,0.15263389,0.37038285,0.21617995,423282.0,0.5941925,4.0,rand,0.2155492,0.2155492
3,total,0.15109126,0.1556292,0.21189481,0.18339032,0.30542278,0.31459397,0.30994004,582599.0,0.78834534,4.0,al,0.0045379465,0.0045379465
3,total,0.15109126,0.1482414,0.23191507,0.23016304,0.37779742,0.37066898,0.37419873,595072.0,0.81267804,5.0,al,-0.0028498503,0.0028498503
3,total,0.15109126,0.1779401,0.3026053,0.22819592,0.34356174,0.40461022,0.37159482,575749.0,0.7932358,5.0,rand,0.02684884,0.02684884
3,total,0.15109126,0.16775486,0.3244495,0.24745658,0.37703428,0.41861424,0.39673728,585423.0,0.8076528,6.0,al,0.016663598,0.016663598
3,total,0.15109126,0.11711857,0.57770723,0.113881804,0.23413496,0.18148844,0.20447686,597069.0,0.7866338,6.0,rand,-0.033972695,0.033972695
3,total,0.15109126,0.09802219,0.32369074,0.23362026,0.4812874,0.31223753,0.37875506,627623.0,0.8452403,7.0,al,-0.05306907,0.05306907
3,total,0.15109126,0.099911734,0.29042876,0.20775081,0.4321459,0.28576118,0.34402877,622991.0,0.83535004,7.0,rand,-0.05117952,0.05117952
3,total,0.15109126,0.088905066,0.37502983,0.22034644,0.4874208,0.28680474,0.36112064,631771.0,0.84667206,8.0,al,-0.062186196,0.062186196
3,total,0.15109126,0.06922377,0.43582213,0.077017754,0.22759418,0.10427274,0.14301996,625560.0,0.8111954,8.0,rand,-0.081867486,0.081867486
3,total,0.15109126,0.09357298,0.32915017,0.23178515,0.49200958,0.30470532,0.37633976,630227.0,0.84741336,9.0,rand,-0.057518277,0.057518277
3,total,0.15109126,0.07968621,0.43438986,0.214573,0.5116409,0.26983833,0.3533303,637005.0,0.850764,9.0,al,-0.071405046,0.071405046
