,images,gt_confluence,pred_confluence,relative_delta_confluence,iou,precision,recall,f1,true_negative,accuracy,step,method,dAbsConf,dAbsAbsConf
2,total,0.26927653,0.34004536,0.2644558,0.28793427,0.40059927,0.50587964,0.44712523,1294911.0,0.6631222,0.0,rand,0.070768826,0.070768826
2,total,0.26927653,0.4808209,0.7879858,0.2739523,0.33547214,0.5990187,0.43008205,1010578.0,0.5725069,0.0,al,0.21154438,0.21154438
2,total,0.26927653,0.32741067,0.21762553,0.2886143,0.4081778,0.49629784,0.4479447,1319621.0,0.67059654,1.0,rand,0.05813414,0.05813414
2,total,0.26927653,0.29954284,0.11483575,0.27160776,0.40560672,0.45119482,0.42718744,1358261.0,0.674174,1.0,al,0.0302663,0.0302663
2,total,0.26927653,0.31942117,0.18948163,0.29028952,0.41464216,0.49185523,0.44995978,1336316.0,0.6761934,2.0,rand,0.050144635,0.050144635
2,total,0.26927653,0.33660012,0.25239906,0.29241356,0.40725508,0.5090741,0.45250723,1305492.0,0.66828775,2.0,al,0.06732359,0.06732359
2,total,0.26927653,0.24814512,0.0763214,0.24844927,0.41496035,0.3823949,0.3980121,1439046.0,0.6885193,3.0,al,-0.021131406,0.021131406
2,total,0.26927653,0.3623476,0.35122687,0.3130565,0.4155977,0.55924076,0.4768358,1275414.0,0.6695577,3.0,rand,0.093071066,0.093071066
2,total,0.26927653,0.28499123,0.06937058,0.27919367,0.42448086,0.44925156,0.4365146,1392737.0,0.68767905,4.0,rand,0.015714705,0.015714705
2,total,0.26927653,0.29177916,0.08488511,0.2640426,0.40166566,0.43523017,0.41777435,1366776.0,0.67333984,4.0,al,0.022502627,0.022502627
2,total,0.26927653,0.23506203,0.12590359,0.24323945,0.41977823,0.3664393,0.39129895,1460640.0,0.69300944,5.0,al,-0.034214497,0.034214497
2,total,0.26927653,0.27242002,0.05914217,0.27930805,0.43413636,0.43920282,0.4366544,1416982.0,0.69483846,5.0,rand,0.0031434968,0.0031434968
2,total,0.26927653,0.27816263,0.073157206,0.27540627,0.42497477,0.4389973,0.43187174,1402733.0,0.68898517,6.0,rand,0.008886091,0.008886091
2,total,0.26927653,0.26622942,0.047418367,0.257606,0.41202202,0.4073581,0.40967628,1411122.0,0.68387896,6.0,al,-0.0030470956,0.0030470956
2,total,0.26927653,0.22898741,0.14738503,0.2592109,0.44792336,0.38090345,0.41170326,1485141.0,0.7068738,7.0,rand,-0.04028912,0.04028912
2,total,0.26927653,0.17683612,0.3427913,0.20086442,0.42197242,0.27711123,0.3345326,1544621.0,0.70312744,7.0,al,-0.092440404,0.092440404
2,total,0.26927653,0.2197475,0.18152729,0.25102064,0.4465317,0.36439782,0.40130484,1496926.0,0.70722455,8.0,rand,-0.04952903,0.04952903
2,total,0.26927653,0.1828314,0.32055706,0.21173237,0.4320891,0.29337507,0.34947005,1540650.0,0.70589113,8.0,al,-0.08644512,0.08644512
2,total,0.26927653,0.19722919,0.26650923,0.2124938,0.41452792,0.30361575,0.35050654,1512043.0,0.6970085,9.0,al,-0.07204734,0.07204734
2,total,0.26927653,0.17444965,0.34969658,0.21178673,0.44454837,0.2879971,0.34954408,1557690.0,0.71137655,9.0,rand,-0.094826885,0.094826885
2,total,0.26927653,0.2274184,0.15272714,0.26015177,0.45088843,0.38079768,0.4128891,1488927.0,0.7083858,10.0,rand,-0.04185813,0.04185813
2,total,0.26927653,0.17290668,0.35632968,0.2041315,0.43353894,0.27838054,0.33905137,1555118.0,0.7077405,10.0,al,-0.09636985,0.09636985
2,total,0.26927653,0.16588317,0.38335264,0.20374277,0.4440138,0.27352542,0.33851498,1569166.0,0.71214926,11.0,al,-0.10339337,0.10339337
2,total,0.26927653,0.22762755,0.15220799,0.2579164,0.44758543,0.37835574,0.41006872,1486797.0,0.70686156,11.0,rand,-0.041648984,0.041648984
2,total,0.26927653,0.17741922,0.33966023,0.22118016,0.45601493,0.30045453,0.36223954,1558636.0,0.71511596,12.0,al,-0.091857314,0.091857314
2,total,0.26927653,0.23886046,0.11069898,0.2736256,0.45703816,0.4054118,0.4296793,1477096.0,0.7101998,12.0,rand,-0.030416073,0.030416073
2,total,0.26927653,0.22608213,0.15810247,0.25202322,0.4410448,0.3702956,0.40258503,1485261.0,0.70406616,13.0,rand,-0.043194395,0.043194395
2,total,0.26927653,0.19590595,0.27013883,0.23509915,0.4519873,0.3288313,0.3806963,1531982.0,0.7119116,13.0,al,-0.07337058,0.07337058
