,images,gt_confluence,pred_confluence,relative_delta_confluence,iou,precision,recall,f1,true_negative,accuracy,step,method,dAbsConf,dAbsAbsConf
2,total,0.26927653,0.43299946,0.610497,0.2845203,0.35924697,0.5776715,0.44299802,1113977.0,0.60883176,0.0,rand,0.16372292,0.16372292
2,total,0.26927653,0.38208148,0.42065173,0.29333714,0.38665134,0.54862535,0.4536123,1219891.0,0.64410686,0.0,al,0.11280496,0.11280496
2,total,0.26927653,0.34228045,0.276064,0.2787884,0.38952145,0.4951237,0.4360191,1282300.0,0.6550944,1.0,rand,0.07300393,0.07300393
2,total,0.26927653,0.31505838,0.17213613,0.28805503,0.41477492,0.48529255,0.4472708,1342695.0,0.6770219,1.0,al,0.045781843,0.045781843
2,total,0.26927653,0.3200657,0.19121127,0.28993288,0.41386566,0.49192473,0.44953123,1334778.0,0.67558634,2.0,rand,0.050789166,0.050789166
2,total,0.26927653,0.26849505,0.06487339,0.27935883,0.43735328,0.43608242,0.4367164,1424563.0,0.69708294,2.0,al,-0.0007814707,0.0007814707
2,total,0.26927653,0.27188495,0.044676468,0.26323807,0.41476873,0.41878498,0.41676667,1404785.0,0.68437743,3.0,al,0.002608422,0.002608422
2,total,0.26927653,0.384776,0.4342412,0.32081133,0.41287068,0.58995974,0.4857787,1240623.0,0.6636731,3.0,rand,0.11549945,0.11549945
2,total,0.26927653,0.31067118,0.15595905,0.29431322,0.42448163,0.48973367,0.45477846,1356416.0,0.6838009,4.0,rand,0.041394636,0.041394636
2,total,0.26927653,0.26978576,0.047317896,0.2705557,0.42548448,0.42628753,0.42588514,1414909.0,0.6905172,4.0,al,0.0005092194,0.0005092194
2,total,0.26927653,0.22033995,0.18029684,0.23930945,0.4290856,0.35110477,0.38619757,1486673.0,0.6994731,5.0,al,-0.048936583,0.048936583
2,total,0.26927653,0.25247008,0.060677495,0.25509307,0.42002326,0.39380664,0.4064922,1435969.0,0.69034016,5.0,rand,-0.016806455,0.016806455
2,total,0.26927653,0.26498473,0.04316788,0.26769564,0.4257552,0.4189678,0.42233372,1421864.0,0.69137615,6.0,rand,-0.004291806,0.004291806
2,total,0.26927653,0.26342303,0.044753913,0.24844083,0.4024245,0.39367518,0.39800128,1408964.0,0.6793164,6.0,al,-0.0058534923,0.0058534923
2,total,0.26927653,0.14614765,0.45590812,0.1862476,0.44629005,0.24221864,0.3140109,1596950.0,0.7150244,7.0,rand,-0.12312888,0.12312888
2,total,0.26927653,0.19862038,0.26179934,0.21799289,0.4216239,0.31099138,0.35795382,1513505.0,0.69958943,7.0,al,-0.07065614,0.07065614
2,total,0.26927653,0.25576678,0.06829119,0.28545284,0.45585853,0.4329862,0.4441276,1453795.0,0.7081437,8.0,rand,-0.013509742,0.013509742
2,total,0.26927653,0.1885744,0.29880565,0.22231649,0.4416017,0.3092521,0.36376208,1537043.0,0.70869875,8.0,al,-0.080702126,0.080702126
2,total,0.26927653,0.18006651,0.3305681,0.21611238,0.44345793,0.29654083,0.35541466,1549540.0,0.71036094,9.0,al,-0.08921002,0.08921002
2,total,0.26927653,0.25592712,0.13471651,0.2624614,0.4266381,0.40548587,0.41579264,1435202.0,0.693173,9.0,rand,-0.013349423,0.013349423
2,total,0.26927653,0.15737812,0.41346815,0.19434756,0.4411459,0.25782517,0.32544512,1579678.0,0.7121989,10.0,rand,-0.111898415,0.111898415
2,total,0.26927653,0.18653461,0.3063032,0.21519572,0.43272728,0.29975945,0.35417408,1535774.0,0.70562625,10.0,al,-0.08274192,0.08274192
2,total,0.26927653,0.18232399,0.3217874,0.21515113,0.4385563,0.29693973,0.35411373,1544256.0,0.7083183,11.0,al,-0.08695253,0.08695253
2,total,0.26927653,0.18135679,0.32510442,0.22520384,0.45672873,0.3076035,0.36761808,1553690.0,0.71502846,11.0,rand,-0.087919734,0.087919734
2,total,0.26927653,0.1727366,0.35713774,0.21663433,0.4556376,0.29228255,0.35612023,1564736.0,0.71539754,12.0,al,-0.09653994,0.09653994
2,total,0.26927653,0.20944598,0.22024629,0.23458974,0.4343095,0.33780867,0.38002816,1504647.0,0.70320636,12.0,rand,-0.059830543,0.059830543
2,total,0.26927653,0.21285337,0.2072231,0.23722708,0.4343097,0.3433045,0.38348138,1499910.0,0.7027588,13.0,rand,-0.056423154,0.056423154
2,total,0.26927653,0.194081,0.27683964,0.23420322,0.45304433,0.3265299,0.37952083,1534944.0,0.7124972,13.0,al,-0.075195536,0.075195536
