,images,gt_confluence,pred_confluence,relative_delta_confluence,iou,precision,recall,f1,true_negative,accuracy,step,method,dAbsConf,dAbsAbsConf
2,total,0.35496256,0.40683857,0.14738798,0.503338,0.6269358,0.71855754,0.66962665,1212238.0,0.74832195,0.0,rand,0.051876,0.051876
2,total,0.35496256,0.419813,0.18456247,0.38775608,0.515663,0.60987145,0.55882406,1085539.0,0.65818846,0.0,al,0.06485045,0.06485045
2,total,0.35496256,0.37335914,0.052419905,0.4394843,0.59557086,0.62643576,0.61061305,1214154.0,0.71640176,1.0,al,0.01839659,0.01839659
2,total,0.35496256,0.2753078,0.22485444,0.41233614,0.66837865,0.5183904,0.58390605,1360871.0,0.73774904,1.0,rand,-0.07965476,0.07965476
2,total,0.35496256,0.38311136,0.080893286,0.38613185,0.53666896,0.57922566,0.55713534,1149003.0,0.67313397,2.0,al,0.028148787,0.028148787
2,total,0.35496256,0.26882303,0.24211673,0.3599197,0.6141326,0.46509796,0.5293244,1330318.0,0.70640016,2.0,rand,-0.086139545,0.086139545
2,total,0.35496256,0.27753273,0.2172997,0.3972121,0.6478942,0.50656384,0.5685776,1345086.0,0.7271281,3.0,rand,-0.07742982,0.07742982
2,total,0.35496256,0.34240374,0.034697928,0.39231494,0.5738792,0.5535733,0.5635429,1226668.0,0.6956303,3.0,al,-0.012558814,0.012558814
2,total,0.35496256,0.31564918,0.110283114,0.41981024,0.62818843,0.5586125,0.59136057,1296816.0,0.72596234,4.0,rand,-0.039313372,0.039313372
2,total,0.35496256,0.3380971,0.046574138,0.41834286,0.60461783,0.57588875,0.58990324,1256719.0,0.71577924,4.0,al,-0.016865455,0.016865455
2,total,0.35496256,0.34759745,0.020430606,0.45555055,0.6325819,0.6194547,0.62594897,1271376.0,0.7372074,5.0,al,-0.0073651294,0.0073651294
2,total,0.35496256,0.26219136,0.26149493,0.4064572,0.6802435,0.50245655,0.5779868,1379206.0,0.73955363,5.0,rand,-0.09277122,0.09277122
2,total,0.35496256,0.3467706,0.022473002,0.4623635,0.6398211,0.6250533,0.6323505,1278292.0,0.74200886,6.0,al,-0.0081919525,0.0081919525
2,total,0.35496256,0.366133,0.0512159,0.5303129,0.682506,0.7039821,0.6930772,1299561.0,0.77868,6.0,rand,0.011170434,0.011170434
2,total,0.35496256,0.27953428,0.21315974,0.4639009,0.7192979,0.5664476,0.6337868,1392407.0,0.7676396,7.0,rand,-0.07542828,0.07542828
2,total,0.35496256,0.30736142,0.13339506,0.43059352,0.64859426,0.56161475,0.60197836,1319803.0,0.7363814,7.0,al,-0.047601134,0.047601134
2,total,0.35496256,0.2841046,0.20045853,0.4398692,0.68717855,0.5500014,0.61098444,1366828.0,0.7513936,8.0,rand,-0.070857964,0.070857964
2,total,0.35496256,0.26824155,0.24411368,0.42891368,0.69737935,0.5270004,0.6003348,1385748.0,0.75092775,8.0,al,-0.086721,0.086721
2,total,0.35496256,0.26255146,0.2611213,0.4425019,0.72149295,0.53365713,0.61351955,1405539.0,0.7613436,9.0,rand,-0.09241111,0.09241111
2,total,0.35496256,0.26454365,0.2537786,0.40616405,0.6764174,0.504113,0.57769036,1374870.0,0.7383773,9.0,al,-0.09041892,0.09041892
2,total,0.35496256,0.2772296,0.22028409,0.45356727,0.7115689,0.555741,0.6240742,1388731.0,0.76234335,10.0,rand,-0.077732965,0.077732965
2,total,0.35496256,0.28527892,0.19611432,0.46830252,0.7157905,0.57526976,0.63788235,1385985.0,0.76815796,10.0,al,-0.06968365,0.06968365
2,total,0.35496256,0.2552199,0.28136092,0.46504647,0.7589115,0.5456591,0.6348551,1434027.0,0.77719563,11.0,al,-0.09974265,0.09974265
2,total,0.35496256,0.301959,0.15086164,0.5166029,0.7410564,0.6303986,0.6812627,1393084.0,0.79061526,11.0,rand,-0.053003557,0.053003557
2,total,0.35496256,0.288561,0.18695109,0.45551825,0.6979363,0.5673739,0.6259185,1371031.0,0.7592704,12.0,rand,-0.066401586,0.066401586
2,total,0.35496256,0.26015604,0.26695958,0.47478008,0.76118666,0.55788004,0.6438651,1432557.0,0.78093547,12.0,al,-0.09480654,0.09480654
2,total,0.35496256,0.26807678,0.24516805,0.4561827,0.72808176,0.5498638,0.6265454,1406098.0,0.7673238,13.0,al,-0.0868858,0.0868858
2,total,0.35496256,0.25864807,0.27218103,0.44000286,0.7248978,0.5282041,0.61111337,1410375.0,0.7613757,13.0,rand,-0.09631451,0.09631451
