,images,gt_confluence,pred_confluence,relative_delta_confluence,iou,precision,recall,f1,true_negative,accuracy,step,method,dAbsConf,dAbsAbsConf
2,total,0.26927653,0.39125752,0.4552309,0.31554928,0.4049422,0.5883776,0.47972202,1223647.0,0.6563395,0.0,rand,0.12198098,0.12198098
2,total,0.26927653,0.35515928,0.32073906,0.2885193,0.3936852,0.51924527,0.44783026,1266612.0,0.6552063,0.0,al,0.08588275,0.08588275
2,total,0.26927653,0.25487486,0.062452972,0.2510885,0.4127332,0.39065754,0.40139157,1427975.0,0.6862394,1.0,rand,-0.01440167,0.01440167
2,total,0.26927653,0.23010965,0.14400372,0.24111,0.42160687,0.36028162,0.3885388,1468736.0,0.6946456,1.0,al,-0.039166886,0.039166886
2,total,0.26927653,0.2836867,0.060049072,0.28261006,0.42948797,0.45247018,0.44067913,1398073.0,0.690717,2.0,rand,0.01441018,0.01441018
2,total,0.26927653,0.26004332,0.04567611,0.26066524,0.42087844,0.4064454,0.41353554,1425721.0,0.6895736,2.0,al,-0.009233212,0.009233212
2,total,0.26927653,0.26168558,0.05209558,0.26238304,0.42172486,0.40983477,0.4156943,1423928.0,0.6897567,3.0,al,-0.00759096,0.00759096
2,total,0.26927653,0.2141514,0.20272188,0.24637152,0.4462261,0.35487494,0.39534155,1504377.0,0.7076921,3.0,rand,-0.05512514,0.05512514
2,total,0.26927653,0.25589293,0.057182994,0.27246913,0.43945268,0.41760933,0.42825216,1443309.0,0.69973636,4.0,rand,-0.013383603,0.013383603
2,total,0.26927653,0.30101094,0.12005203,0.28165394,0.4163488,0.46541417,0.43951586,1364063.0,0.6803638,4.0,al,0.0317344,0.0317344
2,total,0.26927653,0.22481668,0.16406484,0.25050178,0.44025868,0.3675666,0.40064153,1486565.0,0.7038619,5.0,al,-0.044459857,0.044459857
2,total,0.26927653,0.24725442,0.0804422,0.2741383,0.44947585,0.41271493,0.4303112,1461300.0,0.70573896,5.0,rand,-0.022022111,0.022022111
2,total,0.26927653,0.2663938,0.036848452,0.27891213,0.4385317,0.43383542,0.43617043,1428240.0,0.697974,6.0,rand,-0.0028827076,0.0028827076
2,total,0.26927653,0.27215555,0.0451895,0.27037597,0.42341223,0.42793763,0.4256624,1410177.0,0.6890361,6.0,al,0.002879011,0.002879011
2,total,0.26927653,0.2236916,0.16712236,0.2483704,0.4384566,0.3642301,0.3979109,1487122.0,0.7031901,7.0,rand,-0.045584936,0.045584936
2,total,0.26927653,0.17349912,0.35533312,0.19703448,0.4200718,0.27065736,0.32920387,1548551.0,0.7029887,7.0,al,-0.0957774,0.0957774
2,total,0.26927653,0.18281879,0.3195955,0.21293405,0.43412873,0.2947396,0.35110524,1541584.0,0.7066386,8.0,rand,-0.08645774,0.08645774
2,total,0.26927653,0.18011005,0.3307551,0.20910653,0.4315058,0.28861818,0.34588555,1544190.0,0.70605063,8.0,al,-0.08916648,0.08916648
2,total,0.26927653,0.18486673,0.31195718,0.2121166,0.42989835,0.29513702,0.34999326,1536814.0,0.70480466,9.0,al,-0.08440981,0.08440981
2,total,0.26927653,0.17364886,0.35357338,0.21123788,0.44483864,0.28686228,0.34879622,1558907.0,0.71156615,9.0,rand,-0.095627666,0.095627666
2,total,0.26927653,0.2084385,0.22402647,0.24287666,0.44786787,0.34667876,0.39082938,1512993.0,0.7089909,10.0,rand,-0.06083803,0.06083803
2,total,0.26927653,0.18811826,0.30012923,0.23058456,0.45559648,0.31828088,0.37475565,1544139.0,0.71401733,10.0,al,-0.08115826,0.08115826
2,total,0.26927653,0.15894184,0.40891486,0.19772767,0.4447727,0.2625277,0.33017084,1578947.0,0.7131677,11.0,al,-0.110334694,0.110334694
2,total,0.26927653,0.17548603,0.34679142,0.21392636,0.44664156,0.2910722,0.3524531,1557178.0,0.71199626,11.0,rand,-0.0937905,0.0937905
2,total,0.26927653,0.17350401,0.35428298,0.21764745,0.45615512,0.29391453,0.35748798,1563930.0,0.71550906,12.0,al,-0.09577252,0.09577252
2,total,0.26927653,0.18690407,0.3041215,0.23590803,0.46588206,0.3233657,0.38175613,1550488.0,0.71796995,12.0,rand,-0.08237246,0.08237246
2,total,0.26927653,0.22710346,0.15426987,0.25369304,0.4422918,0.37302008,0.40471268,1484554.0,0.7045121,13.0,rand,-0.042173073,0.042173073
2,total,0.26927653,0.19266254,0.2821749,0.23206079,0.4516046,0.32311332,0.376703,1536169.0,0.7120756,13.0,al,-0.07661399,0.07661399
