,images,gt_confluence,pred_confluence,relative_delta_confluence,iou,precision,recall,f1,true_negative,accuracy,step,method,dAbsConf,dAbsAbsConf
139,total,0.5766645,0.2725738,0.4650687,0.30455115,0.72735375,0.3437993,0.4669052,17759900.0,0.5472764,0.0,rand,-0.30409074,0.30409074
139,total,0.5766645,0.0015773941,0.9971324,0.0025824527,0.9448358,0.002582842,0.0051515964,21537052.0,0.42473793,0.0,al,-0.57508713,0.57508713
139,total,0.5766645,1e-06,0.9999975,0.0,0.0,0.0,0.0,21541476.0,0.42333546,10.0,al,-0.57666355,0.57666355
139,total,0.5766645,0.008976689,0.9813959,0.0145626385,0.93653566,0.014577024,0.028707195,21512490.0,0.4311719,10.0,rand,-0.56768787,0.56768787
139,total,0.5766645,0.00051069714,0.99910897,0.0008458069,0.956971,0.00084583904,0.0016901825,21540360.0,0.4238013,20.0,al,-0.5761538,0.5761538
139,total,0.5766645,0.006154626,0.98771745,0.009325433,0.8750639,0.009337866,0.018478524,21502356.0,0.42795148,20.0,rand,-0.5705099,0.5705099
139,total,0.5766645,0.025701381,0.94260925,0.042473517,0.9549339,0.042558827,0.08148596,21482540.0,0.4467194,30.0,rand,-0.55096316,0.55096316
139,total,0.5766645,1.9040637e-05,0.9999632,2.995534e-05,0.9575163,2.995538e-05,5.9908823e-05,21541436.0,0.42335197,30.0,al,-0.5766455,0.5766455
139,total,0.5766645,0.008464771,0.9787033,0.012318504,0.84125566,0.012347206,0.024337182,21473108.0,0.42911208,40.0,rand,-0.56819975,0.56819975
139,total,0.5766645,2.8395041e-05,0.99994546,4.5972407e-05,0.9677188,4.5972476e-05,9.194049e-05,21541432.0,0.4233611,40.0,al,-0.57663614,0.57663614
139,total,0.5766645,0.0022221208,0.9936103,0.0034366655,0.89262265,0.003438087,0.006849783,21529340.0,0.42507958,50.0,rand,-0.5744424,0.5744424
139,total,0.5766645,4.5177276e-06,0.99998957,5.6571e-06,0.9273743,5.6571025e-06,1.1314124e-05,21541464.0,0.42333847,50.0,al,-0.57666004,0.57666004
139,total,0.5766645,0.00031048144,0.99920565,0.00048900937,0.9112268,0.00048903265,0.0009775396,21540078.0,0.42359,60.0,rand,-0.576354,0.576354
139,total,0.5766645,0.14180045,0.70932597,0.18228747,0.7812035,0.19209476,0.30836374,19962754.0,0.5030845,60.0,al,-0.43486407,0.43486407
139,total,0.5766645,0.00697349,0.98326784,0.005219904,0.4346667,0.0052555846,0.010385572,21340898.0,0.4224244,70.0,al,-0.56969106,0.56969106
139,total,0.5766645,0.00011209338,0.9995841,0.00014629407,0.7594198,0.00014630085,0.00029254495,21540116.0,0.4233931,70.0,rand,-0.57655245,0.57655245
139,total,0.5766645,0.0127371,0.9674306,0.020440541,0.92699796,0.020473497,0.040062144,21494164.0,0.43421206,80.0,rand,-0.5639274,0.5639274
139,total,0.5766645,0.019183032,0.9571263,0.02713577,0.82064277,0.027297666,0.05283769,21366408.0,0.43563664,80.0,al,-0.5574815,0.5574815
139,total,0.5766645,0.017272178,0.96397907,0.021653932,0.7288706,0.02182977,0.0423899,21303196.0,0.43124118,90.0,al,-0.55939233,0.55939233
139,total,0.5766645,0.015006526,0.9652702,0.024861062,0.95649576,0.024889207,0.048515916,21508258.0,0.43703538,90.0,rand,-0.561658,0.561658
139,total,0.5766645,0.0020142016,0.99459743,0.00339024,0.9712032,0.0033905809,0.0067575634,21538526.0,0.4252327,100.0,rand,-0.57465035,0.57465035
139,total,0.5766645,0.00229503,0.99476373,0.0034657274,0.87164617,0.0034674972,0.0069075073,21526492.0,0.4250406,100.0,al,-0.5743695,0.5743695
139,total,0.5766645,0.0010600915,0.9974508,0.0015674822,0.85370743,0.0015679034,0.0031300546,21533592.0,0.4240847,110.0,al,-0.57560444,0.57560444
139,total,0.5766645,0.0043885107,0.98867524,0.0071941703,0.9459417,0.007197129,0.014285553,21529408.0,0.42724863,110.0,rand,-0.572276,0.572276
139,total,0.5766645,0.005326329,0.98683935,0.008818373,0.95531034,0.008822013,0.01748256,21529366.0,0.4281848,120.0,rand,-0.5713382,0.5713382
139,total,0.5766645,5.9818765e-05,0.9997993,9.531813e-05,0.93451387,9.531877e-05,0.0001906179,21541280.0,0.42338657,120.0,al,-0.5766047,0.5766047
139,total,0.5766645,0.00033036937,0.9992338,0.000494686,0.86616945,0.00049472385,0.0009888817,21539232.0,0.42357668,130.0,al,-0.5763342,0.5763342
139,total,0.5766645,0.0011844501,0.9971145,0.0019764625,0.96315175,0.001976612,0.003945124,21539256.0,0.4244317,130.0,rand,-0.5754801,0.5754801
139,total,0.5766645,0.0006370602,0.99794936,0.0010051961,0.9114194,0.0010052944,0.0020083713,21538608.0,0.42385885,140.0,rand,-0.57602745,0.57602745
139,total,0.5766645,0.00080488925,0.998202,0.0011817089,0.8478707,0.0011819595,0.0023606254,21535252.0,0.42389476,140.0,al,-0.57585967,0.57585967
139,total,0.5766645,0.0071612857,0.9814349,0.011647398,0.93875426,0.011656255,0.02302657,21519160.0,0.4296187,150.0,rand,-0.56950325,0.56950325
139,total,0.5766645,0.0014103315,0.995811,0.0020967978,0.8582564,0.002097524,0.004184816,21531312.0,0.42434528,150.0,al,-0.5752542,0.5752542
139,total,0.5766645,0.003571985,0.9902372,0.0058904444,0.95151067,0.005892213,0.011711888,21532664.0,0.42656013,160.0,rand,-0.5730925,0.5730925
139,total,0.5766645,0.03262771,0.9117259,0.01307379,0.24099724,0.013635218,0.02581004,20281368.0,0.40643466,160.0,al,-0.5440368,0.5440368
139,total,0.5766645,0.0025324472,0.99389434,0.0040228767,0.9167475,0.004024347,0.008013507,21530752.0,0.4254454,170.0,al,-0.5741321,0.5741321
139,total,0.5766645,0.0071739615,0.98256695,0.011953175,0.9614271,0.01195891,0.023623943,21527396.0,0.42995507,170.0,rand,-0.56949055,0.56949055
139,total,0.5766645,0.0062533976,0.9855756,0.010369834,0.9568668,0.010374683,0.020526785,21527752.0,0.42904848,180.0,rand,-0.57041115,0.57041115
139,total,0.5766645,0.00043088992,0.9990255,0.00071348774,0.95712,0.00071351056,0.0014259566,21540538.0,0.4237285,180.0,al,-0.5762336,0.5762336
139,total,0.5766645,0.040694155,0.9150767,0.06537722,0.93097615,0.06569566,0.12273053,21398550.0,0.45841104,190.0,rand,-0.5359704,0.5359704
139,total,0.5766645,0.0005699679,0.99869466,0.00095107505,0.96397483,0.0009511089,0.0019003408,21540432.0,0.42386344,190.0,al,-0.57609457,0.57609457
139,total,0.5766645,7.1236645e-05,0.99983954,0.00011770814,0.96642417,0.00011770862,0.00023538833,21541356.0,0.423401,200.0,al,-0.5765933,0.5765933
139,total,0.5766645,0.019211292,0.9588652,0.032010008,0.96210605,0.032050416,0.062034234,21504434.0,0.44108984,200.0,rand,-0.5574532,0.5574532
139,total,0.5766645,7.196377e-05,0.9998389,0.000119378055,0.9700914,0.00011937849,0.00023872736,21541368.0,0.4234022,210.0,al,-0.57659256,0.57659256
139,total,0.5766645,0.009095899,0.9788967,0.015024014,0.9533033,0.015035079,0.029603237,21519864.0,0.43158096,210.0,rand,-0.56756866,0.56756866
139,total,0.5766645,0.00052095554,0.9989836,0.0008526813,0.9457253,0.000852723,0.0017039079,21540040.0,0.42379898,220.0,al,-0.57614356,0.57614356
139,total,0.5766645,0.068232305,0.878922,0.11116757,0.94559354,0.11188321,0.20009127,21352580.0,0.48414233,220.0,rand,-0.5084322,0.5084322
139,total,0.5766645,0.00047909655,0.9990386,0.00078050594,0.9414666,0.00078054384,0.0015597928,21540052.0,0.42375758,230.0,al,-0.57618546,0.57618546
139,total,0.5766645,0.011173932,0.9773497,0.01831582,0.94631124,0.018334873,0.035972733,21510952.0,0.4333087,230.0,rand,-0.5654906,0.5654906
139,total,0.5766645,0.0008657518,0.99805826,0.0014330602,0.95570755,0.0014331554,0.002862016,21539528.0,0.42412362,240.0,al,-0.5757988,0.5757988
139,total,0.5766645,0.02104843,0.96326774,0.034560226,0.9486667,0.03462498,0.06681137,21486498.0,0.44222203,240.0,rand,-0.5556161,0.5556161
139,total,0.5766645,0.1714805,0.6336681,0.18209893,0.6720887,0.19985524,0.30809388,18680202.0,0.48235482,250.0,rand,-0.40518403,0.40518403
139,total,0.5766645,0.0002841869,0.9992114,0.0004694612,0.9560028,0.00046947136,0.00093848084,21540842.0,0.42359373,250.0,al,-0.5763804,0.5763804
139,total,0.5766645,0.0731482,0.8463121,0.119327344,0.94704956,0.12012881,0.2132124,21344388.0,0.4887363,260.0,rand,-0.5035163,0.5035163
139,total,0.5766645,0.0010096446,0.9975316,0.0016282653,0.93102777,0.0016284616,0.0032512331,21537936.0,0.42420498,260.0,al,-0.57565486,0.57565486
139,total,0.5766645,0.09348866,0.76630986,0.123035006,0.7853343,0.12731677,0.21911138,20520284.0,0.47668594,270.0,al,-0.48317587,0.48317587
139,total,0.5766645,0.078337654,0.81796,0.12325321,0.9174822,0.124634825,0.21945736,21212546.0,0.48874378,270.0,rand,-0.49832687,0.49832687
139,total,0.5766645,0.18762718,0.6102263,0.2848768,0.90315175,0.29385355,0.44343016,20616828.0,0.5746191,280.0,al,-0.38903734,0.38903734
139,total,0.5766645,0.10995613,0.7350259,0.15725619,0.848553,0.16179729,0.27177393,20694118.0,0.49998584,280.0,rand,-0.4667084,0.4667084
139,total,0.5766645,0.13847601,0.67911416,0.18563166,0.8085775,0.1941645,0.31313515,20192652.0,0.50879604,290.0,rand,-0.43818852,0.43818852
139,total,0.5766645,0.17449501,0.62717634,0.25313136,0.86956173,0.26312232,0.40399775,20383296.0,0.5523081,290.0,al,-0.40216953,0.40216953
139,total,0.5766645,0.09598645,0.7496927,0.1182883,0.741262,0.1233826,0.21155219,20277740.0,0.46965075,300.0,rand,-0.48067808,0.48067808
139,total,0.5766645,0.21121913,0.5526442,0.29388002,0.8472399,0.3103233,0.45426124,19899632.0,0.5700222,300.0,al,-0.3654454,0.3654454
139,total,0.5766645,0.17161019,0.63506365,0.24712855,0.8640356,0.25712773,0.39631572,20354188.0,0.54827917,310.0,al,-0.40505436,0.40505436
139,total,0.5766645,0.12482547,0.7009825,0.18001874,0.8573338,0.18557797,0.30511138,20635302.0,0.5125435,310.0,rand,-0.45183906,0.45183906
139,total,0.5766645,0.1231982,0.7352734,0.1831482,0.8793767,0.18786788,0.3095944,20785300.0,0.5168117,320.0,al,-0.45346633,0.45346633
0,total,0.5766645,0.042804025,0.90631574,0.0,0.0,0.0,0.0,0.0,0.0,320.0,rand,-0.5338605,0.5338605
139,total,0.5766645,0.1569983,0.63958,0.2166487,0.8321366,0.22654974,0.35613978,20200444.0,0.52762455,330.0,al,-0.41966623,0.41966623
139,total,0.5766645,0.1648011,0.6452235,0.22178452,0.81671315,0.23340158,0.36304978,20004456.0,0.5277242,330.0,rand,-0.41186342,0.41186342
