,images,gt_confluence,pred_confluence,relative_delta_confluence,iou,precision,recall,f1,true_negative,accuracy,step,method,dAbsConf,dAbsAbsConf
2,total,0.35496256,0.46025693,0.29819945,0.44293216,0.54370826,0.70498973,0.61393297,1069121.0,0.6852714,0.0,rand,0.10529438,0.10529438
2,total,0.35496256,0.30172545,0.15005463,0.41562805,0.63900405,0.54316473,0.587199,1317559.0,0.72891927,0.0,al,-0.053237118,0.053237118
2,total,0.35496256,0.31548968,0.110159725,0.4351146,0.64431834,0.5726664,0.60638255,1309468.0,0.73609906,1.0,al,-0.039472878,0.039472878
2,total,0.35496256,0.40428036,0.1391869,0.4175805,0.55321133,0.6300719,0.5891449,1141334.0,0.68806195,1.0,rand,0.049317814,0.049317814
2,total,0.35496256,0.33557838,0.053924385,0.43931794,0.62808484,0.593784,0.6104525,1278520.0,0.7310022,2.0,al,-0.019384172,0.019384172
2,total,0.35496256,0.37780008,0.06548245,0.46107394,0.6120688,0.6514462,0.6311434,1225058.0,0.72971636,2.0,rand,0.022837507,0.022837507
2,total,0.35496256,0.355047,0.024412606,0.4877796,0.6556378,0.6557919,0.65571433,1284767.0,0.7555546,3.0,rand,8.4414714e-05,8.4414714e-05
2,total,0.35496256,0.34371153,0.032161802,0.42189142,0.60313624,0.5840173,0.59342235,1250012.0,0.71593547,3.0,al,-0.011251034,0.011251034
2,total,0.35496256,0.36920062,0.0404365,0.46371314,0.6213954,0.64631873,0.63361156,1241719.0,0.7346757,4.0,rand,0.01423806,0.01423806
2,total,0.35496256,0.29740742,0.16224493,0.41399333,0.6422276,0.53809226,0.5855657,1323746.0,0.72963625,4.0,al,-0.057555154,0.057555154
2,total,0.35496256,0.32549253,0.08217897,0.45478493,0.6535313,0.5992714,0.62522584,1308094.0,0.74498373,5.0,al,-0.029470028,0.029470028
2,total,0.35496256,0.41031188,0.15656953,0.5596391,0.6692487,0.7736027,0.71765155,1251721.0,0.7839266,5.0,rand,0.05534931,0.05534931
2,total,0.35496256,0.3367279,0.050708078,0.45597628,0.6433115,0.61026233,0.62635076,1290070.0,0.7415511,6.0,al,-0.018234678,0.018234678
2,total,0.35496256,0.27918923,0.21352991,0.42426875,0.6766195,0.53218067,0.5957702,1363362.0,0.74365765,6.0,rand,-0.075773336,0.075773336
2,total,0.35496256,0.29918557,0.15716776,0.47862902,0.70774376,0.59653056,0.6473952,1370355.0,0.76934487,7.0,rand,-0.055776995,0.055776995
2,total,0.35496256,0.3056443,0.13801995,0.43948168,0.65987575,0.5681912,0.6106105,1329760.0,0.74276733,7.0,al,-0.049318254,0.049318254
2,total,0.35496256,0.26099995,0.2655629,0.42938334,0.70894295,0.5212757,0.60079473,1398551.0,0.7541052,8.0,rand,-0.093962625,0.093962625
2,total,0.35496256,0.26909727,0.24166009,0.42533448,0.69204074,0.5246344,0.5968201,1381581.0,0.74839234,8.0,al,-0.08586529,0.08586529
2,total,0.35496256,0.2870457,0.19168222,0.4470396,0.69096494,0.55875695,0.61786735,1367238.0,0.75466835,9.0,rand,-0.067916885,0.067916885
2,total,0.35496256,0.26783508,0.24478564,0.409925,0.6760656,0.51011974,0.5814844,1372021.0,0.7393502,9.0,al,-0.0871275,0.0871275
2,total,0.35496256,0.32293394,0.09056703,0.51081425,0.709745,0.645702,0.67621,1354886.0,0.7805046,10.0,rand,-0.032028623,0.032028623
2,total,0.35496256,0.27846414,0.21534926,0.46106154,0.71782464,0.5631233,0.63113177,1392137.0,0.7663497,10.0,al,-0.076498434,0.076498434
2,total,0.35496256,0.2600555,0.26763135,0.4711334,0.7573814,0.5548767,0.6405035,1430184.0,0.7789038,11.0,al,-0.09490704,0.09490704
2,total,0.35496256,0.28488502,0.19863437,0.48733556,0.7359137,0.5906258,0.655313,1400349.0,0.7794535,11.0,rand,-0.07007753,0.07007753
2,total,0.35496256,0.23498106,0.3383952,0.43826926,0.76503193,0.50644004,0.6094393,1449553.0,0.76959187,12.0,rand,-0.119981505,0.119981505
2,total,0.35496256,0.25349668,0.28573892,0.45822638,0.75425005,0.5386459,0.62847036,1432144.0,0.77394,12.0,al,-0.10146588,0.10146588
2,total,0.35496256,0.24653175,0.30569163,0.43772358,0.7428211,0.51590866,0.6089115,1429426.0,0.7647632,13.0,al,-0.1084308,0.1084308
2,total,0.35496256,0.2591986,0.27001572,0.45037332,0.73577243,0.5372692,0.6210442,1416930.0,0.76726073,13.0,rand,-0.095763974,0.095763974
