,images,gt_confluence,pred_confluence,relative_delta_confluence,iou,precision,recall,f1,true_negative,accuracy,step,method,dAbsConf,dAbsAbsConf
2,total,0.26927653,0.44757545,0.6639676,0.30666187,0.37588945,0.62477976,0.46938166,1109330.0,0.61962605,0.0,rand,0.17829894,0.17829894
2,total,0.26927653,0.3631659,0.35116202,0.32659972,0.4287384,0.5782261,0.49238575,1285967.0,0.678964,0.0,al,0.09388935,0.09388935
2,total,0.26927653,0.36394265,0.35376522,0.31232724,0.41408482,0.5596578,0.47598937,1271770.0,0.66818726,1.0,rand,0.09466612,0.09466612
2,total,0.26927653,0.2743821,0.040936656,0.27284896,0.4247337,0.4327852,0.42872116,1407913.0,0.68942016,1.0,al,0.0051055737,0.0051055737
2,total,0.26927653,0.3091046,0.15038398,0.27673924,0.40558124,0.4655683,0.43350893,1344274.0,0.6723531,2.0,rand,0.039828066,0.039828066
2,total,0.26927653,0.2455906,0.08621755,0.26048842,0.43324536,0.3951349,0.41331297,1453755.0,0.697935,2.0,al,-0.02368593,0.02368593
2,total,0.26927653,0.29293352,0.089857295,0.28668877,0.42762926,0.46519658,0.44562206,1383770.0,0.688324,3.0,al,0.023657005,0.023657005
2,total,0.26927653,0.23431252,0.127523,0.24912368,0.42863867,0.3729808,0.39887702,1466811.0,0.6972819,3.0,rand,-0.034964006,0.034964006
2,total,0.26927653,0.3032216,0.12864518,0.2828331,0.41626957,0.46874312,0.4409502,1360833.0,0.6799459,4.0,rand,0.03394509,0.03394509
2,total,0.26927653,0.2719171,0.03936759,0.27156585,0.42506295,0.42922962,0.42713562,1411618.0,0.6899703,4.0,al,0.002640567,0.002640567
2,total,0.26927653,0.22778054,0.15205148,0.24532709,0.42988545,0.36363775,0.39399573,1476681.0,0.69878215,5.0,al,-0.04149599,0.04149599
2,total,0.26927653,0.20726378,0.22871645,0.24812618,0.45707926,0.35181496,0.3975974,1519279.0,0.7129317,5.0,rand,-0.062012754,0.062012754
2,total,0.26927653,0.2507981,0.06638599,0.2644191,0.43365473,0.4038947,0.4182455,1446754.0,0.6974451,6.0,rand,-0.01847841,0.01847841
2,total,0.26927653,0.26351297,0.043261148,0.26295966,0.4209729,0.41196087,0.41641763,1420844.0,0.6890743,6.0,al,-0.005763567,0.005763567
2,total,0.26927653,0.22460102,0.16283955,0.25037447,0.44031,0.3672568,0.4004787,1486890.0,0.7039107,7.0,rand,-0.044675514,0.044675514
2,total,0.26927653,0.22400165,0.16661958,0.24526891,0.43373165,0.36080444,0.3939207,1484093.0,0.70103514,7.0,al,-0.04527488,0.04527488
2,total,0.26927653,0.24278176,0.097516544,0.23173898,0.3968119,0.35776716,0.37627888,1435929.0,0.6806193,8.0,rand,-0.026494768,0.026494768
2,total,0.26927653,0.17940286,0.333417,0.20823024,0.43102485,0.2871645,0.34468588,1544966.0,0.70597494,8.0,al,-0.08987367,0.08987367
2,total,0.26927653,0.1831557,0.3191524,0.20460632,0.41957384,0.28538293,0.33970606,1534564.0,0.7012626,9.0,al,-0.08612083,0.08612083
2,total,0.26927653,0.20975278,0.21841842,0.23546654,0.43526497,0.33904776,0.38117784,1504713.0,0.7035669,9.0,rand,-0.05952374,0.05952374
2,total,0.26927653,0.23060444,0.1419778,0.25606173,0.44190982,0.3784434,0.40772107,1479539.0,0.70393187,10.0,rand,-0.038672097,0.038672097
2,total,0.26927653,0.17766783,0.33858073,0.2073615,0.43205294,0.2850656,0.34349483,1547841.0,0.70657957,10.0,al,-0.0916087,0.0916087
2,total,0.26927653,0.1655495,0.38466495,0.2031421,0.44347823,0.27264595,0.3376855,1569404.0,0.71200925,11.0,al,-0.10372703,0.10372703
2,total,0.26927653,0.22002745,0.1811952,0.24341694,0.43534842,0.35572416,0.39152858,1490498.0,0.70227337,11.0,rand,-0.049249083,0.049249083
2,total,0.26927653,0.17290302,0.3566029,0.2171783,0.45630983,0.2929958,0.3568549,1564799.0,0.7156152,12.0,al,-0.09637351,0.09637351
2,total,0.26927653,0.21585101,0.19571914,0.24466221,0.44179252,0.3541375,0.39313784,1499712.0,0.7055953,12.0,rand,-0.053425513,0.053425513
2,total,0.26927653,0.20737201,0.22749782,0.24313147,0.44954526,0.34619674,0.3911592,1515295.0,0.7097978,13.0,rand,-0.061904516,0.061904516
2,total,0.26927653,0.19388446,0.27759588,0.23485883,0.45433882,0.32713133,0.3803812,1535825.0,0.7130176,13.0,al,-0.07539207,0.07539207
