,images,gt_confluence,pred_confluence,relative_delta_confluence,iou,precision,recall,f1,true_negative,accuracy,step,method,dAbsConf,dAbsAbsConf
3,total,0.15109126,0.05699639,0.5282628,0.11702229,0.3824822,0.14428183,0.20952505,639930.0,0.8355128,0.0,al,-0.094094865,0.094094865
3,total,0.15109126,0.06048684,0.57482827,0.17843156,0.52964175,0.21202965,0.30282846,645235.0,0.85249454,0.0,rand,-0.09060442,0.09060442
3,total,0.15109126,0.4151418,2.1751142,0.1735702,0.20172752,0.5542698,0.2957982,406989.0,0.6012586,1.0,rand,0.26405054,0.26405054
3,total,0.15109126,0.05136717,0.59605795,0.10408504,0.37157145,0.12632234,0.18854496,642223.0,0.835715,1.0,al,-0.099724084,0.099724084
3,total,0.15109126,0.12829563,0.34809816,0.18206762,0.33541802,0.2848102,0.3080489,600556.0,0.8066788,2.0,al,-0.02279563,0.02279563
3,total,0.15109126,0.335407,1.3815955,0.2219057,0.2634149,0.5847521,0.36321205,473317.0,0.6902046,2.0,rand,0.18431573,0.18431573
3,total,0.15109126,0.0883532,0.34727973,0.17636843,0.4063152,0.2375971,0.2998519,626358.0,0.83235425,3.0,al,-0.06273805,0.06273805
3,total,0.15109126,0.11661375,0.26087213,0.23096667,0.4307367,0.33244404,0.37526014,615403.0,0.8327548,3.0,rand,-0.034477506,0.034477506
3,total,0.15109126,0.058323905,0.5745713,0.13729905,0.4334707,0.16732451,0.24144717,641624.0,0.8411484,4.0,rand,-0.09276735,0.09276735
3,total,0.15109126,0.034212478,0.7526689,0.077312045,0.388701,0.08801326,0.14352737,651162.0,0.84129333,4.0,al,-0.11687878,0.11687878
3,total,0.15109126,0.027174361,0.8019895,0.053393643,0.3325222,0.059803236,0.101374276,653345.0,0.83980685,5.0,al,-0.123916894,0.123916894
3,total,0.15109126,0.10174025,0.2782702,0.16442664,0.35091424,0.23629263,0.28241602,615675.0,0.818573,5.0,rand,-0.04935101,0.04935101
3,total,0.15109126,0.078517646,0.45350507,0.09040459,0.2424532,0.12599413,0.16581798,620832.0,0.8084653,6.0,al,-0.07257362,0.07257362
3,total,0.15109126,0.057747886,0.50464714,0.055582337,0.19042586,0.07278052,0.10531083,630843.0,0.8131549,6.0,rand,-0.09334337,0.09334337
3,total,0.15109126,0.027278628,0.78615016,0.0739907,0.45049414,0.08133105,0.13778622,655821.0,0.8462079,7.0,al,-0.12381263,0.12381263
3,total,0.15109126,0.05958657,0.5898205,0.15011315,0.461481,0.18199338,0.26104027,642374.0,0.8443184,7.0,rand,-0.091504686,0.091504686
3,total,0.15109126,0.084837325,0.54869044,0.047946367,0.12723702,0.071442395,0.091504924,609380.0,0.78566104,8.0,al,-0.06625393,0.06625393
3,total,0.15109126,0.079013556,0.41700253,0.10229827,0.2702694,0.14133628,0.1856086,622265.0,0.81260556,8.0,rand,-0.07207771,0.07207771
3,total,0.15109126,0.031403586,0.7542898,0.08164388,0.43865404,0.091169216,0.15096231,653746.0,0.8450559,9.0,rand,-0.11968767,0.11968767
3,total,0.15109126,0.023451217,0.8078992,0.07558436,0.52304524,0.08117957,0.14054543,658813.0,0.8499896,9.0,al,-0.12764004,0.12764004
