,images,gt_confluence,pred_confluence,relative_delta_confluence,iou,precision,recall,f1,true_negative,accuracy,step,method,dAbsConf,dAbsAbsConf
3,total,0.15109126,0.05345508,0.6027062,0.30322522,0.8903373,0.31498954,0.46534547,662999.0,0.890639,0.0,rand,-0.09763618,0.09763618
3,total,0.15109126,0.07069497,0.4735242,0.3508496,0.8148248,0.38124773,0.51944983,657314.0,0.8934212,0.0,al,-0.08039629,0.08039629
3,total,0.15109126,0.042532332,0.68504506,0.25338304,0.9203241,0.25906602,0.40431827,664944.0,0.8846626,1.0,rand,-0.10855892,0.10855892
3,total,0.15109126,0.091754645,0.3341888,0.42993733,0.7957815,0.4832566,0.60133684,652873.0,0.9031868,1.0,al,-0.059336618,0.059336618
3,total,0.15109126,0.056364425,0.58414125,0.3064985,0.86346614,0.32210934,0.46919033,661557.0,0.88988113,2.0,rand,-0.09472683,0.09472683
3,total,0.15109126,0.08917082,0.35231048,0.4112889,0.78522944,0.4634204,0.5828552,652548.0,0.89977646,2.0,al,-0.061920438,0.061920438
3,total,0.15109126,0.092358634,0.3280815,0.42304146,0.78361076,0.47899818,0.59455913,651892.0,0.90129596,3.0,al,-0.05873262,0.05873262
3,total,0.15109126,0.059418723,0.56818336,0.32593548,0.8708911,0.3424842,0.49163058,661576.0,0.89298373,3.0,rand,-0.09167253,0.09167253
3,total,0.15109126,0.09114811,0.34706247,0.40275538,0.76306134,0.46032333,0.5742342,650625.0,0.8968633,4.0,al,-0.059943154,0.059943154
3,total,0.15109126,0.05356952,0.60859585,0.29827464,0.8777535,0.31120238,0.4594935,662459.0,0.88938016,4.0,rand,-0.09752174,0.09752174
3,total,0.15109126,0.10084888,0.27631924,0.45540488,0.7817047,0.5217593,0.62581146,650296.0,0.9057274,5.0,al,-0.05024238,0.05024238
3,total,0.15109126,0.05831882,0.5772559,0.3152573,0.8606938,0.33220842,0.4793846,661220.0,0.8909785,5.0,rand,-0.09277244,0.09277244
3,total,0.15109126,0.09530358,0.3198658,0.42857563,0.77562076,0.48923188,0.60000366,650792.0,0.9014435,6.0,al,-0.055787675,0.055787675
3,total,0.15109126,0.06553368,0.5316638,0.3489908,0.85517204,0.37091303,0.51740974,660145.0,0.8954595,6.0,rand,-0.08555757,0.08555757
3,total,0.15109126,0.06649372,0.5247997,0.35545224,0.8581236,0.37764573,0.52447724,660190.0,0.89653397,7.0,rand,-0.08459754,0.08459754
3,total,0.15109126,0.09212721,0.33264783,0.41922033,0.7798374,0.47549716,0.5907751,651658.0,0.9004695,7.0,al,-0.058964048,0.058964048
3,total,0.15109126,0.074043006,0.471416,0.3772578,0.83288395,0.4081533,0.5478386,657878.0,0.89820355,8.0,rand,-0.07704826,0.07704826
3,total,0.15109126,0.08371962,0.38519377,0.39643672,0.7962454,0.44119406,0.5677828,654194.0,0.89851123,8.0,al,-0.06737164,0.06737164
3,total,0.15109126,0.07322539,0.47712094,0.3771087,0.8388845,0.40655428,0.5476814,658331.0,0.89853793,9.0,rand,-0.07786587,0.07786587
3,total,0.15109126,0.07701847,0.43799403,0.3788566,0.81378263,0.41481867,0.5495224,656330.0,0.89724225,9.0,al,-0.07407279,0.07407279
