,images,gt_confluence,pred_confluence,relative_delta_confluence,iou,precision,recall,f1,true_negative,accuracy,step,method,dAbsConf,dAbsAbsConf
3,total,0.15109126,0.053816207,0.60829026,0.2908329,0.85787535,0.3055553,0.45061243,661594.0,0.88742703,0.0,rand,-0.09727505,0.09727505
3,total,0.15109126,0.08970869,0.3541868,0.38379246,0.7444755,0.4420188,0.5546961,649582.0,0.8927714,0.0,al,-0.061382566,0.061382566
3,total,0.15109126,0.049244925,0.6325866,0.25681055,0.8312805,0.2709324,0.4086699,661075.0,0.8815358,1.0,rand,-0.10184633,0.10184633
3,total,0.15109126,0.10208103,0.28920907,0.42583376,0.7407043,0.50043344,0.59731144,646793.0,0.89805096,1.0,al,-0.049010232,0.049010232
3,total,0.15109126,0.059572585,0.5651327,0.30121505,0.8186087,0.3227574,0.46297464,659111.0,0.8868688,2.0,rand,-0.09151867,0.09151867
3,total,0.15109126,0.10731352,0.27047956,0.45401144,0.7518781,0.5340212,0.6244945,646669.0,0.9029681,2.0,al,-0.043777738,0.043777738
3,total,0.15109126,0.10283761,0.2764436,0.4179702,0.72784823,0.4953923,0.5895327,645599.0,0.895771,3.0,al,-0.048253648,0.048253648
3,total,0.15109126,0.06762032,0.50928867,0.3397073,0.8201512,0.36705014,0.50713617,658045.0,0.89220554,3.0,rand,-0.08347093,0.08347093
3,total,0.15109126,0.09933826,0.27729666,0.4114279,0.7348634,0.4831472,0.58299476,646896.0,0.8955701,4.0,al,-0.051753,0.051753
3,total,0.15109126,0.05939711,0.5646402,0.30566883,0.8296333,0.32614055,0.4682176,659651.0,0.8880666,4.0,rand,-0.09169415,0.09169415
3,total,0.15109126,0.09727959,0.28827885,0.42936802,0.7669503,0.49379328,0.6007798,649780.0,0.9008458,5.0,al,-0.053811662,0.053811662
3,total,0.15109126,0.05578459,0.6015352,0.27891237,0.8087759,0.2986038,0.4361708,659220.0,0.883358,5.0,rand,-0.095306665,0.095306665
3,total,0.15109126,0.093192786,0.31222662,0.41518968,0.76903766,0.4743358,0.5867614,650682.0,0.8990529,6.0,al,-0.057898477,0.057898477
3,total,0.15109126,0.06522724,0.53749543,0.3337959,0.82996726,0.35829765,0.5005198,658887.0,0.89195377,6.0,rand,-0.08586402,0.08586402
3,total,0.15109126,0.068205245,0.5128358,0.3268476,0.79203176,0.3575318,0.49266747,656454.0,0.88874435,7.0,rand,-0.08288601,0.08288601
3,total,0.15109126,0.08878426,0.35315928,0.4172965,0.79549426,0.46744317,0.58886224,653330.0,0.90137863,7.0,al,-0.062306993,0.062306993
3,total,0.15109126,0.06145323,0.5591593,0.3187768,0.8360371,0.34003517,0.4834427,659685.0,0.8902092,8.0,rand,-0.089638025,0.089638025
3,total,0.15109126,0.069884986,0.50119585,0.35343182,0.8257246,0.38192102,0.5222746,658031.0,0.89443463,8.0,al,-0.08120628,0.08120628
3,total,0.15109126,0.0684532,0.5058044,0.3519274,0.8348968,0.37825167,0.5206302,658721.0,0.89475757,9.0,rand,-0.082638055,0.082638055
3,total,0.15109126,0.07454273,0.47785246,0.37690887,0.8285797,0.4087845,0.5474706,657560.0,0.89789456,9.0,al,-0.07654853,0.07654853
