,images,gt_confluence,pred_confluence,relative_delta_confluence,iou,precision,recall,f1,true_negative,accuracy,step,method,dAbsConf,dAbsAbsConf
139,total,0.5766645,0.24864392,0.46816733,0.36735427,0.8917512,0.3845002,0.53732085,20171888.0,0.6181478,0.0,rand,-0.3280206,0.3280206
139,total,0.5766645,0.26206827,0.7028568,0.18325615,0.49566716,0.22525771,0.30974847,14816034.0,0.42106447,0.0,al,-0.31459627,0.31459627
139,total,0.5766645,0.1896304,0.5663582,0.2869866,0.9011089,0.29631916,0.4459819,20587244.0,0.57545954,10.0,al,-0.38703412,0.38703412
139,total,0.5766645,0.21434034,0.5352673,0.3433994,0.9433462,0.35063055,0.51123905,20923572.0,0.61338854,10.0,rand,-0.3623242,0.3623242
139,total,0.5766645,0.2320401,0.49120277,0.35603172,0.9150547,0.36820102,0.52510786,20538498.0,0.6159533,20.0,al,-0.34462443,0.34462443
139,total,0.5766645,0.2245402,0.5124839,0.3502397,0.92556155,0.36039123,0.5187811,20690964.0,0.6144459,20.0,rand,-0.35212433,0.35212433
139,total,0.5766645,0.2085475,0.5348184,0.33313352,0.9408668,0.3402576,0.49977478,20913960.0,0.60721797,30.0,rand,-0.36811703,0.36811703
139,total,0.5766645,0.21658345,0.5183818,0.341482,0.93232673,0.3501613,0.50911117,20795660.0,0.6106042,30.0,al,-0.36008108,0.36008108
139,total,0.5766645,0.23941232,0.4780245,0.37907395,0.93696254,0.3889947,0.54975104,20773524.0,0.63256305,40.0,al,-0.3372522,0.3372522
139,total,0.5766645,0.21458866,0.5273923,0.3405201,0.9366549,0.34854683,0.5080414,20849792.0,0.61073697,40.0,rand,-0.36207587,0.36207587
139,total,0.5766645,0.22417842,0.5114594,0.35755065,0.9408848,0.36576748,0.5267581,20867132.0,0.62100834,50.0,al,-0.3524861,0.3524861
139,total,0.5766645,0.22234899,0.51132065,0.349809,0.93127733,0.35907817,0.51830846,20763934.0,0.6151228,50.0,rand,-0.35431555,0.35431555
139,total,0.5766645,0.22828408,0.5017427,0.36419016,0.94134146,0.37264705,0.53392833,20860086.0,0.62483704,60.0,al,-0.34838045,0.34838045
139,total,0.5766645,0.22587052,0.50988144,0.36026406,0.94103014,0.36858523,0.5296968,20863712.0,0.622566,60.0,rand,-0.35079402,0.35079402
139,total,0.5766645,0.20004824,0.5517305,0.31757993,0.9358438,0.324648,0.48206514,20888404.0,0.5977142,70.0,rand,-0.3766163,0.3766163
139,total,0.5766645,0.23766641,0.48139983,0.37656903,0.9373052,0.38629916,0.54711205,20783268.0,0.6312001,70.0,al,-0.3389981,0.3389981
139,total,0.5766645,0.21853721,0.5157255,0.34685665,0.9370916,0.35512576,0.5150606,20841920.0,0.6143761,80.0,al,-0.35812733,0.35812733
139,total,0.5766645,0.21793644,0.5176821,0.3421596,0.92949116,0.35127714,0.50986385,20759556.0,0.6105381,80.0,rand,-0.35872808,0.35872808
139,total,0.5766645,0.24436457,0.47250322,0.38968727,0.94215137,0.3992399,0.56082684,20822160.0,0.6394268,90.0,al,-0.33229995,0.33229995
139,total,0.5766645,0.23623507,0.4860455,0.3747047,0.9379367,0.3842314,0.54514164,20795426.0,0.63024664,90.0,rand,-0.34042946,0.34042946
139,total,0.5766645,0.2542458,0.45516178,0.3989064,0.9319314,0.41087788,0.57031137,20660852.0,0.64296806,100.0,al,-0.32241875,0.32241875
139,total,0.5766645,0.22606379,0.5032657,0.3606944,0.94127774,0.36899766,0.53016186,20865980.0,0.6228484,100.0,rand,-0.35060075,0.35060075
139,total,0.5766645,0.21904959,0.51855415,0.34320694,0.92817354,0.35257086,0.5110258,20740876.0,0.6109171,110.0,rand,-0.35761493,0.35761493
139,total,0.5766645,0.23284483,0.49299398,0.3722535,0.9431072,0.38080493,0.54254293,20867394.0,0.62968504,110.0,al,-0.3438197,0.3438197
139,total,0.5766645,0.22425939,0.51238775,0.3523216,0.93046767,0.36184847,0.5210614,20748014.0,0.61640745,120.0,rand,-0.35240513,0.35240513
139,total,0.5766645,0.2473465,0.46460629,0.39294913,0.93978727,0.40309772,0.56419694,20783626.0,0.6408943,120.0,al,-0.32931802,0.32931802
139,total,0.5766645,0.22631355,0.50199354,0.3601133,0.93941736,0.36867523,0.52953386,20843810.0,0.6222268,130.0,al,-0.35035098,0.35035098
139,total,0.5766645,0.21706493,0.5213024,0.3425022,0.93289477,0.35115355,0.51024413,20800276.0,0.61126715,130.0,rand,-0.35959962,0.35959962
139,total,0.5766645,0.21178311,0.53024524,0.3352907,0.9348216,0.34331656,0.5021984,20839076.0,0.6075103,140.0,rand,-0.36488143,0.36488143
139,total,0.5766645,0.24925716,0.46230608,0.393995,0.9365305,0.4048038,0.5652742,20736464.0,0.6409513,140.0,al,-0.32740736,0.32740736
139,total,0.5766645,0.20270045,0.5465473,0.32392526,0.94073886,0.33067277,0.4893403,20930234.0,0.60201055,150.0,rand,-0.37396407,0.37396407
139,total,0.5766645,0.22530681,0.50362396,0.35904524,0.9403752,0.36740944,0.52837825,20857896.0,0.62177366,150.0,al,-0.35135773,0.35135773
139,total,0.5766645,0.20132236,0.55013466,0.3226565,0.9427037,0.3291106,0.48789126,20954518.0,0.6015869,160.0,rand,-0.37534216,0.37534216
139,total,0.5766645,0.21857266,0.51521647,0.35047287,0.9442148,0.3578833,0.5190368,20921032.0,0.617521,160.0,al,-0.3580919,0.3580919
139,total,0.5766645,0.2417845,0.47829965,0.38612816,0.9429584,0.3953629,0.5571315,20839684.0,0.6375355,170.0,al,-0.33488005,0.33488005
139,total,0.5766645,0.21751878,0.51847297,0.3457897,0.9381241,0.3538603,0.5138833,20856608.0,0.61393505,170.0,rand,-0.35914576,0.35914576
139,total,0.5766645,0.21838963,0.51666003,0.3484593,0.94076324,0.35627648,0.51682544,20883194.0,0.61585087,180.0,al,-0.3582749,0.3582749
139,total,0.5766645,0.225045,0.507008,0.35887408,0.9408317,0.36716068,0.5281929,20863916.0,0.62174857,180.0,rand,-0.35161954,0.35161954
139,total,0.5766645,0.21970406,0.5176064,0.3525551,0.94482094,0.35996675,0.52131677,20924596.0,0.61879253,190.0,al,-0.35696048,0.35696048
139,total,0.5766645,0.23492193,0.48775774,0.3772989,0.9463894,0.38553903,0.54788196,20900616.0,0.6330679,190.0,rand,-0.3417426,0.3417426
139,total,0.5766645,0.2449137,0.4723685,0.38686863,0.9357617,0.3974233,0.5579019,20740912.0,0.63678265,200.0,rand,-0.33175084,0.33175084
139,total,0.5766645,0.2375986,0.48387975,0.37990898,0.9435204,0.38874975,0.5506286,20858628.0,0.63409424,200.0,al,-0.33906594,0.33906594
139,total,0.5766645,0.21344219,0.5253542,0.34273294,0.9448724,0.3497262,0.51050013,20942736.0,0.61324364,210.0,al,-0.36322233,0.36322233
139,total,0.5766645,0.19609882,0.5606431,0.31002873,0.93259764,0.31713474,0.47331554,20868904.0,0.5929984,210.0,rand,-0.3805657,0.3805657
139,total,0.5766645,0.23971851,0.47811562,0.3839965,0.9449002,0.39279184,0.5549092,20869366.0,0.6366362,220.0,rand,-0.33694604,0.33694604
139,total,0.5766645,0.24245931,0.47369576,0.38577038,0.94048,0.39542434,0.55675906,20807148.0,0.63693154,220.0,al,-0.33420524,0.33420524
139,total,0.5766645,0.2230001,0.50892,0.3559043,0.9412575,0.36398906,0.5249693,20874904.0,0.6201355,230.0,al,-0.35366443,0.35366443
139,total,0.5766645,0.21677685,0.5207246,0.3434472,0.9357133,0.35174704,0.51129204,20832352.0,0.6122397,230.0,rand,-0.3598877,0.3598877
139,total,0.5766645,0.25103265,0.46217337,0.40255865,0.9463474,0.41196075,0.5740343,20856130.0,0.6474301,240.0,al,-0.3256319,0.3256319
139,total,0.5766645,0.24491894,0.46850654,0.38696572,0.93591696,0.39749777,0.5580029,20742830.0,0.63686323,240.0,rand,-0.3317456,0.3317456
139,total,0.5766645,0.23437914,0.48696992,0.3691846,0.933057,0.37922946,0.5392762,20743090.0,0.62633365,250.0,rand,-0.3422854,0.3422854
139,total,0.5766645,0.24060349,0.47568205,0.38321704,0.94106215,0.3926406,0.55409485,20819896.0,0.6355768,250.0,al,-0.33606103,0.33606103
139,total,0.5766645,0.22534715,0.50540316,0.36003914,0.94216794,0.36817577,0.5294537,20878328.0,0.6226171,260.0,rand,-0.35131738,0.35131738
139,total,0.5766645,0.22006012,0.516142,0.35188884,0.9423947,0.35962424,0.520588,20896428.0,0.61804146,260.0,al,-0.3566044,0.3566044
139,total,0.5766645,0.22278063,0.5083794,0.35677737,0.9436292,0.36454704,0.5259184,20902448.0,0.62099856,270.0,rand,-0.35388392,0.35388392
139,total,0.5766645,0.26669738,0.43436372,0.42496756,0.943077,0.43615517,0.59645885,20768980.0,0.6596695,270.0,al,-0.30996716,0.30996716
139,total,0.5766645,0.23950891,0.48235384,0.38430145,0.94602674,0.3929163,0.5552276,20883684.0,0.63698936,280.0,al,-0.3371556,0.3371556
139,total,0.5766645,0.24581723,0.47151014,0.3880758,0.9354457,0.39875478,0.55915606,20734006.0,0.6374147,280.0,rand,-0.33084732,0.33084732
139,total,0.5766645,0.23310062,0.48981425,0.3719313,0.94177544,0.38068494,0.5422007,20850856.0,0.6292908,290.0,al,-0.3435639,0.3435639
139,total,0.5766645,0.23306322,0.4890471,0.3723609,0.94267577,0.38098773,0.54265696,20861644.0,0.6296775,290.0,rand,-0.34360132,0.34360132
139,total,0.5766645,0.23504838,0.48753965,0.37546888,0.9426917,0.38423935,0.54594994,20856044.0,0.6314425,300.0,al,-0.34161615,0.34161615
139,total,0.5766645,0.22888465,0.4997609,0.3636293,0.93851084,0.3725039,0.5333253,20825326.0,0.6240714,300.0,rand,-0.34777987,0.34777987
139,total,0.5766645,0.22130355,0.51623106,0.3529708,0.94069517,0.36100408,0.52177113,20873644.0,0.6183894,310.0,al,-0.35536098,0.35536098
139,total,0.5766645,0.23316413,0.49701765,0.3706617,0.9392478,0.37976664,0.54085034,20820680.0,0.6281682,310.0,rand,-0.3435004,0.3435004
139,total,0.5766645,0.21324,0.53144974,0.34334937,0.94679224,0.3501048,0.5111836,20964136.0,0.61388254,320.0,rand,-0.36342454,0.36342454
139,total,0.5766645,0.20875601,0.53769577,0.3346557,0.9433955,0.3415132,0.5014858,20940192.0,0.6084575,320.0,al,-0.3679085,0.3679085
139,total,0.5766645,0.24543507,0.47004998,0.3882805,0.9368228,0.39872092,0.55936855,20752460.0,0.63775784,330.0,rand,-0.33122948,0.33122948
139,total,0.5766645,0.23874038,0.4786778,0.3759966,0.9332871,0.3863813,0.5465076,20731028.0,0.63022083,330.0,al,-0.33792415,0.33792415
