,images,gt_confluence,pred_confluence,relative_delta_confluence,iou,precision,recall,f1,true_negative,accuracy,step,method,dAbsConf,dAbsAbsConf
2,total,0.35496256,0.13496397,0.61870843,0.25589305,0.73964155,0.28122464,0.40750733,1498887.0,0.7097229,0.0,rand,-0.2199986,0.2199986
2,total,0.35496256,0.22173847,0.37655306,0.41554132,0.7634886,0.47693488,0.5871125,1456359.0,0.761888,0.0,al,-0.1332241,0.1332241
2,total,0.35496256,0.23963316,0.32621363,0.44361624,0.76248556,0.51474744,0.6145898,1445367.0,0.7708374,1.0,al,-0.11532941,0.11532941
2,total,0.35496256,0.13294615,0.6271271,0.2615648,0.76091284,0.28498685,0.41466683,1507128.0,0.7144116,1.0,rand,-0.22201641,0.22201641
2,total,0.35496256,0.16540138,0.5326957,0.33051452,0.7815212,0.36416212,0.4968217,1496435.0,0.7381649,2.0,rand,-0.18956117,0.18956117
2,total,0.35496256,0.30481994,0.14148876,0.4889669,0.7108085,0.61039644,0.6567863,1368604.0,0.77355427,2.0,al,-0.050142635,0.050142635
2,total,0.35496256,0.18907204,0.46883035,0.3587944,0.75978833,0.40470174,0.5281065,1473627.0,0.74327433,3.0,rand,-0.16589051,0.16589051
2,total,0.35496256,0.19998758,0.43695647,0.35138592,0.72153485,0.40651408,0.5200374,1448382.0,0.73364544,3.0,al,-0.154975,0.154975
2,total,0.35496256,0.13613544,0.61633426,0.28735387,0.8052271,0.30881888,0.4464252,1520080.0,0.72814125,4.0,al,-0.21882713,0.21882713
2,total,0.35496256,0.2623171,0.2585155,0.4532677,0.73394835,0.5423852,0.62379056,1413729.0,0.7677742,4.0,rand,-0.09264548,0.09264548
2,total,0.35496256,0.2510264,0.29062656,0.46920085,0.77094597,0.54520404,0.63871527,1443936.0,0.78106606,5.0,rand,-0.10393617,0.10393617
2,total,0.35496256,0.22781187,0.358754,0.43201348,0.771748,0.49529895,0.60336465,1457453.0,0.7688517,5.0,al,-0.1271507,0.1271507
2,total,0.35496256,0.22527485,0.36380035,0.4338537,0.7793502,0.49460772,0.6051571,1463085.0,0.77089804,6.0,al,-0.12968773,0.12968773
2,total,0.35496256,0.27410826,0.22720504,0.53110737,0.7960769,0.61474216,0.6937554,1447872.0,0.80735105,6.0,rand,-0.080854304,0.080854304
2,total,0.35496256,0.19493997,0.4505403,0.38820174,0.7888441,0.43321878,0.5592868,1484083.0,0.7576514,7.0,al,-0.1600226,0.1600226
2,total,0.35496256,0.25828633,0.27114043,0.5029533,0.79454505,0.57814354,0.6692862,1454829.0,0.7971907,7.0,rand,-0.096676245,0.096676245
2,total,0.35496256,0.26425028,0.25516728,0.5058521,0.78716666,0.58600044,0.6718478,1447026.0,0.7968046,8.0,rand,-0.090712294,0.090712294
2,total,0.35496256,0.25314227,0.28562686,0.498175,0.79879284,0.5696585,0.665042,1460069.0,0.796311,8.0,al,-0.10182029,0.10182029
2,total,0.35496256,0.26579487,0.25040528,0.49446374,0.7727257,0.5786124,0.66172683,1436785.0,0.79001504,9.0,al,-0.0891677,0.0891677
2,total,0.35496256,0.23775084,0.3291864,0.4544683,0.7789743,0.521748,0.62492657,1456100.0,0.77768964,9.0,rand,-0.11721173,0.11721173
2,total,0.35496256,0.28073505,0.20828496,0.5141883,0.76894826,0.6081485,0.6791598,1425834.0,0.7960433,10.0,rand,-0.07422752,0.07422752
2,total,0.35496256,0.23690693,0.33196974,0.46359614,0.79134864,0.5281548,0.63350236,1463763.0,0.7830819,10.0,al,-0.11805564,0.11805564
2,total,0.35496256,0.2615993,0.26229027,0.49592075,0.7813484,0.57583374,0.66303027,1444672.0,0.79223794,11.0,rand,-0.093363255,0.093363255
2,total,0.35496256,0.2577492,0.2758616,0.4889417,0.7806192,0.5668294,0.65676355,1446279.0,0.7896956,11.0,al,-0.09721336,0.09721336
2,total,0.35496256,0.26416197,0.25435635,0.5074274,0.78894395,0.58712727,0.6732358,1448226.0,0.7976929,12.0,rand,-0.0908006,0.0908006
2,total,0.35496256,0.2613633,0.2635166,0.5156804,0.8023054,0.5907451,0.6804601,1458260.0,0.8030599,12.0,al,-0.09359926,0.09359926
2,total,0.35496256,0.24756326,0.30168203,0.4880879,0.79828864,0.5567521,0.65599287,1462521.0,0.7927275,13.0,rand,-0.10739931,0.10739931
2,total,0.35496256,0.2575706,0.27407247,0.5030263,0.79589987,0.57752454,0.6693508,1456048.0,0.79746705,13.0,al,-0.097391985,0.097391985
