,images,gt_confluence,pred_confluence,relative_delta_confluence,iou,precision,recall,f1,true_negative,accuracy,step,method,dAbsConf,dAbsAbsConf
139,total,0.5766645,0.23805067,0.4933224,0.38497582,0.9513251,0.39271122,0.55593103,20951868.0,0.6382111,0.0,rand,-0.33861387,0.33861387
139,total,0.5766645,0.21974626,0.52060735,0.33253068,0.90442294,0.34464172,0.49909607,20472756.0,0.60107553,0.0,al,-0.35691828,0.35691828
139,total,0.5766645,0.23316172,0.4929618,0.37063715,0.9392093,0.37974715,0.5408242,20820230.0,0.6281482,10.0,al,-0.34350282,0.34350282
139,total,0.5766645,0.21319266,0.52853554,0.3480266,0.9565151,0.3536216,0.5163494,21069740.0,0.61798584,10.0,rand,-0.36347187,0.36347187
139,total,0.5766645,0.25344986,0.4560314,0.39827994,0.9329135,0.41002324,0.5696708,20676276.0,0.64277834,20.0,al,-0.32321468,0.32321468
139,total,0.5766645,0.20790109,0.5331306,0.3337307,0.94428277,0.34043443,0.5004465,20952042.0,0.6080683,20.0,rand,-0.36876345,0.36876345
139,total,0.5766645,0.22847138,0.49888515,0.36824486,0.94844383,0.3757667,0.5382729,20942096.0,0.62824774,30.0,rand,-0.34819314,0.34819314
139,total,0.5766645,0.23155406,0.49374261,0.366674,0.93646806,0.37602803,0.5365928,20792904.0,0.62546647,30.0,al,-0.34511048,0.34511048
139,total,0.5766645,0.2557279,0.45015794,0.40245128,0.93406415,0.41421887,0.5739251,20683472.0,0.64533925,40.0,al,-0.32093662,0.32093662
139,total,0.5766645,0.24407528,0.4725466,0.39028868,0.9439824,0.39954224,0.5614494,20845752.0,0.64006484,40.0,rand,-0.33258927,0.33258927
139,total,0.5766645,0.21699055,0.5172755,0.34741935,0.94306946,0.3548618,0.51568073,20912876.0,0.61561835,50.0,al,-0.35967398,0.35967398
139,total,0.5766645,0.2279957,0.49841917,0.36191425,0.93787116,0.37080422,0.53147835,20820686.0,0.6230001,50.0,rand,-0.34866884,0.34866884
139,total,0.5766645,0.23022139,0.49515012,0.36842605,0.9436193,0.37671885,0.53846645,20880988.0,0.6275959,60.0,al,-0.34644315,0.34644315
139,total,0.5766645,0.24322851,0.47215813,0.3850055,0.9370428,0.39522907,0.555962,20762276.0,0.63593715,60.0,rand,-0.333436,0.333436
139,total,0.5766645,0.2254552,0.5024108,0.35937914,0.9405732,0.36772883,0.5287397,20859716.0,0.6219936,70.0,rand,-0.35120934,0.35120934
139,total,0.5766645,0.24033871,0.47773594,0.37956715,0.93529177,0.38980353,0.5502695,20750120.0,0.6325695,70.0,al,-0.33632582,0.33632582
139,total,0.5766645,0.23311876,0.49002162,0.37259093,0.94294006,0.38118535,0.5429012,20864618.0,0.62984985,80.0,al,-0.34354576,0.34354576
139,total,0.5766645,0.20208922,0.545636,0.3239353,0.9428663,0.33042115,0.48935178,20953954.0,0.6023316,80.0,rand,-0.37457532,0.37457532
139,total,0.5766645,0.22980613,0.4984246,0.36701933,0.94219893,0.3754733,0.5369625,20865570.0,0.62657464,90.0,al,-0.3468584,0.3468584
139,total,0.5766645,0.2501966,0.45844603,0.39572638,0.9370162,0.40654024,0.567054,20739614.0,0.6420145,90.0,rand,-0.32646793,0.32646793
139,total,0.5766645,0.24834277,0.46679386,0.39315003,0.9374927,0.4037332,0.564404,20751578.0,0.6406309,100.0,al,-0.32832175,0.32832175
139,total,0.5766645,0.21259855,0.5294457,0.34009492,0.94216627,0.34734622,0.507568,20915828.0,0.61134243,100.0,rand,-0.36406597,0.36406597
139,total,0.5766645,0.22328421,0.51077986,0.35581648,0.9402226,0.3640521,0.52487373,20862298.0,0.6199241,110.0,rand,-0.35338032,0.35338032
139,total,0.5766645,0.24245384,0.4744725,0.38761142,0.9437296,0.39678165,0.55867386,20847254.0,0.6385025,110.0,al,-0.3342107,0.3342107
139,total,0.5766645,0.22877252,0.49856064,0.36316428,0.9379594,0.37210262,0.532825,20819256.0,0.6237207,120.0,rand,-0.34789202,0.34789202
139,total,0.5766645,0.2263321,0.5031128,0.36362058,0.94607127,0.371317,0.53331596,20920384.0,0.62525505,120.0,al,-0.35033244,0.35033244
139,total,0.5766645,0.22574745,0.5051638,0.36402568,0.948605,0.37134972,0.53375155,20951096.0,0.62587744,130.0,al,-0.3509171,0.3509171
139,total,0.5766645,0.21640211,0.5217611,0.34538528,0.9408206,0.35305557,0.5134366,20889816.0,0.6141236,130.0,rand,-0.36026242,0.36026242
139,total,0.5766645,0.24970385,0.45908278,0.39476553,0.9366723,0.40559065,0.5660668,20736824.0,0.6414121,140.0,rand,-0.32696068,0.32696068
139,total,0.5766645,0.22563583,0.5038455,0.3623813,0.9457959,0.37006694,0.5319818,20919134.0,0.62450963,140.0,al,-0.3510287,0.3510287
139,total,0.5766645,0.23378602,0.49553445,0.37179235,0.9395532,0.38090336,0.542053,20822390.0,0.6288574,150.0,rand,-0.34287852,0.34287852
139,total,0.5766645,0.23156488,0.49041298,0.3710621,0.94461054,0.3793153,0.54127645,20888812.0,0.62924695,150.0,al,-0.34509966,0.34509966
139,total,0.5766645,0.2428037,0.47514212,0.38696665,0.94164157,0.39647505,0.55800384,20820456.0,0.63779896,160.0,rand,-0.33386084,0.33386084
139,total,0.5766645,0.2179139,0.5184624,0.3487158,0.9427672,0.35625762,0.5171075,20906848.0,0.6163049,160.0,al,-0.35875064,0.35875064
139,total,0.5766645,0.25399724,0.45322698,0.40581888,0.9440594,0.41581807,0.5773412,20818464.0,0.6489143,170.0,al,-0.3226673,0.3226673
139,total,0.5766645,0.23364866,0.49008593,0.373599,0.9432714,0.38218608,0.5439706,20867020.0,0.6304741,170.0,rand,-0.34301588,0.34301588
139,total,0.5766645,0.23996663,0.48009217,0.38436034,0.9448564,0.39318016,0.55528903,20868136.0,0.63683593,180.0,al,-0.3366979,0.3366979
139,total,0.5766645,0.24595284,0.46875438,0.39281124,0.9432763,0.40231454,0.5640548,20831562.0,0.6413847,180.0,rand,-0.3307117,0.3307117
139,total,0.5766645,0.22684845,0.50244236,0.3644066,0.9460212,0.37214443,0.5341609,20918390.0,0.625693,190.0,al,-0.34981608,0.34981608
139,total,0.5766645,0.21737659,0.51867867,0.3450797,0.93713695,0.35325685,0.51309884,20846136.0,0.61338127,190.0,rand,-0.35928795,0.35928795
139,total,0.5766645,0.22719844,0.49889117,0.3626748,0.9416797,0.37100813,0.53229797,20867236.0,0.6240325,200.0,rand,-0.3494661,0.3494661
139,total,0.5766645,0.21971892,0.5142634,0.3480783,0.9358754,0.3565827,0.51640624,20824540.0,0.6148747,200.0,al,-0.3569456,0.3569456
139,total,0.5766645,0.22681767,0.5064853,0.36571223,0.94859546,0.37310645,0.5355623,20948186.0,0.6268333,210.0,al,-0.34984687,0.34984687
139,total,0.5766645,0.21189904,0.5318321,0.34111255,0.94654596,0.34781265,0.5087005,20965110.0,0.6125799,210.0,rand,-0.3647655,0.3647655
139,total,0.5766645,0.24072032,0.4787066,0.3821994,0.93893266,0.3919423,0.5530304,20793460.0,0.6346546,220.0,rand,-0.33594424,0.33594424
139,total,0.5766645,0.2393746,0.48259413,0.3841564,0.94614375,0.3927445,0.5550762,20885476.0,0.6369255,220.0,al,-0.33728993,0.33728993
139,total,0.5766645,0.24316016,0.4754086,0.38670582,0.9402129,0.39645472,0.5577326,20801720.0,0.63741904,230.0,al,-0.33350438,0.33350438
139,total,0.5766645,0.22479597,0.5094211,0.36015823,0.94405854,0.36801225,0.52958244,20901576.0,0.6229797,230.0,rand,-0.35186857,0.35186857
139,total,0.5766645,0.2290302,0.49958163,0.36926082,0.94869405,0.37678516,0.5393575,20943548.0,0.6288636,240.0,al,-0.34763432,0.34763432
139,total,0.5766645,0.2257988,0.50348645,0.35661033,0.9342084,0.36579707,0.5257369,20785548.0,0.6194221,240.0,rand,-0.35086575,0.35086575
139,total,0.5766645,0.21532972,0.52323264,0.3419451,0.9372192,0.3499612,0.5096257,20853584.0,0.61162716,250.0,rand,-0.3613348,0.3613348
139,total,0.5766645,0.22152343,0.51234525,0.3545441,0.9431137,0.3622918,0.52348804,20900242.0,0.6196547,250.0,al,-0.3551411,0.3551411
139,total,0.5766645,0.21164992,0.5299123,0.3391462,0.9432826,0.34620604,0.5065107,20930642.0,0.61097604,260.0,rand,-0.3650146,0.3650146
139,total,0.5766645,0.22736171,0.49733612,0.3609198,0.937848,0.369764,0.5304053,20822422.0,0.6224343,260.0,al,-0.34930283,0.34930283
139,total,0.5766645,0.2267743,0.4985701,0.35841194,0.9347841,0.36760384,0.5276922,20788924.0,0.62053037,270.0,rand,-0.34989023,0.34989023
139,total,0.5766645,0.24266107,0.47726372,0.38644406,0.9411134,0.39601994,0.5574603,20814356.0,0.6374167,270.0,al,-0.33400345,0.33400345
139,total,0.5766645,0.2321052,0.4910207,0.3712458,0.943382,0.3797059,0.5414719,20872780.0,0.6291571,280.0,al,-0.34455934,0.34455934
139,total,0.5766645,0.22413602,0.508017,0.35898387,0.9437886,0.36682692,0.5283118,20900376.0,0.6222726,280.0,rand,-0.3525285,0.3525285
139,total,0.5766645,0.20720938,0.53847766,0.32933798,0.93722695,0.33676645,0.49549133,20879608.0,0.6045296,290.0,al,-0.36945516,0.36945516
139,total,0.5766645,0.21179138,0.5302878,0.33933493,0.94321346,0.34641206,0.50672114,20929488.0,0.6110722,290.0,rand,-0.36487314,0.36487314
139,total,0.5766645,0.2434798,0.4734079,0.38748893,0.9407157,0.39718816,0.55854666,20806976.0,0.6379453,300.0,al,-0.33318472,0.33318472
139,total,0.5766645,0.22723536,0.5013158,0.36252004,0.941275,0.37090895,0.53213125,20862448.0,0.62388116,300.0,rand,-0.34942916,0.34942916
139,total,0.5766645,0.20829199,0.5376728,0.3346753,0.94498,0.3413264,0.5015078,20958324.0,0.6087061,310.0,al,-0.36837253,0.36837253
139,total,0.5766645,0.22678475,0.5082405,0.3626666,0.94289637,0.37081105,0.53228915,20882504.0,0.6242189,310.0,rand,-0.3498798,0.3498798
139,total,0.5766645,0.21959504,0.5150147,0.34815675,0.9364142,0.35658684,0.51649255,20830964.0,0.6150034,320.0,rand,-0.3570695,0.3570695
139,total,0.5766645,0.20967151,0.5357806,0.33646843,0.9441824,0.343297,0.50351834,20945952.0,0.60959935,320.0,al,-0.36699304,0.36699304
139,total,0.5766645,0.22910884,0.49593356,0.36447695,0.9394556,0.37324414,0.53423643,20835640.0,0.62470096,330.0,rand,-0.3475557,0.3475557
139,total,0.5766645,0.22209758,0.5070009,0.34895673,0.9303548,0.35831684,0.51737237,20754388.0,0.6144961,330.0,al,-0.35456696,0.35456696
