,images,gt_confluence,pred_confluence,relative_delta_confluence,iou,precision,recall,f1,true_negative,accuracy,step,method,dAbsConf,dAbsAbsConf
2,total,0.35496256,0.16340351,0.5388401,0.32405478,0.77640706,0.35740912,0.48948804,1495454.0,0.73536867,0.0,rand,-0.19155906,0.19155906
2,total,0.35496256,0.20343077,0.42750108,0.4356457,0.832935,0.47735673,0.6068981,1501720.0,0.7804952,0.0,al,-0.1515318,0.1515318
2,total,0.35496256,0.17085102,0.5199151,0.3703046,0.8316833,0.40030447,0.54047006,1514571.0,0.7583736,1.0,al,-0.18411155,0.18411155
2,total,0.35496256,0.18281838,0.48458573,0.36130556,0.7807395,0.4021065,0.5308217,1486732.0,0.74768555,1.0,rand,-0.17214419,0.17214419
2,total,0.35496256,0.2310146,0.3496961,0.46455452,0.804588,0.52363485,0.63439655,1474301.0,0.7857654,2.0,rand,-0.12394798,0.12394798
2,total,0.35496256,0.37732276,0.06258901,0.56245345,0.6986302,0.74263716,0.71996135,1305782.0,0.7949324,2.0,al,0.022360213,0.022360213
2,total,0.35496256,0.22745462,0.35878894,0.45715365,0.8033364,0.5147635,0.62746066,1475311.0,0.78302735,3.0,rand,-0.12750795,0.12750795
2,total,0.35496256,0.32028747,0.09964304,0.5352958,0.73506737,0.663259,0.6973189,1376706.0,0.79561526,3.0,al,-0.034675106,0.034675106
2,total,0.35496256,0.29645935,0.1632996,0.49524927,0.7277937,0.6078401,0.66242987,1386921.0,0.7801001,4.0,al,-0.058503233,0.058503233
2,total,0.35496256,0.23162942,0.34738883,0.45819736,0.7957558,0.51926506,0.62844306,1468978.0,0.78204834,4.0,rand,-0.12333315,0.12333315
2,total,0.35496256,0.29048237,0.18212293,0.52640784,0.7662879,0.6270869,0.6897337,1418400.0,0.7997408,5.0,rand,-0.0644802,0.0644802
2,total,0.35496256,0.28236917,0.20324656,0.5151026,0.76736295,0.6104274,0.6799569,1423806.0,0.796027,5.0,al,-0.0725934,0.0725934
2,total,0.35496256,0.29137468,0.17632058,0.50846046,0.74770695,0.6137609,0.6741444,1404582.0,0.789388,6.0,al,-0.06358787,0.06358787
2,total,0.35496256,0.29420957,0.17067555,0.5415773,0.77517366,0.642498,0.702627,1422684.0,0.8069543,6.0,rand,-0.060752988,0.060752988
2,total,0.35496256,0.2953973,0.16590591,0.5546609,0.7854886,0.6536758,0.7135453,1429516.0,0.813702,7.0,al,-0.059565242,0.059565242
2,total,0.35496256,0.25311217,0.28578538,0.48988616,0.7899271,0.5632689,0.65761507,1454569.0,0.791805,7.0,rand,-0.1018504,0.1018504
2,total,0.35496256,0.28924742,0.1850544,0.5321625,0.7735675,0.63035274,0.69465494,1424284.0,0.80329424,8.0,rand,-0.06571515,0.06571515
2,total,0.35496256,0.23973204,0.32351518,0.47675467,0.80085814,0.5408755,0.64567846,1467917.0,0.7892875,8.0,al,-0.11523052,0.11523052
2,total,0.35496256,0.22065571,0.37870884,0.44062003,0.797876,0.49598214,0.6117084,1475636.0,0.7764929,9.0,al,-0.13430686,0.13430686
2,total,0.35496256,0.27990213,0.21155393,0.5241194,0.7799865,0.6150482,0.6877663,1433900.0,0.8017745,9.0,rand,-0.07506044,0.07506044
2,total,0.35496256,0.23903216,0.326581,0.4740501,0.7991703,0.5381599,0.64319354,1467268.0,0.7880595,10.0,rand,-0.11593039,0.11593039
2,total,0.35496256,0.24890399,0.29918054,0.49090624,0.79883736,0.56015205,0.6585335,1462192.0,0.7938005,10.0,al,-0.10605857,0.10605857
2,total,0.35496256,0.251474,0.29084626,0.48445895,0.78701335,0.5575591,0.6527073,1453614.0,0.78938967,11.0,rand,-0.10348859,0.10348859
2,total,0.35496256,0.30830178,0.13199112,0.5503024,0.7636535,0.6632671,0.70992863,1406169.0,0.80760664,11.0,al,-0.046660785,0.046660785
2,total,0.35496256,0.29055357,0.1803786,0.5443033,0.7830511,0.64096195,0.70491713,1430329.0,0.8095198,12.0,rand,-0.064408995,0.064408995
2,total,0.35496256,0.28120992,0.20747814,0.5506697,0.8033726,0.63644886,0.7102342,1449355.0,0.8156596,12.0,al,-0.073752664,0.073752664
2,total,0.35496256,0.23090962,0.34936363,0.4654203,0.80583316,0.5242069,0.63520336,1475058.0,0.78627646,13.0,rand,-0.12405296,0.12405296
2,total,0.35496256,0.24424416,0.31137374,0.47971806,0.7953543,0.54726857,0.64839065,1462405.0,0.789314,13.0,al,-0.1107184,0.1107184
