,images,gt_confluence,pred_confluence,relative_delta_confluence,iou,precision,recall,f1,true_negative,accuracy,step,method,dAbsConf,dAbsAbsConf
2,total,0.26927653,0.09855487,0.63368624,0.13398647,0.44098824,0.16139951,0.23631014,1660430.0,0.7190918,0.0,rand,-0.17072165,0.17072165
2,total,0.26927653,0.13551125,0.4938278,0.17215587,0.43872324,0.22078232,0.29374185,1608904.0,0.7141162,0.0,al,-0.13376528,0.13376528
2,total,0.26927653,0.13320698,0.50492024,0.18531829,0.47239643,0.23368552,0.31268907,1623106.0,0.72336954,1.0,rand,-0.13606955,0.13606955
2,total,0.26927653,0.13055804,0.5142439,0.16389757,0.43125755,0.20909253,0.28163528,1613341.0,0.71277386,1.0,al,-0.13871849,0.13871849
2,total,0.26927653,0.12898782,0.52051115,0.16739641,0.4427441,0.21207996,0.28678545,1619177.0,0.71595293,2.0,rand,-0.14028871,0.14028871
2,total,0.26927653,0.13814676,0.48570833,0.17557119,0.44046515,0.2259699,0.29869893,1605860.0,0.71427447,2.0,al,-0.13112977,0.13112977
2,total,0.26927653,0.14579242,0.45679945,0.18206196,0.43849656,0.23741035,0.30804086,1594641.0,0.71279013,3.0,al,-0.123484105,0.123484105
2,total,0.26927653,0.1419521,0.47195545,0.19842073,0.4796465,0.25284916,0.33113655,1614296.0,0.72494507,3.0,rand,-0.12732443,0.12732443
2,total,0.26927653,0.14460224,0.461875,0.19585308,0.4687623,0.2517249,0.3275533,1607039.0,0.72168946,4.0,rand,-0.12467429,0.12467429
2,total,0.26927653,0.13036965,0.51425296,0.17132813,0.44838542,0.21708317,0.29253608,1619092.0,0.7172656,4.0,al,-0.13890688,0.13890688
2,total,0.26927653,0.13602395,0.49367252,0.17653646,0.44708785,0.22584297,0.30009472,1610993.0,0.7163289,5.0,al,-0.13325258,0.13325258
2,total,0.26927653,0.14883076,0.44693163,0.20411411,0.47621417,0.26320466,0.3390274,1604244.0,0.72364336,5.0,rand,-0.12044578,0.12044578
2,total,0.26927653,0.117323995,0.5639692,0.17095351,0.48107916,0.20960478,0.29198983,1646204.0,0.7262838,6.0,al,-0.15195253,0.15195253
2,total,0.26927653,0.12658222,0.52872586,0.17068322,0.4559543,0.2143345,0.2915955,1626581.0,0.7195728,6.0,rand,-0.14269431,0.14269431
2,total,0.26927653,0.12724262,0.5258116,0.17334504,0.4603833,0.21754557,0.2954711,1627083.0,0.7206417,7.0,rand,-0.1420339,0.1420339
2,total,0.26927653,0.12573504,0.5310626,0.16592044,0.4470816,0.20875707,0.28461665,1624972.0,0.71741617,7.0,al,-0.14354149,0.14354149
2,total,0.26927653,0.1361684,0.49304602,0.18028077,0.45480135,0.22998334,0.3054875,1613378.0,0.7184143,8.0,al,-0.13310812,0.13310812
2,total,0.26927653,0.12424376,0.53912455,0.1739444,0.46930787,0.21653616,0.29634136,1633785.0,0.7230969,8.0,rand,-0.14503278,0.14503278
2,total,0.26927653,0.13550189,0.49560067,0.18479484,0.46593013,0.23445769,0.3119436,1617977.0,0.7214905,9.0,rand,-0.13377464,0.13377464
2,total,0.26927653,0.12485777,0.5347756,0.16523711,0.44763532,0.20755726,0.28361073,1626334.0,0.7176473,9.0,al,-0.14441876,0.14441876
2,total,0.26927653,0.13247618,0.5071554,0.18596724,0.4755399,0.23394996,0.31361234,1625077.0,0.72424275,10.0,al,-0.13680035,0.13680035
2,total,0.26927653,0.14172219,0.47275555,0.19053389,0.46412513,0.2442707,0.32008097,1609184.0,0.720555,10.0,rand,-0.12755434,0.12755434
2,total,0.26927653,0.124734074,0.5355795,0.17893898,0.47944504,0.22208638,0.30355895,1636253.0,0.7255957,11.0,rand,-0.14454246,0.14454246
2,total,0.26927653,0.12603697,0.5310505,0.17049897,0.45687434,0.21384189,0.29132655,1627595.0,0.7198527,11.0,al,-0.14323956,0.14323956
2,total,0.26927653,0.12730813,0.52636546,0.1816144,0.4788027,0.2263658,0.30740002,1632759.0,0.72532636,12.0,rand,-0.1419684,0.1419684
2,total,0.26927653,0.12689269,0.5275979,0.17792888,0.47160003,0.22223297,0.30210418,1631045.0,0.72351605,12.0,al,-0.14238384,0.14238384
2,total,0.26927653,0.12820616,0.5229107,0.17960505,0.47205603,0.22475044,0.30451682,1629483.0,0.72355837,13.0,al,-0.14107037,0.14107037
2,total,0.26927653,0.13619933,0.49268207,0.18377115,0.46216998,0.23376258,0.3104838,1615803.0,0.7204187,13.0,rand,-0.1330772,0.1330772
