,images,gt_confluence,pred_confluence,relative_delta_confluence,iou,precision,recall,f1,true_negative,accuracy,step,method,dAbsConf,dAbsAbsConf
3,total,0.15109126,0.058461234,0.56096935,0.3055789,0.8389777,0.3246173,0.46811208,660206.0,0.8885422,0.0,rand,-0.09263002,0.09263002
3,total,0.15109126,0.07087935,0.49970362,0.3524649,0.8161497,0.38286358,0.5212181,657361.0,0.8937251,0.0,al,-0.08021191,0.08021191
3,total,0.15109126,0.07173384,0.4698244,0.33557916,0.78049386,0.37055117,0.5025219,655226.0,0.88914996,1.0,rand,-0.079357415,0.079357415
3,total,0.15109126,0.09143294,0.34612003,0.42051286,0.7852166,0.47516894,0.59205735,652165.0,0.9010646,1.0,al,-0.059658322,0.059658322
3,total,0.15109126,0.08505604,0.3807456,0.39184886,0.7816415,0.44001582,0.5630619,653003.0,0.8968188,2.0,rand,-0.066035226,0.066035226
3,total,0.15109126,0.083999366,0.40288675,0.39615774,0.79413855,0.44149703,0.56749666,654010.0,0.89832306,2.0,al,-0.0670919,0.0670919
3,total,0.15109126,0.09148507,0.34251475,0.4347741,0.80349153,0.48650515,0.60605186,653471.0,0.904438,3.0,al,-0.059606187,0.059606187
3,total,0.15109126,0.088912696,0.34783292,0.4013572,0.7731076,0.4549456,0.57281166,651744.0,0.89747363,3.0,rand,-0.062178567,0.062178567
3,total,0.15109126,0.09249088,0.3446412,0.43074808,0.79288393,0.4853606,0.6021294,652544.0,0.90308636,4.0,al,-0.05860038,0.05860038
3,total,0.15109126,0.085527785,0.38107747,0.39701653,0.7862357,0.44505695,0.56837726,653231.0,0.89787036,4.0,rand,-0.06556347,0.06556347
3,total,0.15109126,0.08576302,0.38555637,0.40575072,0.79714143,0.45247132,0.5772722,653927.0,0.89987564,5.0,al,-0.06532823,0.06532823
3,total,0.15109126,0.09502511,0.30997905,0.43080074,0.7798341,0.49045217,0.60218084,651156.0,0.9020907,5.0,rand,-0.056066148,0.056066148
3,total,0.15109126,0.09000878,0.34776765,0.42268243,0.79583246,0.4740917,0.5942044,653157.0,0.9021632,6.0,al,-0.061082475,0.061082475
3,total,0.15109126,0.07908095,0.43945327,0.3782932,0.79886156,0.4181177,0.54892945,655100.0,0.89617664,6.0,rand,-0.07201031,0.07201031
3,total,0.15109126,0.07111077,0.50060874,0.36057928,0.8281208,0.38974777,0.53003746,657997.0,0.8955739,7.0,rand,-0.079980485,0.079980485
3,total,0.15109126,0.083773024,0.4065337,0.41405603,0.8209347,0.4551644,0.58562845,655812.0,0.90267944,7.0,al,-0.06731823,0.06731823
3,total,0.15109126,0.07699049,0.45325077,0.38958183,0.8305614,0.4232177,0.56071764,657350.0,0.8998082,8.0,rand,-0.07410076,0.07410076
3,total,0.15109126,0.079365775,0.43530703,0.39530838,0.8226708,0.43213016,0.56662464,656541.0,0.90012616,8.0,al,-0.07172548,0.07172548
3,total,0.15109126,0.065298446,0.5358296,0.33887476,0.83875996,0.36248875,0.5062079,659329.0,0.8931491,9.0,rand,-0.08579281,0.08579281
3,total,0.15109126,0.074833915,0.469679,0.38308606,0.83621347,0.41416225,0.55395794,657970.0,0.8992284,9.0,al,-0.07625734,0.07625734
