,images,gt_confluence,pred_confluence,relative_delta_confluence,iou,precision,recall,f1,true_negative,accuracy,step,method,dAbsConf,dAbsAbsConf
139,total,0.5766645,0.24214709,0.47773796,0.3549473,0.8858241,0.37196466,0.5239274,20134642.0,0.61018705,0.0,rand,-0.33451745,0.33451745
139,total,0.5766645,0.25346577,0.45518273,0.4063604,0.94633055,0.4159463,0.577889,20849270.0,0.64959365,0.0,al,-0.32319874,0.32319874
139,total,0.5766645,0.23234494,0.4947707,0.34911105,0.90102667,0.3630327,0.51754194,20371328.0,0.6096877,10.0,al,-0.3443196,0.3443196
139,total,0.5766645,0.23727275,0.48654917,0.3783488,0.9416241,0.38743636,0.54898804,20836668.0,0.63290536,10.0,rand,-0.33939177,0.33939177
139,total,0.5766645,0.23935534,0.47857618,0.36978456,0.9203551,0.38200888,0.539916,20571436.0,0.6245631,20.0,al,-0.3373092,0.3373092
139,total,0.5766645,0.24256344,0.47000417,0.38755736,0.9433345,0.39679486,0.5586177,20842064.0,0.63840806,20.0,rand,-0.33410108,0.33410108
139,total,0.5766645,0.2175723,0.5165257,0.3489648,0.94434106,0.35629296,0.51738125,20925268.0,0.6166872,30.0,rand,-0.35909224,0.35909224
139,total,0.5766645,0.24167784,0.47540674,0.3745469,0.9226694,0.38668552,0.5449746,20590484.0,0.6276343,30.0,al,-0.3349867,0.3349867
139,total,0.5766645,0.21255265,0.5311957,0.33826616,0.9385287,0.34593046,0.50552857,20876620.0,0.60975546,40.0,al,-0.3641119,0.3641119
139,total,0.5766645,0.22439235,0.5058138,0.35882524,0.9427056,0.366825,0.52814,20887278.0,0.6220141,40.0,rand,-0.35227218,0.35227218
139,total,0.5766645,0.2471697,0.46531388,0.38930523,0.9339818,0.40032125,0.5604311,20711152.0,0.6378689,50.0,al,-0.32949483,0.32949483
139,total,0.5766645,0.23607872,0.4834728,0.37364215,0.9364403,0.38336444,0.5440163,20777944.0,0.6294031,50.0,rand,-0.34058583,0.34058583
139,total,0.5766645,0.23662241,0.48325145,0.37657902,0.9402519,0.38581136,0.5471226,20822078.0,0.6316815,60.0,al,-0.3400421,0.3400421
139,total,0.5766645,0.24951693,0.46235567,0.3957359,0.93881243,0.40621305,0.5670637,20764600.0,0.6423169,60.0,rand,-0.3271476,0.3271476
139,total,0.5766645,0.26664817,0.43629268,0.41958988,0.9347883,0.43224204,0.59114194,20656660.0,0.6552056,70.0,rand,-0.31001636,0.31001636
139,total,0.5766645,0.23633946,0.48408931,0.37388334,0.93614686,0.38366762,0.5442719,20773572.0,0.62949204,70.0,al,-0.34032506,0.34032506
139,total,0.5766645,0.2254707,0.5026003,0.35175046,0.925757,0.36196116,0.5204366,20689682.0,0.61532605,80.0,al,-0.35119382,0.35119382
139,total,0.5766645,0.2286,0.498489,0.3620901,0.9364283,0.37121508,0.53166795,20801992.0,0.6228696,80.0,rand,-0.34806454,0.34806454
139,total,0.5766645,0.22272873,0.5068688,0.35873544,0.9476,0.3659958,0.52804273,20947600.0,0.6227213,90.0,al,-0.3539358,0.3539358
139,total,0.5766645,0.21174559,0.5324218,0.3384276,0.9414781,0.34569994,0.5057089,20910924.0,0.61029667,90.0,rand,-0.36491895,0.36491895
139,total,0.5766645,0.24687402,0.46740565,0.39146054,0.938484,0.40176976,0.56266093,20768702.0,0.6398352,100.0,al,-0.32979053,0.32979053
139,total,0.5766645,0.22677456,0.5006641,0.36374995,0.9449921,0.37161854,0.5334551,20906718.0,0.62516034,100.0,rand,-0.34988996,0.34988996
139,total,0.5766645,0.19798693,0.5557534,0.318265,0.94462097,0.32431623,0.48285395,20983558.0,0.5993929,110.0,rand,-0.3786776,0.3786776
139,total,0.5766645,0.22135904,0.51243097,0.35450962,0.9435519,0.36219117,0.5234505,20905654.0,0.61970305,110.0,al,-0.3553055,0.3553055
139,total,0.5766645,0.23265919,0.4893203,0.37024736,0.93993187,0.37922022,0.5404091,20830340.0,0.628043,120.0,rand,-0.34400535,0.34400535
139,total,0.5766645,0.22338852,0.5053713,0.3555569,0.9394003,0.3639036,0.5245912,20852632.0,0.6196486,120.0,al,-0.353276,0.353276
139,total,0.5766645,0.22540924,0.5041714,0.35815367,0.9383492,0.36678454,0.5274122,20834346.0,0.6209505,130.0,al,-0.3512553,0.3512553
139,total,0.5766645,0.24305612,0.4706755,0.38226202,0.9326772,0.3931089,0.55309594,20708836.0,0.6336643,130.0,rand,-0.33360842,0.33360842
139,total,0.5766645,0.21498702,0.52430016,0.34368962,0.9418695,0.3511379,0.5115606,20905552.0,0.613327,140.0,rand,-0.3616775,0.3616775
139,total,0.5766645,0.24423592,0.470999,0.3905112,0.9439331,0.3997843,0.56167966,20844680.0,0.6401834,140.0,al,-0.3324286,0.3324286
139,total,0.5766645,0.23592575,0.49069858,0.37737983,0.9436752,0.386076,0.5479673,20865294.0,0.6326834,150.0,rand,-0.34073877,0.34073877
139,total,0.5766645,0.2210689,0.51068735,0.35266438,0.9408125,0.36066628,0.5214362,20875672.0,0.61823446,150.0,al,-0.35559562,0.35559562
139,total,0.5766645,0.20880595,0.53577054,0.33274278,0.93918425,0.34007004,0.49933493,20895304.0,0.60674316,160.0,rand,-0.3678586,0.3678586
139,total,0.5766645,0.21647549,0.5164529,0.34672618,0.9433002,0.3541061,0.5149167,20916908.0,0.61526185,160.0,al,-0.36018905,0.36018905
139,total,0.5766645,0.23531602,0.48258808,0.3751659,0.94137734,0.38414052,0.5456296,20839526.0,0.6310609,170.0,al,-0.34134853,0.34134853
139,total,0.5766645,0.21899435,0.51648843,0.35104403,0.94403374,0.358505,0.5196629,20917816.0,0.6178163,170.0,rand,-0.3576702,0.3576702
139,total,0.5766645,0.25351557,0.4564264,0.40502185,0.94398314,0.414996,0.57653415,20818852.0,0.6484479,180.0,al,-0.32314897,0.32314897
139,total,0.5766645,0.22289345,0.51021975,0.35625675,0.94226974,0.36420622,0.52535254,20886704.0,0.62049264,180.0,rand,-0.3537711,0.3537711
139,total,0.5766645,0.23284502,0.49277523,0.37017006,0.9392542,0.37924948,0.5403268,20821742.0,0.6278909,190.0,al,-0.3438195,0.3438195
139,total,0.5766645,0.23579824,0.4849469,0.37609133,0.94169503,0.38505766,0.5466077,20841900.0,0.63163644,190.0,rand,-0.3408663,0.3408663
139,total,0.5766645,0.2200383,0.51872253,0.35287362,0.944412,0.3603583,0.5216649,20919078.0,0.6189099,200.0,rand,-0.35662624,0.35662624
139,total,0.5766645,0.22496136,0.50697255,0.36188418,0.94687927,0.3693834,0.5314459,20933396.0,0.6243957,200.0,al,-0.35170317,0.35170317
139,total,0.5766645,0.22744516,0.5019693,0.36646232,0.9481382,0.3739583,0.5363661,20941252.0,0.62718827,210.0,al,-0.34921938,0.34921938
139,total,0.5766645,0.21917692,0.5131939,0.3497399,0.9408671,0.3576003,0.51823264,20881980.0,0.6165904,210.0,rand,-0.35748762,0.35748762
139,total,0.5766645,0.24679212,0.46650815,0.39217228,0.939928,0.40225446,0.56339574,20787092.0,0.6404761,220.0,rand,-0.3298724,0.3298724
139,total,0.5766645,0.24152689,0.4787939,0.3819409,0.93626195,0.39213702,0.5527597,20758132.0,0.6340726,220.0,al,-0.33513764,0.33513764
139,total,0.5766645,0.23124738,0.49258742,0.37023613,0.9439998,0.37855032,0.54039717,20882522.0,0.6286822,230.0,al,-0.34541714,0.34541714
139,total,0.5766645,0.2198802,0.5205401,0.3504343,0.94006664,0.35844254,0.51899457,20870908.0,0.6168585,230.0,rand,-0.35678434,0.35678434
139,total,0.5766645,0.24287626,0.47836015,0.38897192,0.94495595,0.39798948,0.5600857,20861200.0,0.6394731,240.0,al,-0.33378828,0.33378828
139,total,0.5766645,0.20631053,0.54299104,0.32706052,0.93533134,0.33462742,0.49290934,20862580.0,0.6029615,240.0,rand,-0.370354,0.370354
139,total,0.5766645,0.24180694,0.47913152,0.38383007,0.9388415,0.39367333,0.5547354,20788962.0,0.63556445,250.0,rand,-0.3348576,0.3348576
139,total,0.5766645,0.2337834,0.48763207,0.3718277,0.9396258,0.38092852,0.54209054,20823262.0,0.628889,250.0,al,-0.34288114,0.34288114
139,total,0.5766645,0.21606489,0.52017725,0.34618276,0.9435038,0.35351074,0.5143172,20920332.0,0.61498576,260.0,rand,-0.36059964,0.36059964
139,total,0.5766645,0.23672102,0.48497784,0.3782146,0.9429363,0.3870741,0.5488468,20854114.0,0.63303924,260.0,al,-0.3399435,0.3399435
139,total,0.5766645,0.22886942,0.49650943,0.36438686,0.9399887,0.37306562,0.5341397,20842584.0,0.62473446,270.0,rand,-0.34779513,0.34779513
139,total,0.5766645,0.23200995,0.49207464,0.36979747,0.94097054,0.37857988,0.5399297,20844586.0,0.6279537,270.0,al,-0.3446546,0.3446546
139,total,0.5766645,0.22528541,0.50403273,0.36334765,0.9487053,0.37062886,0.53302234,20953452.0,0.62550807,280.0,al,-0.35137913,0.35137913
139,total,0.5766645,0.21991523,0.5144697,0.34861425,0.93633825,0.3570778,0.51699585,20829078.0,0.61524945,280.0,rand,-0.3567493,0.3567493
139,total,0.5766645,0.23259774,0.48882937,0.3733355,0.9458185,0.3814944,0.5436912,20900200.0,0.6307273,290.0,al,-0.3440668,0.3440668
139,total,0.5766645,0.22775473,0.5011528,0.36051163,0.9359086,0.36963722,0.5299644,20798704.0,0.6218951,290.0,rand,-0.3489098,0.3489098
139,total,0.5766645,0.23825662,0.4817881,0.37971675,0.9413296,0.38892123,0.5504267,20830176.0,0.633634,300.0,al,-0.3384079,0.3384079
139,total,0.5766645,0.2218321,0.5167205,0.34873232,0.93071467,0.35802698,0.51712567,20759390.0,0.61442727,300.0,rand,-0.35483244,0.35483244
139,total,0.5766645,0.2193591,0.5156306,0.35273048,0.9462447,0.35994312,0.52150846,20941456.0,0.6191102,310.0,al,-0.35730544,0.35730544
139,total,0.5766645,0.23346189,0.49747887,0.3728233,0.942381,0.3815201,0.54314786,20856980.0,0.6298928,310.0,rand,-0.34320265,0.34320265
139,total,0.5766645,0.21015549,0.5324899,0.33350587,0.93636405,0.34124017,0.50019366,20860970.0,0.6067432,320.0,rand,-0.36650905,0.36650905
139,total,0.5766645,0.22319129,0.512947,0.36051598,0.949635,0.36754355,0.5299691,20969478.0,0.6240438,320.0,al,-0.35347325,0.35347325
139,total,0.5766645,0.23287725,0.48859546,0.36681607,0.93293595,0.37675044,0.53674495,20746772.0,0.62497646,330.0,rand,-0.34378728,0.34378728
139,total,0.5766645,0.22937886,0.49593332,0.36239728,0.9347329,0.3718055,0.531999,20779684.0,0.6227717,330.0,al,-0.34728566,0.34728566
