,images,gt_confluence,pred_confluence,relative_delta_confluence,iou,precision,recall,f1,true_negative,accuracy,step,method,dAbsConf,dAbsAbsConf
3,total,0.15109126,0.06646193,0.51942325,0.3454597,0.84047294,0.36970115,0.51351875,659271.0,0.89416504,0.0,rand,-0.08462933,0.08462933
3,total,0.15109126,0.049148288,0.63828796,0.2655121,0.85480326,0.27805224,0.41961175,661997.0,0.883784,0.0,al,-0.10194297,0.10194297
3,total,0.15109126,0.05014901,0.6349217,0.28025272,0.8784421,0.29155973,0.43780807,662815.0,0.88686496,1.0,rand,-0.10094225,0.10094225
3,total,0.15109126,0.06152062,0.53963333,0.32753214,0.8526694,0.34718025,0.4934447,660481.0,0.8923009,1.0,al,-0.089570634,0.089570634
3,total,0.15109126,0.07158379,0.48090306,0.3666573,0.8345679,0.39539483,0.5365749,658296.0,0.8968074,2.0,rand,-0.07950746,0.07950746
3,total,0.15109126,0.08456139,0.3798528,0.41079924,0.8114615,0.4541461,0.5823634,655071.0,0.9015834,2.0,al,-0.06652986,0.06652986
3,total,0.15109126,0.07011005,0.491465,0.36970198,0.8516033,0.39515918,0.53982794,659427.0,0.89820987,3.0,al,-0.08098121,0.08098121
3,total,0.15109126,0.07573927,0.46853724,0.39004606,0.8403707,0.42125684,0.5611983,658101.0,0.9004669,3.0,rand,-0.07535198,0.07535198
3,total,0.15109126,0.07187626,0.47589687,0.37662807,0.8487041,0.40373498,0.54717433,659057.0,0.89903516,4.0,al,-0.079215005,0.079215005
3,total,0.15109126,0.07013039,0.506443,0.36409256,0.841964,0.39079976,0.5338234,658893.0,0.8968722,4.0,rand,-0.08096086,0.08096086
3,total,0.15109126,0.068880446,0.49305218,0.3538163,0.83462864,0.3804903,0.5226943,658651.0,0.89500684,5.0,al,-0.08221081,0.08221081
3,total,0.15109126,0.06431044,0.5463819,0.33911464,0.8482056,0.36102438,0.50647545,659932.0,0.8936946,5.0,rand,-0.08678082,0.08678082
3,total,0.15109126,0.068389624,0.5080657,0.37166333,0.86958706,0.39360225,0.54191583,660595.0,0.89945984,6.0,al,-0.08270164,0.08270164
3,total,0.15109126,0.07025628,0.5029691,0.36721647,0.84621096,0.393476,0.5371734,659112.0,0.89755505,6.0,rand,-0.08083498,0.08083498
3,total,0.15109126,0.07675017,0.4569103,0.3843212,0.8241658,0.41864792,0.55524814,656996.0,0.89866763,7.0,rand,-0.07434109,0.07434109
3,total,0.15109126,0.059013095,0.57828456,0.32404864,0.87136114,0.34032974,0.48948106,661639.0,0.89273834,7.0,al,-0.092078164,0.092078164
3,total,0.15109126,0.072719306,0.48383516,0.37436655,0.8383577,0.4034909,0.5447837,658365.0,0.8981183,8.0,rand,-0.07837196,0.07837196
3,total,0.15109126,0.064259574,0.54425627,0.33831176,0.84717524,0.3603006,0.5055795,659886.0,0.89352673,8.0,al,-0.08683168,0.08683168
3,total,0.15109126,0.07073566,0.4998574,0.3608359,0.83154166,0.3892933,0.5303147,658238.0,0.89581174,9.0,rand,-0.0803556,0.0803556
3,total,0.15109126,0.06893767,0.5115348,0.3583888,0.84208876,0.38421014,0.52766705,659048.0,0.89607364,9.0,al,-0.08215359,0.08215359
