,images,gt_confluence,pred_confluence,relative_delta_confluence,iou,precision,recall,f1,true_negative,accuracy,step,method,dAbsConf,dAbsAbsConf
139,total,0.5766645,0.20894037,0.5449181,0.34069997,0.9554849,0.34619507,0.50824153,21068196.0,0.6136729,0.0,rand,-0.36772415,0.36772415
139,total,0.5766645,0.22093223,0.5100475,0.35117093,0.9382833,0.3594743,0.519802,20847650.0,0.6169964,0.0,al,-0.3557323,0.3557323
139,total,0.5766645,0.24966444,0.46475852,0.3808751,0.9129053,0.39523685,0.5516427,20435012.0,0.62951016,10.0,al,-0.32700008,0.32700008
139,total,0.5766645,0.22474565,0.5060014,0.36228976,0.94831264,0.3695878,0.5318831,20950372.0,0.6248472,10.0,rand,-0.3519189,0.3519189
139,total,0.5766645,0.21655187,0.5257908,0.33624345,0.9217209,0.34612754,0.50326633,20678902.0,0.60598356,20.0,al,-0.36011267,0.36011267
139,total,0.5766645,0.21779417,0.5154884,0.3492216,0.9441573,0.35658687,0.5176634,20922604.0,0.6168043,20.0,rand,-0.3588704,0.3588704
139,total,0.5766645,0.24455965,0.4734747,0.39207023,0.94575995,0.40108892,0.5632905,20866492.0,0.64136434,30.0,rand,-0.3321049,0.3321049
139,total,0.5766645,0.25024906,0.4644731,0.39398098,0.93391484,0.40527964,0.56525975,20699954.0,0.6405082,30.0,al,-0.32641548,0.32641548
139,total,0.5766645,0.23974058,0.48065406,0.37826306,0.9346032,0.38854718,0.5488978,20743688.0,0.63171864,40.0,al,-0.33692396,0.33692396
139,total,0.5766645,0.22986317,0.4958017,0.36863407,0.94506,0.37670696,0.5386886,20898868.0,0.6279404,40.0,rand,-0.34680137,0.34680137
139,total,0.5766645,0.24825838,0.46234116,0.39053914,0.93323714,0.40176395,0.5617085,20698088.0,0.6384441,50.0,al,-0.32840616,0.32840616
139,total,0.5766645,0.21498227,0.52378494,0.34320295,0.94089174,0.35076565,0.5110213,20894870.0,0.6129024,50.0,rand,-0.36168227,0.36168227
139,total,0.5766645,0.23117532,0.49292788,0.3702321,0.94420236,0.37851354,0.5403929,20885110.0,0.6287118,60.0,al,-0.3454892,0.3454892
139,total,0.5766645,0.24661979,0.46574083,0.3932066,0.9421682,0.40293163,0.5644623,20815732.0,0.6414294,60.0,rand,-0.33004475,0.33004475
139,total,0.5766645,0.22649717,0.504892,0.36299857,0.9443894,0.37092724,0.53264666,20900548.0,0.62464046,70.0,rand,-0.35016736,0.35016736
139,total,0.5766645,0.24094501,0.47401148,0.384223,0.9419039,0.39354962,0.55514574,20829192.0,0.6362837,70.0,al,-0.33571953,0.33571953
139,total,0.5766645,0.21595906,0.5226585,0.34505412,0.9415524,0.35260677,0.5130706,20899192.0,0.6140491,80.0,al,-0.36070547,0.36070547
139,total,0.5766645,0.25852332,0.4535426,0.40614873,0.9331242,0.41832542,0.5776749,20661728.0,0.64728004,80.0,rand,-0.31814122,0.31814122
139,total,0.5766645,0.23560783,0.48596495,0.37525907,0.94071907,0.38434798,0.54572815,20830764.0,0.6310083,90.0,al,-0.3410567,0.3410567
139,total,0.5766645,0.24004725,0.4816967,0.38121277,0.93903166,0.39088762,0.55199677,20796760.0,0.6341113,90.0,rand,-0.3366173,0.3366173
139,total,0.5766645,0.24315752,0.47504637,0.3895574,0.94520956,0.3985573,0.56069237,20863552.0,0.6398467,100.0,al,-0.333507,0.333507
139,total,0.5766645,0.23950563,0.48537734,0.37834764,0.9354025,0.38849837,0.54898685,20754212.0,0.63189733,100.0,rand,-0.3371589,0.3371589
139,total,0.5766645,0.22425637,0.51267636,0.3597978,0.94499695,0.36749378,0.5291927,20913822.0,0.62292135,110.0,rand,-0.35240817,0.35240817
139,total,0.5766645,0.24482025,0.47477818,0.3903244,0.94202626,0.39993125,0.5614864,20819260.0,0.63976854,110.0,al,-0.33184427,0.33184427
139,total,0.5766645,0.23018554,0.50049996,0.3658907,0.9389697,0.37480423,0.5357536,20826630.0,0.62542355,120.0,rand,-0.346479,0.346479
139,total,0.5766645,0.22270513,0.5126061,0.35566205,0.9416835,0.36367208,0.52470565,20880614.0,0.6200649,120.0,al,-0.3539594,0.3539594
139,total,0.5766645,0.2527899,0.46066427,0.40469033,0.9453143,0.41439164,0.5761982,20838044.0,0.6484765,130.0,al,-0.32387462,0.32387462
139,total,0.5766645,0.23131876,0.49723962,0.3684844,0.94052887,0.37727484,0.5385288,20841464.0,0.62713975,130.0,rand,-0.34534577,0.34534577
139,total,0.5766645,0.22511837,0.5040462,0.35930103,0.94143444,0.36751562,0.5286552,20870600.0,0.62208456,140.0,rand,-0.35154617,0.35154617
139,total,0.5766645,0.21920958,0.51623493,0.3509777,0.94323003,0.35855183,0.51959026,20908238.0,0.6176551,140.0,al,-0.35745496,0.35745496
139,total,0.5766645,0.22623393,0.50242674,0.36245796,0.9441452,0.37040034,0.5320644,20898482.0,0.624296,150.0,rand,-0.3504306,0.3504306
139,total,0.5766645,0.22797142,0.4969175,0.36512214,0.9440327,0.3732006,0.5349292,20892240.0,0.62578815,150.0,al,-0.3486931,0.3486931
139,total,0.5766645,0.21660686,0.5240793,0.3474378,0.94432044,0.3547042,0.51570106,20927776.0,0.6158203,160.0,rand,-0.36005768,0.36005768
139,total,0.5766645,0.23350953,0.48733744,0.37138587,0.93959516,0.38046986,0.54162085,20823740.0,0.6286339,160.0,al,-0.34315503,0.34315503
139,total,0.5766645,0.2351636,0.48547074,0.3769373,0.9450401,0.3853854,0.5475006,20883812.0,0.63264906,170.0,al,-0.34150094,0.34150094
139,total,0.5766645,0.23141626,0.4954845,0.3657381,0.93511504,0.3752613,0.53559,20777416.0,0.62472,170.0,rand,-0.34524828,0.34524828
139,total,0.5766645,0.21897984,0.5183323,0.35229605,0.9465691,0.35944396,0.5210335,20946108.0,0.6189138,180.0,al,-0.3576847,0.3576847
139,total,0.5766645,0.23193309,0.49424386,0.36813343,0.9380973,0.37729883,0.5381539,20810908.0,0.6265531,180.0,rand,-0.34473145,0.34473145
139,total,0.5766645,0.22400643,0.504841,0.35568246,0.9377768,0.36427954,0.5247279,20832222.0,0.6194642,190.0,al,-0.3526581,0.3526581
139,total,0.5766645,0.22157322,0.50830644,0.351819,0.937599,0.36025435,0.52051157,20837922.0,0.61725503,190.0,rand,-0.3550913,0.3550913
139,total,0.5766645,0.24905123,0.46305498,0.39647996,0.94130343,0.4065307,0.5678272,20797616.0,0.6431489,200.0,rand,-0.3276133,0.3276133
139,total,0.5766645,0.2286762,0.50132984,0.3667231,0.9449695,0.37472582,0.5366454,20901132.0,0.62684244,200.0,al,-0.34798834,0.34798834
139,total,0.5766645,0.22733253,0.5000409,0.36167964,0.93938446,0.37032223,0.5312253,20840288.0,0.6231074,210.0,al,-0.349332,0.349332
139,total,0.5766645,0.20848456,0.52969575,0.33007756,0.934585,0.3378838,0.4963279,20847508.0,0.6045431,210.0,rand,-0.36817998,0.36817998
139,total,0.5766645,0.24377875,0.4729072,0.3811452,0.9287634,0.39262316,0.5519259,20657810.0,0.63238144,220.0,rand,-0.33288577,0.33288577
139,total,0.5766645,0.2381657,0.48025328,0.379658,0.9414783,0.3888342,0.550365,20832248.0,0.63362455,220.0,al,-0.33849883,0.33849883
139,total,0.5766645,0.23009843,0.49758783,0.3717809,0.95024586,0.37916175,0.5420408,20958928.0,0.6305363,230.0,al,-0.3465661,0.3465661
139,total,0.5766645,0.19713344,0.556679,0.31364208,0.9371869,0.3203768,0.4775149,20911392.0,0.5957029,230.0,rand,-0.3795311,0.3795311
139,total,0.5766645,0.23868205,0.48545262,0.38295743,0.9459441,0.3915256,0.5538235,20884950.0,0.6362123,240.0,al,-0.33798248,0.33798248
139,total,0.5766645,0.24790704,0.46888533,0.39722085,0.9456005,0.40651032,0.56858665,20855240.0,0.6442696,240.0,rand,-0.3287575,0.3287575
139,total,0.5766645,0.23052819,0.49260268,0.36723426,0.9404913,0.37597045,0.53719246,20843416.0,0.6264259,250.0,rand,-0.34613633,0.34613633
139,total,0.5766645,0.20232943,0.54491603,0.3236929,0.9415049,0.33033624,0.48907512,20939240.0,0.60199344,250.0,al,-0.3743351,0.3743351
139,total,0.5766645,0.19471683,0.5642456,0.3087849,0.9346631,0.31559718,0.4718646,20894108.0,0.592607,260.0,rand,-0.38194773,0.38194773
139,total,0.5766645,0.21067876,0.5298426,0.33536968,0.9385711,0.34289616,0.50228703,20882936.0,0.6081298,260.0,al,-0.36598578,0.36598578
139,total,0.5766645,0.26125285,0.44841567,0.4150504,0.9407413,0.42619306,0.58662236,20753700.0,0.6536244,270.0,rand,-0.3154117,0.3154117
139,total,0.5766645,0.22384293,0.50943863,0.3604139,0.9474447,0.3677664,0.52985877,20942860.0,0.62364924,270.0,al,-0.3528216,0.3528216
139,total,0.5766645,0.23672737,0.48343304,0.3794307,0.9451163,0.3879794,0.5501261,20880356.0,0.634077,280.0,al,-0.33993715,0.33993715
139,total,0.5766645,0.22991304,0.4995514,0.3691546,0.9458879,0.37711877,0.5392442,20908412.0,0.62836546,280.0,rand,-0.34675148,0.34675148
139,total,0.5766645,0.2294422,0.49570546,0.3656856,0.94075763,0.37430525,0.5355337,20849812.0,0.6255914,290.0,al,-0.34722233,0.34722233
139,total,0.5766645,0.22092307,0.51264083,0.35084763,0.93767196,0.35922518,0.5194477,20840806.0,0.61671823,290.0,rand,-0.35574147,0.35574147
139,total,0.5766645,0.25858378,0.4475275,0.41159236,0.9418321,0.422328,0.5831599,20776102.0,0.6518358,300.0,al,-0.31808075,0.31808075
139,total,0.5766645,0.23310034,0.49287078,0.37162063,0.9412027,0.38045296,0.5418705,20844064.0,0.62902355,300.0,rand,-0.34356418,0.34356418
139,total,0.5766645,0.23960088,0.48409477,0.3822214,0.94206667,0.3914218,0.5530534,20835148.0,0.63517374,310.0,al,-0.33706364,0.33706364
139,total,0.5766645,0.22553413,0.5097776,0.35859385,0.9388242,0.36717352,0.5278893,20839404.0,0.62127423,310.0,rand,-0.35113043,0.35113043
139,total,0.5766645,0.20123293,0.5506617,0.3228578,0.943459,0.32922792,0.4881213,20962512.0,0.60181165,320.0,rand,-0.3754316,0.3754316
139,total,0.5766645,0.21512577,0.51999414,0.34703863,0.9482371,0.35373998,0.5152612,20974846.0,0.6161893,320.0,al,-0.36153877,0.36153877
139,total,0.5766645,0.23141183,0.49072272,0.36511037,0.93395203,0.37478742,0.5349166,20763736.0,0.6241779,330.0,rand,-0.3452527,0.3452527
139,total,0.5766645,0.2295069,0.49682862,0.36187565,0.9333723,0.37147152,0.53143674,20763368.0,0.6222585,330.0,al,-0.34715763,0.34715763
