,images,gt_confluence,pred_confluence,relative_delta_confluence,iou,precision,recall,f1,true_negative,accuracy,step,method,dAbsConf,dAbsAbsConf
3,total,0.15109126,0.053165164,0.61085796,0.30038777,0.88749105,0.3122796,0.46199682,662905.0,0.89011,0.0,rand,-0.097926095,0.097926095
3,total,0.15109126,0.07562483,0.45317185,0.38789552,0.837876,0.41937166,0.5589689,657967.0,0.9000117,0.0,al,-0.075466424,0.075466424
3,total,0.15109126,0.06267266,0.5452049,0.34102857,0.86738896,0.35978726,0.50860703,661073.0,0.8949585,1.0,rand,-0.088418595,0.088418595
3,total,0.15109126,0.08122608,0.4093779,0.4048952,0.8243057,0.44313812,0.5764058,656386.0,0.90159225,1.0,al,-0.06986518,0.06986518
3,total,0.15109126,0.06620634,0.5299977,0.35636955,0.8623478,0.37786457,0.5254752,660442.0,0.8968875,2.0,rand,-0.08488491,0.08488491
3,total,0.15109126,0.0759211,0.4717147,0.38407448,0.8297491,0.41693106,0.55499065,657444.0,0.89897794,2.0,al,-0.07517015,0.07517015
3,total,0.15109126,0.07425408,0.4790876,0.37125304,0.8216457,0.40379387,0.5414795,657194.0,0.8966751,3.0,al,-0.076837175,0.076837175
3,total,0.15109126,0.065093726,0.5333762,0.3383873,0.8396984,0.36175656,0.5056638,659403.0,0.8931325,3.0,rand,-0.08599754,0.08599754
3,total,0.15109126,0.07139179,0.49556717,0.35784906,0.8212988,0.3880646,0.5270818,657576.0,0.8947843,4.0,al,-0.07969947,0.07969947
3,total,0.15109126,0.066318244,0.5237272,0.3311197,0.81548876,0.35793576,0.4975051,657986.0,0.89075345,4.0,rand,-0.08477302,0.08477302
3,total,0.15109126,0.07300032,0.4875416,0.36365536,0.8186347,0.39552107,0.5333533,657197.0,0.89542896,5.0,al,-0.078090936,0.078090936
3,total,0.15109126,0.068374366,0.51225084,0.3466337,0.82622606,0.37389225,0.5148147,658265.0,0.8935191,5.0,rand,-0.0827169,0.0827169
3,total,0.15109126,0.07561593,0.4666383,0.37059987,0.81068176,0.4057127,0.5407845,656351.0,0.8958931,6.0,al,-0.07547533,0.07547533
3,total,0.15109126,0.0790695,0.44216126,0.38421124,0.80796695,0.42282218,0.5551334,655668.0,0.8976097,6.0,rand,-0.07202175,0.07202175
3,total,0.15109126,0.07355345,0.47462633,0.3596149,0.80782795,0.3932572,0.5289948,656493.0,0.89419174,7.0,rand,-0.077537805,0.077537805
3,total,0.15109126,0.07244719,0.49471194,0.35870185,0.81459963,0.39058936,0.5280063,657046.0,0.89449185,7.0,al,-0.07864407,0.07864407
3,total,0.15109126,0.07467497,0.4752661,0.37742728,0.8284235,0.40943253,0.54801726,657533.0,0.8979581,8.0,rand,-0.076416284,0.076416284
3,total,0.15109126,0.0706263,0.5008579,0.357338,0.82647365,0.38632253,0.5265272,657971.0,0.89502335,8.0,al,-0.08046495,0.08046495
3,total,0.15109126,0.06925301,0.5109967,0.34973985,0.8244464,0.37788138,0.5182325,658048.0,0.89384586,9.0,rand,-0.08183824,0.08183824
3,total,0.15109126,0.06842396,0.51325744,0.3466858,0.825906,0.3740185,0.51487213,658241.0,0.89350766,9.0,al,-0.082667306,0.082667306
