,images,gt_confluence,pred_confluence,relative_delta_confluence,iou,precision,recall,f1,true_negative,accuracy,step,method,dAbsConf,dAbsAbsConf
3,total,0.097042084,0.09178135,0.38009596,0.4251466,0.61373806,0.5804604,0.5966351,682235.0,0.92383575,0.0,rand,-0.005260739,0.005260739
3,total,0.15109126,0.0761627,0.55175596,0.27243796,0.63885736,0.3220336,0.4282137,645978.0,0.87005997,0.0,al,-0.07492855,0.07492855
3,total,0.15109126,0.110797614,0.24331443,0.49910107,0.78694886,0.57707685,0.6658667,649045.0,0.91249466,1.0,al,-0.04029365,0.04029365
3,total,0.097042084,0.23069736,1.2613697,0.37665376,0.38869077,0.9240274,0.54720145,599207.0,0.85160065,1.0,rand,0.13365528,0.13365528
3,total,0.15109126,0.1588221,0.19161624,0.5875885,0.7222142,0.7591628,0.7402272,632913.0,0.9194934,2.0,al,0.007730848,0.007730848
3,total,0.097042084,0.15966007,0.8614265,0.41618088,0.47249544,0.77737594,0.58775055,643881.0,0.89417523,2.0,rand,0.06261799,0.06261799
3,total,0.097042084,0.18375878,0.7470061,0.4349021,0.46314865,0.87701297,0.60617626,632533.0,0.8894145,3.0,rand,0.0867167,0.0867167
3,total,0.15109126,0.1549362,0.14084247,0.59387666,0.73595357,0.7546771,0.74519724,635436.0,0.9220238,3.0,al,0.0038449434,0.0038449434
3,total,0.097042084,0.1513097,0.7263175,0.47750208,0.5304553,0.82708967,0.64636356,654242.0,0.9121742,4.0,rand,0.05426761,0.05426761
3,total,0.15109126,0.21242878,0.3628516,0.5430448,0.6022447,0.84673,0.7038609,601160.0,0.892348,4.0,al,0.061337516,0.061337516
3,total,0.15109126,0.19798505,0.28271773,0.5744937,0.6433292,0.8429934,0.7297499,612075.0,0.90566254,5.0,al,0.0468938,0.0468938
3,total,0.097042084,0.0987686,0.115730464,0.50851774,0.668306,0.6801892,0.67419475,684351.0,0.93620425,5.0,rand,0.0017265148,0.0017265148
3,total,0.15109126,1e-06,0.9999924,0.0,0.0,0.0,0.0,667609.0,0.8489087,6.0,al,-0.15109026,0.15109026
3,total,0.097042084,0.11814472,0.28608346,0.5031221,0.60965216,0.7422199,0.6694356,673847.0,0.92886734,6.0,rand,0.021102633,0.021102633
3,total,0.097042084,0.13866651,0.42258194,0.5022692,0.5683212,0.8120864,0.6686802,663040.0,0.9219055,7.0,rand,0.041624434,0.041624434
3,total,0.15109126,0.20755105,0.2930686,0.5529854,0.6152955,0.84521514,0.7121574,604816.0,0.8967679,7.0,al,0.056459792,0.056459792
3,total,0.097042084,1e-06,0.9999877,0.0,0.0,0.0,0.0,710115.0,0.9029579,8.0,rand,-0.097041085,0.097041085
3,total,0.15109126,0.114960715,0.34341222,0.4663326,0.73600787,0.560001,0.6360525,643742.0,0.90317154,8.0,al,-0.03613054,0.03613054
3,total,0.15109126,0.27370045,0.73028404,0.47426093,0.4992799,0.9044377,0.64338756,559831.0,0.84851456,9.0,al,0.12260918,0.12260918
3,total,0.097042084,0.16700971,0.59074926,0.4573105,0.49614364,0.85385954,0.6276084,643938.0,0.9016698,9.0,rand,0.069967635,0.069967635
