,images,gt_confluence,pred_confluence,relative_delta_confluence,iou,precision,recall,f1,true_negative,accuracy,step,method,dAbsConf,dAbsAbsConf
3,total,0.15109126,0.10439019,0.25985464,0.52178323,0.8391498,0.5797699,0.6857519,654404.0,0.9197159,0.0,rand,-0.046701066,0.046701066
3,total,0.15109126,0.23973057,0.8191672,0.4785449,0.527648,0.8371948,0.64731824,578556.0,0.8621648,0.0,al,0.088639304,0.088639304
3,total,0.15109126,0.1686424,0.5763899,0.3965454,0.538345,0.6008769,0.5678943,606382.0,0.86184186,1.0,al,0.01755115,0.01755115
3,total,0.15109126,0.13271686,0.12175691,0.55086994,0.7595811,0.6672025,0.7104007,642516.0,0.9178098,1.0,rand,-0.018374396,0.018374396
3,total,0.15109126,0.27393186,0.95278835,0.47010753,0.49615648,0.89953965,0.63955486,559067.0,0.846803,2.0,al,0.12284061,0.12284061
3,total,0.15109126,0.12797391,0.16901174,0.54818845,0.77213293,0.65398955,0.7081671,644676.0,0.91856,2.0,rand,-0.023117337,0.023117337
3,total,0.15109126,1e-06,0.9999924,0.0,0.0,0.0,0.0,667609.0,0.8489087,3.0,rand,-0.15109026,0.15109026
3,total,0.15109126,0.17040607,0.31823125,0.5737565,0.6878339,0.7757589,0.7291549,625775.0,0.91292447,3.0,al,0.019314812,0.019314812
3,total,0.15109126,0.12826383,0.16335927,0.58477783,0.8036681,0.6822417,0.737993,647805.0,0.9268074,4.0,rand,-0.02282742,0.02282742
3,total,0.15109126,0.2669955,0.8104762,0.48741472,0.51313263,0.90676045,0.65538466,565380.0,0.85592145,4.0,al,0.11590422,0.11590422
3,total,0.15109126,0.16302845,0.16974199,0.6039958,0.72554404,0.7828619,0.75311345,632421.0,0.92244846,5.0,al,0.011937188,0.011937188
3,total,0.15109126,0.1703018,0.11562655,0.6057087,0.7118943,0.80240357,0.7544436,629023.0,0.9210803,5.0,rand,0.019210543,0.019210543
3,total,0.15109126,1e-06,0.9999924,0.0,0.0,0.0,0.0,667609.0,0.8489087,6.0,al,-0.15109026,0.15109026
3,total,0.15109126,0.084705085,0.3992898,0.46068594,0.8779686,0.4922027,0.6307798,659480.0,0.9129397,6.0,rand,-0.06638618,0.06638618
3,total,0.15109126,0.106976554,0.3073388,0.5390659,0.8449524,0.59824276,0.70050997,654565.0,0.9227117,7.0,rand,-0.0441147,0.0441147
3,total,0.15109126,0.23706791,0.7730821,0.43471497,0.4961086,0.7784099,0.6059944,573665.0,0.8470637,7.0,al,0.085976645,0.085976645
3,total,0.15109126,0.13124058,0.11790892,0.59462506,0.8021916,0.6967927,0.7457862,647193.0,0.9282277,8.0,rand,-0.019850684,0.019850684
3,total,0.15109126,0.12405623,0.20945914,0.56376195,0.7996023,0.65652275,0.7210325,648058.0,0.9232432,8.0,al,-0.027035031,0.027035031
3,total,0.15109126,1e-06,0.9999924,0.0,0.0,0.0,0.0,667609.0,0.8489087,9.0,al,-0.15109026,0.15109026
3,total,0.15109126,0.15233457,0.23215732,0.5512023,0.70777965,0.7135992,0.710677,632601.0,0.9122124,9.0,rand,0.0012433197,0.0012433197
