,images,gt_confluence,pred_confluence,relative_delta_confluence,iou,precision,recall,f1,true_negative,accuracy,step,method,dAbsConf,dAbsAbsConf
139,total,0.5766645,0.54196686,0.114595756,0.5161302,0.70264745,0.6603682,0.6808516,13341087.0,0.6429914,0.0,al,-0.034697652,0.034697652
139,total,0.5766645,0.72454363,0.2965988,0.61389357,0.6831258,0.85830456,0.7607604,9858819.0,0.6887004,0.0,rand,0.14787912,0.14787912
139,total,0.5766645,0.6347192,0.13203634,0.5784067,0.6993826,0.7697905,0.73289895,11832223.0,0.67643905,10.0,rand,0.058054652,0.058054652
139,total,0.5766645,0.86526066,0.82386774,0.6029752,0.6268572,0.94057155,0.7523196,5112431.0,0.6428643,10.0,al,0.28859612,0.28859612
139,total,0.5766645,1e-06,0.9999975,0.0,0.0,0.0,0.0,21541476.0,0.42333546,20.0,rand,-0.57666355,0.57666355
139,total,0.5766645,1e-06,0.9999975,0.0,0.0,0.0,0.0,21541476.0,0.42333546,20.0,al,-0.57666355,0.57666355
139,total,0.5766645,1e-06,0.9999975,0.0,0.0,0.0,0.0,21541476.0,0.42333546,30.0,rand,-0.57666355,0.57666355
139,total,0.5766645,1.000001,1.4803905,0.5766645,0.5766645,1.0,0.7314989,0.0,0.5766645,30.0,al,0.42333648,0.42333648
139,total,0.5766645,1e-06,0.9999975,0.0,0.0,0.0,0.0,21541476.0,0.42333546,40.0,rand,-0.57666355,0.57666355
139,total,0.5766645,0.75842905,0.39556894,0.61421895,0.6698195,0.8809452,0.76101017,8798916.0,0.68092716,40.0,al,0.18176453,0.18176453
139,total,0.5766645,1e-06,0.9999975,0.0,0.0,0.0,0.0,21541476.0,0.42333546,50.0,rand,-0.57666355,0.57666355
139,total,0.5766645,0.562138,0.2318083,0.5712053,0.7364871,0.71793336,0.7270914,14003845.0,0.6892118,50.0,al,-0.014526488,0.014526488
139,total,0.5766645,0.63599086,0.16266716,0.5732016,0.6947201,0.7661906,0.7287066,11661880.0,0.6710155,60.0,rand,0.0593263,0.0593263
139,total,0.5766645,1e-06,0.9999975,0.0,0.0,0.0,0.0,21541476.0,0.42333546,60.0,al,-0.57666355,0.57666355
139,total,0.5766645,1e-06,0.9999975,0.0,0.0,0.0,0.0,21541476.0,0.42333546,70.0,rand,-0.57666355,0.57666355
139,total,0.5766645,1e-06,0.9999975,0.0,0.0,0.0,0.0,21541476.0,0.42333546,70.0,al,-0.57666355,0.57666355
139,total,0.5766645,0.5619897,0.32103178,0.5768379,0.7411918,0.7223289,0.7316383,14140373.0,0.69442964,80.0,al,-0.014674784,0.014674784
139,total,0.5766645,1e-06,0.9999975,0.0,0.0,0.0,0.0,21541476.0,0.42333546,80.0,rand,-0.57666355,0.57666355
139,total,0.5766645,1e-06,0.9999975,0.0,0.0,0.0,0.0,21541476.0,0.42333546,90.0,rand,-0.57666355,0.57666355
139,total,0.5766645,0.70400083,0.32495102,0.5993989,0.68174493,0.8322834,0.7495297,10140588.0,0.67923224,90.0,al,0.12733628,0.12733628
139,total,0.5766645,1e-06,0.9999975,0.0,0.0,0.0,0.0,21541476.0,0.42333546,100.0,al,-0.57666355,0.57666355
139,total,0.5766645,1e-06,0.9999975,0.0,0.0,0.0,0.0,21541476.0,0.42333546,100.0,rand,-0.57666355,0.57666355
139,total,0.5766645,1e-06,0.9999975,0.0,0.0,0.0,0.0,21541476.0,0.42333546,110.0,al,-0.57666355,0.57666355
139,total,0.5766645,1e-06,0.9999975,0.0,0.0,0.0,0.0,21541476.0,0.42333546,110.0,rand,-0.57666355,0.57666355
139,total,0.5766645,0.680677,0.28511578,0.5844907,0.68139726,0.80429906,0.73776424,10506263.0,0.670281,120.0,al,0.104012445,0.104012445
139,total,0.5766645,1e-06,0.9999975,0.0,0.0,0.0,0.0,21541476.0,0.42333546,120.0,rand,-0.57666355,0.57666355
139,total,0.5766645,1e-06,0.9999975,0.0,0.0,0.0,0.0,21541476.0,0.42333546,130.0,rand,-0.57666355,0.57666355
139,total,0.5766645,0.6343016,0.15100762,0.5777283,0.6990817,0.768953,0.7323541,11828899.0,0.67589074,130.0,al,0.057637043,0.057637043
139,total,0.5766645,1e-06,0.9999975,0.0,0.0,0.0,0.0,21541476.0,0.42333546,140.0,rand,-0.57666355,0.57666355
139,total,0.5766645,0.67676663,0.29063243,0.58059245,0.68032014,0.79841447,0.7346512,10532564.0,0.6674044,140.0,al,0.10010213,0.10010213
139,total,0.5766645,0.62343156,0.13830033,0.56672347,0.69631606,0.75278556,0.72345,11907607.0,0.6681143,150.0,rand,0.04676705,0.04676705
139,total,0.5766645,0.9942236,1.4660603,0.5749201,0.5767802,0.994422,0.7300939,130306.0,0.5760087,150.0,al,0.41755903,0.41755903
139,total,0.5766645,1e-06,0.9999975,0.0,0.0,0.0,0.0,21541476.0,0.42333546,160.0,rand,-0.57666355,0.57666355
139,total,0.5766645,1e-06,0.9999975,0.0,0.0,0.0,0.0,21541476.0,0.42333546,160.0,al,-0.57666355,0.57666355
139,total,0.5766645,1e-06,0.9999975,0.0,0.0,0.0,0.0,21541476.0,0.42333546,170.0,al,-0.57666355,0.57666355
139,total,0.5766645,1e-06,0.9999975,0.0,0.0,0.0,0.0,21541476.0,0.42333546,170.0,rand,-0.57666355,0.57666355
139,total,0.5766645,1e-06,0.9999975,0.0,0.0,0.0,0.0,21541476.0,0.42333546,180.0,al,-0.57666355,0.57666355
139,total,0.5766645,1e-06,0.9999975,0.0,0.0,0.0,0.0,21541476.0,0.42333546,180.0,rand,-0.57666355,0.57666355
139,total,0.5766645,1e-06,0.9999975,0.0,0.0,0.0,0.0,21541476.0,0.42333546,190.0,al,-0.57666355,0.57666355
139,total,0.5766645,0.62526554,0.1335332,0.5726068,0.6999248,0.7589129,0.72822577,11994086.0,0.67334723,190.0,rand,0.048600983,0.048600983
139,total,0.5766645,1e-06,0.9999975,0.0,0.0,0.0,0.0,21541476.0,0.42333546,200.0,al,-0.57666355,0.57666355
139,total,0.5766645,0.4793682,0.195167,0.4960399,0.73043585,0.6071936,0.6631368,14966090.0,0.64426225,200.0,rand,-0.09729633,0.09729633
139,total,0.5766645,0.6005225,0.09446211,0.5600377,0.70371807,0.73283136,0.7179792,12487808.0,0.66800964,210.0,rand,0.023857994,0.023857994
139,total,0.5766645,0.629776,0.16259193,0.56761885,0.69364375,0.75752795,0.72417915,11723929.0,0.6672394,210.0,al,0.05311148,0.05311148
139,total,0.5766645,0.6264946,0.12861495,0.5726742,0.6993184,0.75974584,0.7282803,11955987.0,0.67307884,220.0,al,0.049830027,0.049830027
139,total,0.5766645,0.85649925,0.9286161,0.57433194,0.61042976,0.9066485,0.72961944,4562831.0,0.6125013,220.0,rand,0.27983472,0.27983472
139,total,0.5766645,0.6767805,0.28276306,0.57917994,0.6792656,0.7971932,0.7335194,10496024.0,0.6659821,230.0,al,0.100115985,0.100115985
139,total,0.5766645,0.5545713,0.24337932,0.4861219,0.6672474,0.6416826,0.65421486,12151406.0,0.60883635,230.0,rand,-0.022093238,0.022093238
139,total,0.5766645,0.65061647,0.20779818,0.5757961,0.6892678,0.7776589,0.7307998,11254176.0,0.6696166,240.0,rand,0.073951915,0.073951915
139,total,0.5766645,0.6522429,0.17664725,0.584545,0.6950619,0.7861564,0.7378075,11420762.0,0.6777906,240.0,al,0.07557838,0.07557838
139,total,0.5766645,0.62715197,0.1050895,0.5841076,0.7077763,0.7697414,0.737459,12215843.0,0.68394965,250.0,al,0.05048741,0.05048741
139,total,0.5766645,0.91332906,1.1913106,0.5652489,0.5891334,0.9330764,0.7222475,2446530.0,0.58615154,250.0,rand,0.3366645,0.3366645
139,total,0.5766645,0.520272,0.1208578,0.5100437,0.7121465,0.64250386,0.6755345,13920827.0,0.6440828,260.0,rand,-0.05639252,0.05639252
139,total,0.5766645,1e-06,0.9999975,0.0,0.0,0.0,0.0,21541476.0,0.42333546,260.0,al,-0.57666355,0.57666355
139,total,0.5766645,0.5825659,0.11821343,0.56740636,0.72034025,0.72771066,0.72400624,13251275.0,0.68006045,270.0,al,0.0059013497,0.0059013497
139,total,0.5766645,0.61301523,0.15944135,0.5542555,0.69206476,0.7356887,0.7132098,11935959.0,0.65881234,270.0,rand,0.036350723,0.036350723
139,total,0.5766645,0.65135384,0.17615968,0.58180183,0.6934437,0.783257,0.7356186,11380923.0,0.6753357,280.0,rand,0.0746893,0.0746893
139,total,0.5766645,0.7684007,0.5550835,0.5916826,0.650711,0.8670659,0.74346757,7884238.0,0.65494806,280.0,al,0.19173616,0.19173616
139,total,0.5766645,0.63899887,0.17024092,0.57475454,0.69435745,0.7694126,0.72996026,11603361.0,0.6717235,290.0,rand,0.06233435,0.06233435
139,total,0.5766645,1e-06,0.9999975,0.0,0.0,0.0,0.0,21541476.0,0.42333546,290.0,al,-0.57666355,0.57666355
139,total,0.5766645,0.57855,0.08622256,0.5432587,0.70289445,0.7051914,0.7040405,12794826.0,0.6581042,300.0,rand,0.0018854606,0.0018854606
139,total,0.5766645,0.65110064,0.2119706,0.57538366,0.6887136,0.7776119,0.7304675,11228159.0,0.66907823,300.0,al,0.07443612,0.07443612
139,total,0.5766645,0.6473883,0.20222114,0.57372344,0.68930244,0.7738392,0.7291282,11306359.0,0.66843945,310.0,al,0.070723735,0.070723735
139,total,0.5766645,0.6585318,0.20124157,0.5848383,0.6921662,0.79042965,0.7380411,11226145.0,0.67643017,310.0,rand,0.08186723,0.08186723
139,total,0.5766645,0.7477758,0.49751702,0.5899918,0.6572224,0.8522361,0.7421314,8498578.0,0.6584693,320.0,rand,0.17111127,0.17111127
139,total,0.5766645,0.76654637,0.5095767,0.60243714,0.65877444,0.875692,0.7519006,8231717.0,0.66675115,320.0,al,0.18988183,0.18988183
139,total,0.5766645,0.608355,0.10045809,0.56384903,0.7023228,0.74091756,0.72110367,12326531.0,0.6695033,330.0,rand,0.03169048,0.03169048
139,total,0.5766645,1e-06,0.9999975,0.0,0.0,0.0,0.0,21541476.0,0.42333546,330.0,al,-0.57666355,0.57666355
