,images,gt_confluence,pred_confluence,relative_delta_confluence,iou,precision,recall,f1,true_negative,accuracy,step,method,dAbsConf,dAbsAbsConf
139,total,0.5766645,0.64332306,0.17726915,0.5669225,0.6861243,0.76543444,0.7236122,11266592.0,0.6628112,0.0,al,0.066658504,0.066658504
139,total,0.5766645,0.75657874,0.6206821,0.5710559,0.64053446,0.8403744,0.7269703,7702573.0,0.6359859,0.0,rand,0.17991422,0.17991422
139,total,0.5766645,0.59638476,0.12152338,0.5602115,0.70625025,0.73040074,0.718122,12627035.0,0.66934407,10.0,rand,0.019720241,0.019720241
139,total,0.5766645,1e-06,0.9999975,0.0,0.0,0.0,0.0,21541476.0,0.42333546,10.0,al,-0.57666355,0.57666355
139,total,0.5766645,0.5527297,0.08760438,0.5410134,0.717356,0.6875805,0.70215225,13591925.0,0.6636133,20.0,rand,-0.02393478,0.02393478
139,total,0.5766645,1e-06,0.9999975,0.0,0.0,0.0,0.0,21541476.0,0.42333546,20.0,al,-0.57666355,0.57666355
139,total,0.5766645,1e-06,0.9999975,0.0,0.0,0.0,0.0,21541476.0,0.42333546,30.0,rand,-0.57666355,0.57666355
139,total,0.5766645,0.8120217,0.69927615,0.59363866,0.6370434,0.8970422,0.7450099,6544195.0,0.6458997,30.0,al,0.23535714,0.23535714
139,total,0.5766645,1e-06,0.9999975,0.0,0.0,0.0,0.0,21541476.0,0.42333546,40.0,al,-0.57666355,0.57666355
139,total,0.5766645,0.61557424,0.07981638,0.57615286,0.7079825,0.7557515,0.731087,12394460.0,0.6793924,40.0,rand,0.038909722,0.038909722
139,total,0.5766645,1.000001,1.4803905,0.5766645,0.5766645,1.0,0.7314989,0.0,0.5766645,50.0,rand,0.42333648,0.42333648
139,total,0.5766645,1e-06,0.9999975,0.0,0.0,0.0,0.0,21541476.0,0.42333546,50.0,al,-0.57666355,0.57666355
139,total,0.5766645,1e-06,0.9999975,0.0,0.0,0.0,0.0,21541476.0,0.42333546,60.0,rand,-0.57666355,0.57666355
139,total,0.5766645,1e-06,0.9999975,0.0,0.0,0.0,0.0,21541476.0,0.42333546,60.0,al,-0.57666355,0.57666355
139,total,0.5766645,1e-06,0.9999975,0.0,0.0,0.0,0.0,21541476.0,0.42333546,70.0,rand,-0.57666355,0.57666355
139,total,0.5766645,1e-06,0.9999975,0.0,0.0,0.0,0.0,21541476.0,0.42333546,70.0,al,-0.57666355,0.57666355
139,total,0.5766645,1e-06,0.9999975,0.0,0.0,0.0,0.0,21541476.0,0.42333546,80.0,rand,-0.57666355,0.57666355
139,total,0.5766645,0.6375049,0.13394359,0.58180135,0.70051736,0.7744234,0.73561823,11826420.0,0.6789966,80.0,al,0.06084034,0.06084034
139,total,0.5766645,0.81357765,1.0673777,0.51164937,0.5783797,0.81599647,0.6769414,4086840.0,0.55087125,90.0,al,0.23691313,0.23691313
139,total,0.5766645,1e-06,0.9999975,0.0,0.0,0.0,0.0,21541476.0,0.42333546,90.0,rand,-0.57666355,0.57666355
139,total,0.5766645,1.000001,1.4803905,0.5766645,0.5766645,1.0,0.7314989,0.0,0.5766645,100.0,al,0.42333648,0.42333648
139,total,0.5766645,1e-06,0.9999975,0.0,0.0,0.0,0.0,21541476.0,0.42333546,100.0,rand,-0.57666355,0.57666355
139,total,0.5766645,1e-06,0.9999975,0.0,0.0,0.0,0.0,21541476.0,0.42333546,110.0,rand,-0.57666355,0.57666355
139,total,0.5766645,1e-06,0.9999975,0.0,0.0,0.0,0.0,21541476.0,0.42333546,110.0,al,-0.57666355,0.57666355
139,total,0.5766645,1e-06,0.9999975,0.0,0.0,0.0,0.0,21541476.0,0.42333546,120.0,al,-0.57666355,0.57666355
139,total,0.5766645,1e-06,0.9999975,0.0,0.0,0.0,0.0,21541476.0,0.42333546,120.0,rand,-0.57666355,0.57666355
139,total,0.5766645,1e-06,0.9999975,0.0,0.0,0.0,0.0,21541476.0,0.42333546,130.0,rand,-0.57666355,0.57666355
139,total,0.5766645,1e-06,0.9999975,0.0,0.0,0.0,0.0,21541476.0,0.42333546,130.0,al,-0.57666355,0.57666355
139,total,0.5766645,0.67710596,0.2374221,0.5931574,0.6894027,0.8094793,0.7446308,10839981.0,0.6798265,140.0,al,0.100441426,0.100441426
139,total,0.5766645,0.6404481,0.14644597,0.58095235,0.69834316,0.7755841,0.7349392,11710713.0,0.67739207,140.0,rand,0.063783556,0.063783556
139,total,0.5766645,1e-06,0.9999975,0.0,0.0,0.0,0.0,21541476.0,0.42333546,150.0,rand,-0.57666355,0.57666355
139,total,0.5766645,0.7488699,0.48080236,0.5961947,0.66113037,0.85855806,0.7470195,8628415.0,0.66466653,150.0,al,0.17220534,0.17220534
139,total,0.5766645,0.67313784,0.2427878,0.588114,0.6875709,0.80259717,0.7406441,10839953.0,0.67585725,160.0,al,0.09647329,0.09647329
139,total,0.5766645,0.84509283,0.7580465,0.60427946,0.6336933,0.9286665,0.7533339,5789334.0,0.64930165,160.0,rand,0.26842833,0.26842833
139,total,0.5766645,1e-06,0.9999975,0.0,0.0,0.0,0.0,21541476.0,0.42333546,170.0,rand,-0.57666355,0.57666355
139,total,0.5766645,0.6158204,0.14094292,0.5622064,0.69687766,0.74419487,0.7197589,12042821.0,0.6658176,170.0,al,0.039155863,0.039155863
139,total,0.5766645,1e-06,0.9999975,0.0,0.0,0.0,0.0,21541476.0,0.42333546,180.0,al,-0.57666355,0.57666355
139,total,0.5766645,1e-06,0.9999975,0.0,0.0,0.0,0.0,21541476.0,0.42333546,180.0,rand,-0.57666355,0.57666355
139,total,0.5766645,0.716068,0.39094585,0.59072614,0.67041767,0.83248395,0.742712,9532432.0,0.66739637,190.0,al,0.1394035,0.1394035
139,total,0.5766645,1e-06,0.9999975,0.0,0.0,0.0,0.0,21541476.0,0.42333546,190.0,rand,-0.57666355,0.57666355
139,total,0.5766645,1e-06,0.9999975,0.0,0.0,0.0,0.0,21541476.0,0.42333546,200.0,rand,-0.57666355,0.57666355
139,total,0.5766645,0.7626614,0.51764464,0.5980346,0.657196,0.86916625,0.74846214,8237914.0,0.6631097,200.0,al,0.18599689,0.18599689
139,total,0.5766645,1e-06,0.9999975,0.0,0.0,0.0,0.0,21541476.0,0.42333546,210.0,al,-0.57666355,0.57666355
0,total,0.57666445,0.3640037,0.66890913,0.0,0.0,0.0,0.0,0.0,0.0,210.0,rand,-0.21266086,0.3373635
139,total,0.5766645,1e-06,0.9999975,0.0,0.0,0.0,0.0,21541476.0,0.42333546,220.0,rand,-0.57666355,0.57666355
139,total,0.5766645,0.71360314,0.35313156,0.594658,0.6742532,0.8343648,0.74581206,9713048.0,0.67203045,220.0,al,0.1369386,0.1369386
139,total,0.5766645,0.67729324,0.27564952,0.5831659,0.6819808,0.8009861,0.736708,10581231.0,0.6698438,230.0,al,0.10062871,0.10062871
139,total,0.5766645,1e-06,0.9999975,0.0,0.0,0.0,0.0,21541476.0,0.42333546,230.0,rand,-0.57666355,0.57666355
139,total,0.5766645,0.6440847,0.19465153,0.573094,0.6904862,0.7712125,0.7286197,11397386.0,0.66871357,240.0,al,0.06742014,0.06742014
139,total,0.5766645,0.67340493,0.31172627,0.56836885,0.67272913,0.785584,0.72478926,10327133.0,0.65596837,240.0,rand,0.0967404,0.0967404
139,total,0.5766645,0.5985546,0.18191631,0.53005254,0.6801865,0.7060051,0.6928549,11800766.0,0.639038,250.0,rand,0.02189007,0.02189007
139,total,0.5766645,0.6362587,0.17224333,0.57007384,0.6921671,0.76369643,0.7261741,11575062.0,0.66787106,250.0,al,0.0595942,0.0595942
139,total,0.5766645,0.7149528,0.3676333,0.59479004,0.6737781,0.8353538,0.7459159,9673391.0,0.6718215,260.0,al,0.1382883,0.1382883
139,total,0.5766645,0.23532355,0.5373087,0.2243651,0.63230985,0.25803003,0.3664999,17138600.0,0.48560643,260.0,rand,-0.341341,0.341341
139,total,0.5766645,0.6841098,0.252826,0.59067416,0.6843505,0.81185883,0.742671,10553415.0,0.6755671,270.0,al,0.10744526,0.10744526
139,total,0.5766645,1e-06,0.9999975,0.0,0.0,0.0,0.0,21541476.0,0.42333546,270.0,rand,-0.57666355,0.57666355
139,total,0.5766645,0.67552865,0.258604,0.5870952,0.6856988,0.8032547,0.7398356,10737592.0,0.67422485,280.0,al,0.098864086,0.098864086
0,total,0.57666445,0.3640037,0.66890913,0.0,0.0,0.0,0.0,0.0,0.0,280.0,rand,-0.21266086,0.3373635
139,total,0.5766645,0.69636077,0.3141885,0.59481144,0.6818251,0.823348,0.74593276,10267155.0,0.67656684,290.0,rand,0.119696245,0.119696245
139,total,0.5766645,0.7376678,0.48521742,0.5845732,0.6573115,0.8408301,0.73783,8678229.0,0.6554224,290.0,al,0.16100329,0.16100329
139,total,0.5766645,1e-06,0.9999975,0.0,0.0,0.0,0.0,21541476.0,0.42333546,300.0,rand,-0.57666355,0.57666355
139,total,0.5766645,0.6557789,0.21957667,0.5774492,0.687968,0.78235126,0.7321298,11129176.0,0.669866,300.0,al,0.07911436,0.07911436
139,total,0.5766645,0.63239974,0.16007182,0.5715029,0.6952825,0.76248103,0.7273325,11735763.0,0.67032826,310.0,rand,0.05573519,0.05573519
139,total,0.5766645,0.62496513,0.17227226,0.5630426,0.692605,0.7506154,0.72044384,11765892.0,0.6640779,310.0,al,0.04830062,0.04830062
139,total,0.5766645,1e-06,0.9999975,0.0,0.0,0.0,0.0,21541476.0,0.42333546,320.0,rand,-0.57666355,0.57666355
139,total,0.5766645,0.57908005,0.0834824,0.54378504,0.70301414,0.7059577,0.7044823,12790340.0,0.65845793,320.0,al,0.0024155173,0.0024155173
139,total,0.5766645,0.6469034,0.17539029,0.5835247,0.6969849,0.7818778,0.73699427,11566913.0,0.6781955,330.0,al,0.07023888,0.07023888
139,total,0.5766645,0.091042176,0.76887584,0.08216475,0.5568515,0.08791318,0.15185232,19488528.0,0.43368712,330.0,rand,-0.48562235,0.48562235
