,images,gt_confluence,pred_confluence,relative_delta_confluence,iou,precision,recall,f1,true_negative,accuracy,step,method,dAbsConf,dAbsAbsConf
3,total,0.15109126,1e-06,0.9999924,0.0,0.0,0.0,0.0,667609.0,0.8489087,0.0,rand,-0.15109026,0.15109026
3,total,0.15109126,1e-06,0.9999924,0.0,0.0,0.0,0.0,667609.0,0.8489087,0.0,al,-0.15109026,0.15109026
3,total,0.15109126,0.35759327,1.3619233,0.38959518,0.39882725,0.94391656,0.5607315,498546.0,0.77655154,1.0,al,0.206502,0.206502
3,total,0.15109126,1e-06,0.9999924,0.0,0.0,0.0,0.0,667609.0,0.8489087,1.0,rand,-0.15109026,0.15109026
3,total,0.15109126,0.1795499,0.23860171,0.5876251,0.6815932,0.8099694,0.74025625,622649.0,0.91411847,2.0,al,0.028458642,0.028458642
3,total,0.15109126,0.1316195,0.20847689,0.53370494,0.7474519,0.6511197,0.6959677,641468.0,0.91404724,2.0,rand,-0.019471757,0.019471757
3,total,0.15109126,0.14787011,0.27840397,0.548858,0.71644783,0.70116895,0.7087256,634635.0,0.91292065,3.0,rand,-0.0032211477,0.0032211477
3,total,0.15109126,0.17447889,0.2034346,0.590476,0.69275224,0.7999798,0.7425143,625450.0,0.9161708,3.0,al,0.023387637,0.023387637
3,total,0.15109126,0.16400501,0.33531544,0.56073487,0.690265,0.7492573,0.7185519,627660.0,0.91131717,4.0,rand,0.0129137505,0.0129137505
3,total,0.15109126,1e-06,0.9999924,0.0,0.0,0.0,0.0,667609.0,0.8489087,4.0,al,-0.15109026,0.15109026
3,total,0.15109126,0.16111347,0.1313499,0.60505587,0.73048997,0.7789401,0.75393695,633461.0,0.9231784,5.0,al,0.01002221,0.01002221
3,total,0.15109126,0.10397185,0.28951874,0.52974236,0.84953403,0.5845922,0.6925898,655306.0,0.92159146,5.0,rand,-0.047119413,0.047119413
3,total,0.15109126,0.15547788,0.2209281,0.58104414,0.7246467,0.7456806,0.73501265,633941.0,0.91876346,6.0,al,0.0043866304,0.0043866304
3,total,0.15109126,0.13621621,0.08771831,0.60192704,0.7925395,0.7145081,0.75150317,645385.0,0.9286054,6.0,rand,-0.014875048,0.014875048
3,total,0.15109126,0.14124398,0.20572394,0.5803689,0.7600785,0.7105358,0.73447216,640959.0,0.9223773,7.0,rand,-0.009847277,0.009847277
3,total,0.15109126,0.11368661,0.2869313,0.5424942,0.8191173,0.6163285,0.70339817,651437.0,0.9214668,7.0,al,-0.03740465,0.03740465
3,total,0.15109126,1e-06,0.9999924,0.0,0.0,0.0,0.0,667609.0,0.8489087,8.0,rand,-0.15109026,0.15109026
3,total,0.15109126,1e-06,0.9999924,0.0,0.0,0.0,0.0,667609.0,0.8489087,8.0,al,-0.15109026,0.15109026
3,total,0.15109126,0.11459578,0.25344762,0.5357432,0.8088015,0.6134334,0.6976984,650378.0,0.9196828,9.0,al,-0.03649548,0.03649548
3,total,0.15109126,0.14117531,0.062470246,0.5793137,0.75939435,0.70955116,0.73362666,640896.0,0.9221484,9.0,rand,-0.009915941,0.009915941
