,images,gt_confluence,pred_confluence,relative_delta_confluence,iou,precision,recall,f1,true_negative,accuracy,step,method,dAbsConf,dAbsAbsConf
2,total,0.35496256,0.5018809,0.40760842,0.27669212,0.3700086,0.52315336,0.43345112,808200.0,0.5145573,0.0,rand,0.14691831,0.14691831
2,total,0.35496256,0.26363057,0.25931755,0.18177047,0.3609113,0.2680477,0.3076235,1171181.0,0.57170165,0.0,al,-0.09133201,0.09133201
2,total,0.35496256,0.518493,0.45779544,0.27908766,0.36756873,0.5369058,0.43638504,779371.0,0.5077083,1.0,rand,0.16353045,0.16353045
2,total,0.35496256,0.659341,0.86154497,0.30557635,0.36006057,0.66880953,0.46810907,548290.0,0.46050212,1.0,al,0.30437845,0.30437845
2,total,0.35496256,0.46516743,0.31439826,0.25909016,0.3628005,0.4754378,0.4115509,856802.0,0.5173962,2.0,al,0.11020486,0.11020486
2,total,0.35496256,0.700486,0.9903549,0.30833548,0.3550931,0.7007426,0.47133964,475029.0,0.44202718,2.0,rand,0.34552345,0.34552345
2,total,0.35496256,1e-06,0.9999972,0.0,0.0,0.0,0.0,1585244.0,0.6450374,3.0,rand,-0.35496157,0.35496157
2,total,0.35496256,0.4762986,0.3412537,0.26417232,0.36470324,0.48936787,0.4179367,841598.0,0.51615435,3.0,al,0.12133604,0.12133604
2,total,0.35496256,0.43675026,0.31183958,0.25330508,0.3663718,0.4507873,0.40421882,905136.0,0.5283134,4.0,al,0.081787705,0.081787705
2,total,0.35496256,0.5822129,0.6531172,0.28333354,0.35538396,0.5829031,0.44155824,662899.0,0.47664306,4.0,rand,0.22725035,0.22725035
2,total,0.35496256,0.8445127,1.3824775,0.33801696,0.358808,0.85366064,0.5052502,254468.0,0.40656087,5.0,al,0.48955014,0.48955014
2,total,0.35496256,0.4843585,0.3597525,0.2722218,0.37078455,0.5059471,0.4279466,836253.0,0.5198645,5.0,rand,0.12939593,0.12939593
2,total,0.35496256,0.4772882,0.3537748,0.26099613,0.3609061,0.48527893,0.41395184,835599.0,0.512262,6.0,al,0.12232563,0.12232563
2,total,0.35496256,0.3561631,0.08707614,0.22005808,0.36012632,0.3613433,0.36073327,1025160.0,0.545402,6.0,rand,0.0012005443,0.0012005443
2,total,0.35496256,0.5013706,0.4106563,0.26906103,0.36212003,0.51147926,0.4240312,799270.0,0.5067798,7.0,al,0.14640807,0.14640807
2,total,0.35496256,0.36999163,0.15782052,0.2291174,0.36524472,0.3807081,0.37281564,1008068.0,0.54532105,7.0,rand,0.0150290765,0.0150290765
2,total,0.35496256,0.45167053,0.2752966,0.2553146,0.3632267,0.46218517,0.4067734,878411.0,0.5214848,8.0,al,0.09670795,0.09670795
2,total,0.35496256,0.3323468,0.0646361,0.21522957,0.36627313,0.34293568,0.35421994,1067633.0,0.5561503,8.0,rand,-0.022615781,0.022615781
2,total,0.35496256,0.44880593,0.26485893,0.24267358,0.3497343,0.44219446,0.39056638,868012.0,0.51015747,9.0,rand,0.09384336,0.09384336
2,total,0.35496256,0.49996722,0.41678438,0.26987195,0.36340183,0.511853,0.4250376,803045.0,0.5084485,9.0,al,0.14500466,0.14500466
2,total,0.35496256,0.29528826,0.16783094,0.19916676,0.3657403,0.30425307,0.33217475,1124963.0,0.5657471,10.0,rand,-0.059674293,0.059674293
2,total,0.35496256,0.4461151,0.26417667,0.25392246,0.36362907,0.4570061,0.40500456,887546.0,0.5233635,10.0,al,0.09115253,0.09115253
2,total,0.35496256,0.38272235,0.12747599,0.22997952,0.36039513,0.38857874,0.37395617,983647.0,0.5381779,11.0,al,0.027759789,0.027759789
2,total,0.35496256,1e-06,0.9999972,0.0,0.0,0.0,0.0,1585244.0,0.6450374,11.0,rand,-0.35496157,0.35496157
2,total,0.35496256,0.48548114,0.36579236,0.2663939,0.3641599,0.49805927,0.42071205,826613.0,0.5131421,12.0,rand,0.13051859,0.13051859
2,total,0.35496256,0.49226296,0.39257088,0.26746777,0.3631924,0.5036751,0.42205012,814845.0,0.51034707,12.0,al,0.1373004,0.1373004
2,total,0.35496256,0.53088313,0.4974067,0.2729415,0.35778373,0.5351015,0.4288354,747347.0,0.49403727,13.0,rand,0.17592059,0.17592059
2,total,0.35496256,0.457984,0.2864388,0.25477237,0.3604122,0.46501428,0.40608492,865363.0,0.5171798,13.0,al,0.10302143,0.10302143
