,images,gt_confluence,pred_confluence,relative_delta_confluence,iou,precision,recall,f1,true_negative,accuracy,step,method,dAbsConf,dAbsAbsConf
2,total,0.26927653,0.42308083,0.57095915,0.2034576,0.27666262,0.43468466,0.33812127,1043728.0,0.5417444,0.0,al,0.1538043,0.1538043
2,total,0.26927653,0.14543964,0.45894024,0.11360545,0.29089612,0.15711556,0.20403132,1542371.0,0.6698999,0.0,rand,-0.12383689,0.12383689
2,total,0.26927653,0.21581155,0.19429171,0.14439222,0.28360635,0.22729512,0.25234693,1415868.0,0.6373234,1.0,rand,-0.053464983,0.053464983
2,total,0.26927653,0.26189715,0.08954974,0.15808019,0.27685058,0.2692626,0.27300337,1330381.0,0.6138395,1.0,al,-0.007379371,0.007379371
2,total,0.26927653,0.31095967,0.1542136,0.17752182,0.28130937,0.3248541,0.3015172,1246594.0,0.594716,2.0,al,0.04168313,0.04168313
2,total,0.26927653,0.25730935,0.2749268,0.15896077,0.28069568,0.26821998,0.27431554,1340966.0,0.6178658,2.0,rand,-0.01196718,0.01196718
2,total,0.26927653,0.33936134,0.26807082,0.18332912,0.2778581,0.35017544,0.30985266,1193551.0,0.57995117,3.0,al,0.070084825,0.070084825
2,total,0.26927653,0.36669493,0.3685972,0.190607,0.2776538,0.3781019,0.32018408,1144857.0,0.5676575,3.0,rand,0.0974184,0.0974184
2,total,0.26927653,0.25822812,0.0403898,0.15891653,0.2801177,0.26862344,0.27424967,1338975.0,0.6171643,4.0,al,-0.011048398,0.011048398
2,total,0.26927653,0.38321632,0.44017342,0.19077478,0.27278692,0.38821107,0.32042077,1110944.0,0.5565804,4.0,rand,0.1139398,0.1139398
2,total,0.26927653,0.23396422,0.27868083,0.14998099,0.28052586,0.2437373,0.2608403,1382137.0,0.6280257,5.0,rand,-0.035312314,0.035312314
2,total,0.26927653,0.29722023,0.10759479,0.17282344,0.28085992,0.31000462,0.294713,1270533.0,0.60045815,5.0,al,0.027943708,0.027943708
2,total,0.26927653,0.27949238,0.037222326,0.17050876,0.2860173,0.29686722,0.29134077,1305407.0,0.61111087,6.0,rand,0.010215844,0.010215844
2,total,0.26927653,0.39132383,0.46265107,0.19654852,0.27729526,0.40297595,0.3285253,1100790.0,0.55642456,6.0,al,0.122047305,0.122047305
2,total,0.26927653,0.3201011,0.18870372,0.18094927,0.28211924,0.33536676,0.30644667,1231085.0,0.5912362,7.0,rand,0.050824568,0.050824568
2,total,0.26927653,0.28880513,0.15467098,0.16967228,0.28031108,0.30063888,0.29011884,1285016.0,0.6038293,7.0,al,0.019528588,0.019528588
2,total,0.26927653,0.28535378,0.23091689,0.16712876,0.2783256,0.29494208,0.2863925,1289728.0,0.60421264,8.0,rand,0.016077254,0.016077254
2,total,0.26927653,0.31064758,0.1821939,0.17498483,0.2780174,0.32073033,0.29784986,1244632.0,0.59280723,8.0,al,0.041371036,0.041371036
2,total,0.26927653,0.19594339,0.2756502,0.14119254,0.29375264,0.21375273,0.24744686,1455734.0,0.6498983,9.0,rand,-0.073333144,0.073333144
2,total,0.26927653,0.38371602,0.43471068,0.19543634,0.27821314,0.39644954,0.32697025,1115168.0,0.56051755,9.0,al,0.11443948,0.11443948
2,total,0.26927653,0.34671202,0.29167143,0.18641384,0.27915552,0.35943085,0.31424707,1181611.0,0.57758504,10.0,al,0.077435486,0.077435486
2,total,0.26927653,0.32461607,0.28624147,0.18008976,0.2791981,0.33657563,0.30521318,1220789.0,0.58737224,10.0,rand,0.05533954,0.05533954
2,total,0.26927653,0.20505594,0.23106992,0.13871132,0.2817799,0.21457627,0.24362811,1433884.0,0.6412293,11.0,rand,-0.0642206,0.0642206
2,total,0.26927653,0.35456115,0.32657495,0.1878037,0.27818933,0.36629575,0.3162196,1166864.0,0.57343304,11.0,al,0.08528461,0.08528461
2,total,0.26927653,0.26624122,0.12045232,0.16310512,0.2820642,0.27888373,0.28046444,1326072.0,0.6146769,12.0,al,-0.0030352955,0.0030352955
2,total,0.26927653,0.27621478,0.17510585,0.1663146,0.28161538,0.2888705,0.2851963,1308170.0,0.6100818,12.0,rand,0.006938256,0.006938256
2,total,0.26927653,0.2083559,0.22592448,0.14483073,0.29000708,0.22439533,0.25301635,1432272.0,0.6432174,13.0,rand,-0.06092063,0.06092063
2,total,0.26927653,0.33146462,0.2784911,0.18026568,0.27681145,0.34073868,0.3054658,1206713.0,0.5827657,13.0,al,0.062188093,0.062188093
