,images,gt_confluence,pred_confluence,relative_delta_confluence,iou,precision,recall,f1,true_negative,accuracy,step,method,dAbsConf,dAbsAbsConf
3,total,0.097042084,1e-06,0.9999877,0.0,0.0,0.0,0.0,710115.0,0.9029579,0.0,rand,-0.097041085,0.097041085
3,total,0.15109126,0.13137917,0.37957972,0.45672318,0.67409986,0.58614916,0.62705505,633937.0,0.8946546,0.0,al,-0.019712083,0.019712083
3,total,0.15109126,0.14214806,0.12089144,0.5750572,0.7531779,0.70859176,0.73020434,640017.0,0.92088574,1.0,al,-0.008943194,0.008943194
3,total,0.097042084,1e-06,0.9999877,0.0,0.0,0.0,0.0,710115.0,0.9029579,1.0,rand,-0.097041085,0.097041085
3,total,0.15109126,1e-06,0.9999924,0.0,0.0,0.0,0.0,667609.0,0.8489087,2.0,al,-0.15109026,0.15109026
3,total,0.097042084,0.02699634,0.6559278,0.05139094,0.22458784,0.06247625,0.09775766,693653.0,0.8880882,2.0,rand,-0.07004574,0.07004574
3,total,0.097042084,0.09097517,0.27556896,0.48531878,0.6752813,0.6330569,0.6534872,686883.0,0.93485004,3.0,rand,-0.006066912,0.006066912
3,total,0.15109126,1e-06,0.9999924,0.0,0.0,0.0,0.0,667609.0,0.8489087,3.0,al,-0.15109026,0.15109026
3,total,0.097042084,1e-06,0.9999877,0.0,0.0,0.0,0.0,710115.0,0.9029579,4.0,rand,-0.097041085,0.097041085
3,total,0.15109126,0.21698353,0.3790521,0.54211086,0.59632444,0.856383,0.7030759,598725.0,0.8907102,4.0,al,0.065892264,0.065892264
3,total,0.15109126,0.18725178,0.2184244,0.5849784,0.6668817,0.8264814,0.7381526,618554.0,0.9114062,5.0,al,0.036160514,0.036160514
3,total,0.097042084,0.18993732,0.92668325,0.4420654,0.4631725,0.90654767,0.6130999,629928.0,0.88896817,5.0,rand,0.09289524,0.09289524
3,total,0.15109126,0.19565046,0.25425437,0.5538309,0.63168365,0.81797296,0.71285814,610938.0,0.9004364,6.0,al,0.044559207,0.044559207
3,total,0.097042084,1e-06,0.9999877,0.0,0.0,0.0,0.0,710115.0,0.9029579,6.0,rand,-0.097041085,0.097041085
3,total,0.097042084,0.19259998,0.822642,0.4258092,0.4491173,0.89136106,0.5972873,626675.0,0.883358,7.0,rand,0.0955579,0.0955579
3,total,0.15109126,0.16664223,0.18182537,0.58899987,0.7067576,0.77949554,0.7413462,629179.0,0.9178174,7.0,al,0.015550978,0.015550978
3,total,0.097042084,0.16373289,0.7252571,0.47235224,0.510958,0.8621015,0.6416289,647144.0,0.9065463,8.0,rand,0.06669081,0.06669081
3,total,0.15109126,0.21449761,0.5046629,0.52178055,0.58439595,0.82963735,0.6857496,597502.0,0.885114,8.0,al,0.063406356,0.063406356
3,total,0.15109126,0.2025665,0.3429347,0.57544225,0.637699,0.85495234,0.7305147,609893.0,0.90469486,9.0,al,0.051475253,0.051475253
3,total,0.097042084,0.1931353,1.005769,0.437895,0.45755726,0.9106359,0.6090774,627725.0,0.8865636,9.0,rand,0.09609322,0.09609322
