,images,gt_confluence,pred_confluence,relative_delta_confluence,iou,precision,recall,f1,true_negative,accuracy,step,method,dAbsConf,dAbsAbsConf
2,total,0.26927653,0.34054217,0.2691059,0.18592702,0.28074688,0.3550472,0.3135551,1193873.0,0.581394,0.0,al,0.071265645,0.071265645
2,total,0.26927653,0.30276713,0.12610924,0.17516579,0.28162503,0.3166504,0.29811198,1261299.0,0.5984904,0.0,rand,0.033490583,0.033490583
2,total,0.26927653,0.2277309,0.15762219,0.15245692,0.28871173,0.24416643,0.26457673,1397740.0,0.63449013,1.0,rand,-0.04154563,0.04154563
2,total,0.26927653,0.35166237,0.30698672,0.19020069,0.28217295,0.36850345,0.31961063,1175449.0,0.5775207,1.0,al,0.082385845,0.082385845
2,total,0.26927653,0.39555356,0.47306406,0.20044877,0.28065035,0.4122601,0.3339559,1096539.0,0.5571948,2.0,al,0.12627704,0.12627704
2,total,0.26927653,0.32711485,0.21678776,0.17987777,0.2779535,0.33765456,0.30490866,1215362.0,0.5854545,2.0,rand,0.05783832,0.05783832
2,total,0.26927653,0.3999644,0.49129528,0.19992763,0.2787914,0.41409606,0.33323234,1086914.0,0.5537728,3.0,al,0.13068785,0.13068785
2,total,0.26927653,0.36715025,0.36544746,0.19146758,0.2785596,0.3798064,0.3213974,1144866.0,0.5681201,3.0,rand,0.097873725,0.097873725
2,total,0.26927653,0.31484842,0.1753292,0.17764664,0.2798639,0.32722652,0.3016972,1238607.0,0.5921049,4.0,al,0.045571882,0.045571882
2,total,0.26927653,0.3627195,0.3454686,0.19211031,0.28078777,0.37822428,0.32230243,1154708.0,0.5716988,4.0,rand,0.09344298,0.09344298
2,total,0.26927653,0.38821062,0.4465125,0.19656959,0.2782266,0.40111277,0.32855472,1107208.0,0.5585343,5.0,rand,0.1189341,0.1189341
2,total,0.26927653,0.3509747,0.30978546,0.18658929,0.27789366,0.36220524,0.31449634,1172971.0,0.57481647,5.0,al,0.08169819,0.08169819
2,total,0.26927653,0.3248647,0.20328313,0.1817179,0.2812365,0.33929256,0.3075482,1221976.0,0.5885868,6.0,rand,0.05558816,0.05558816
2,total,0.26927653,0.3589866,0.3339956,0.19172056,0.2815517,0.3753502,0.32175374,1161980.0,0.5738839,6.0,al,0.089710064,0.089710064
2,total,0.26927653,0.2791811,0.11952607,0.16661286,0.28056896,0.29088783,0.28563473,1302215.0,0.6082019,7.0,rand,0.009904564,0.009904564
2,total,0.26927653,0.29820248,0.21101446,0.17221746,0.27958137,0.30961326,0.29383144,1267860.0,0.59926516,7.0,al,0.028925968,0.028925968
2,total,0.26927653,0.28983337,0.07859092,0.17142974,0.28230557,0.303856,0.29268414,1284618.0,0.6045337,8.0,rand,0.020556826,0.020556826
2,total,0.26927653,0.31443745,0.21736544,0.17666364,0.2787156,0.32545853,0.3002784,1238447.0,0.5915637,8.0,al,0.045160912,0.045160912
2,total,0.26927653,0.5203257,0.9410202,0.22182702,0.27551046,0.53237057,0.36310664,869385.0,0.49710855,9.0,rand,0.2510492,0.2510492
2,total,0.26927653,0.3023468,0.27296874,0.17372341,0.2798323,0.3141979,0.29602057,1260709.0,0.5975899,9.0,al,0.033070255,0.033070255
2,total,0.26927653,0.39799947,0.48703668,0.19888073,0.2781251,0.4110769,0.33177686,1089745.0,0.5541117,10.0,al,0.12872292,0.12872292
2,total,0.26927653,0.33235127,0.24044764,0.18350917,0.28068376,0.34642944,0.31010976,1208300.0,0.58494383,10.0,rand,0.06307473,0.06307473
2,total,0.26927653,0.34701067,0.29416087,0.18634848,0.27896804,0.35949886,0.3141542,1180922.0,0.577323,11.0,rand,0.07773416,0.07773416
2,total,0.26927653,0.33151183,0.23540711,0.18267672,0.27992404,0.34461915,0.3089203,1209165.0,0.58480835,11.0,al,0.062235292,0.062235292
2,total,0.26927653,0.26939797,0.18201634,0.16464414,0.28267404,0.28280047,0.28273675,1320906.0,0.6136296,12.0,al,0.00012144271,0.00012144271
2,total,0.26927653,0.3502248,0.30853227,0.18526258,0.27648336,0.3595971,0.3126097,1173088.0,0.57416177,12.0,rand,0.08094826,0.08094826
2,total,0.26927653,0.34004697,0.26704282,0.1841544,0.2786656,0.3519026,0.31103057,1193009.0,0.5801957,13.0,rand,0.07077045,0.07077045
2,total,0.26927653,0.2523297,0.105316326,0.15976347,0.28476286,0.26684034,0.27550992,1352291.0,0.62210244,13.0,al,-0.016946835,0.016946835
