,images,gt_confluence,pred_confluence,relative_delta_confluence,iou,precision,recall,f1,true_negative,accuracy,step,method,dAbsConf,dAbsAbsConf
2,total,0.26927653,0.2543878,0.11057645,0.1580324,0.28092024,0.26538667,0.2729321,1346271.0,0.6192615,0.0,al,-0.01488873,0.01488873
2,total,0.26927653,0.26182514,0.09950502,0.1625094,0.28356275,0.27571496,0.2795833,1334828.0,0.61738646,0.0,rand,-0.0074513927,0.0074513927
2,total,0.26927653,0.25558653,0.08915749,0.1608055,0.28447908,0.27001515,0.27705798,1346388.0,0.6205554,1.0,rand,-0.0136899995,0.0136899995
2,total,0.26927653,0.22477517,0.16409333,0.14911497,0.2852219,0.2380843,0.25952962,1400979.0,0.63417035,1.0,al,-0.04450136,0.04450136
2,total,0.26927653,0.39840555,0.46926424,0.20087543,0.28033262,0.41476244,0.33454785,1091186.0,0.5556905,2.0,al,0.12912901,0.12912901
2,total,0.26927653,0.2927655,0.10678002,0.17177801,0.28143093,0.30597907,0.29319158,1278817.0,0.60274494,2.0,rand,0.023488956,0.023488956
2,total,0.26927653,0.2668296,0.083750084,0.16098379,0.27859515,0.27606252,0.27732256,1322759.0,0.61256915,3.0,al,-0.0024469167,0.0024469167
2,total,0.26927653,0.28415424,0.079081476,0.17024395,0.28333822,0.2989918,0.2909541,1295356.0,0.6075932,3.0,rand,0.014877709,0.014877709
2,total,0.26927653,0.20139708,0.24864402,0.1378481,0.28312904,0.21175659,0.24229565,1441010.0,0.64336956,4.0,al,-0.06787945,0.06787945
2,total,0.26927653,0.257289,0.099105895,0.1604062,0.28290668,0.27031133,0.27646512,1342400.0,0.6190125,4.0,rand,-0.011987525,0.011987525
2,total,0.26927653,0.29667214,0.10241611,0.17360274,0.28218666,0.31089467,0.29584536,1272469.0,0.6014856,5.0,rand,0.027395613,0.027395613
2,total,0.26927653,0.2724062,0.19843064,0.16359243,0.27957034,0.28281862,0.28118458,1313525.0,0.6106311,5.0,al,0.003129662,0.003129662
2,total,0.26927653,0.23361143,0.13078015,0.15354353,0.28653368,0.24858184,0.26621145,1386210.0,0.6309875,6.0,rand,-0.0356651,0.0356651
2,total,0.26927653,0.20586038,0.22957574,0.14176007,0.28656703,0.21907781,0.24831799,1434886.0,0.64284915,6.0,al,-0.06341615,0.06341615
2,total,0.26927653,0.28451842,0.06357211,0.1688819,0.28122362,0.29714072,0.28896266,1293236.0,0.6062321,7.0,rand,0.015241886,0.015241886
2,total,0.26927653,0.35194558,0.31526944,0.18617792,0.27704498,0.36209795,0.31391183,1170514.0,0.57378787,7.0,al,0.08266905,0.08266905
2,total,0.26927653,0.35751525,0.33085316,0.19171663,0.28204346,0.3744647,0.3217482,1165010.0,0.57487833,8.0,rand,0.08823871,0.08823871
2,total,0.26927653,0.27199075,0.21209529,0.16440272,0.28097278,0.28380385,0.2823807,1315198.0,0.61157715,8.0,al,0.0027142162,0.0027142162
2,total,0.26927653,0.20483498,0.23798093,0.1416447,0.2871752,0.2184492,0.24814099,1436990.0,0.643536,9.0,rand,-0.06444155,0.06444155
2,total,0.26927653,0.2773427,0.088243164,0.16682895,0.2817949,0.29023504,0.2859522,1306301.0,0.6096887,9.0,al,0.008066186,0.008066186
2,total,0.26927653,0.30215678,0.12428621,0.17489304,0.28151923,0.31589335,0.2977169,1262298.0,0.598693,10.0,al,0.03288023,0.03288023
2,total,0.26927653,0.35227638,0.3119635,0.18824239,0.27951655,0.36567166,0.31684124,1172066.0,0.5753817,10.0,rand,0.08299986,0.08299986
2,total,0.26927653,0.28711322,0.09169452,0.17017193,0.28181553,0.30048174,0.29084894,1289070.0,0.6054366,11.0,rand,0.017836694,0.017836694
2,total,0.26927653,0.37751645,0.40825218,0.1936525,0.27795538,0.3896829,0.32446998,1125926.0,0.5630729,11.0,al,0.108239934,0.108239934
2,total,0.26927653,1e-06,0.9999963,0.0,0.0,0.0,0.0,1795826.0,0.73072344,12.0,al,-0.26927552,0.26927552
2,total,0.26927653,0.32224464,0.32888037,0.17960753,0.2794938,0.3344707,0.3045203,1225224.0,0.58861005,12.0,rand,0.052968122,0.052968122
2,total,0.26927653,0.2736631,0.056034256,0.1655019,0.28172544,0.28631374,0.28400058,1312749.0,0.61125654,13.0,rand,0.0043865796,0.0043865796
2,total,0.26927653,0.3173521,0.19833134,0.17720701,0.27825987,0.32793823,0.30106297,1232925.0,0.58998454,13.0,al,0.048075546,0.048075546
