,images,gt_confluence,pred_confluence,relative_delta_confluence,iou,precision,recall,f1,true_negative,accuracy,step,method,dAbsConf,dAbsAbsConf
2,total,0.26927653,0.36069068,0.34432146,0.33031645,0.4336694,0.5808902,0.49659783,1293813.0,0.68287396,0.0,rand,0.09141417,0.09141417
2,total,0.26927653,0.0072560455,0.9734244,0.016006948,0.60050476,0.01617924,0.031509474,1788703.0,0.7321818,0.0,al,-0.2620205,0.2620205
2,total,0.26927653,0.3052541,0.13680378,0.31438658,0.4501873,0.5103344,0.47837713,1383362.0,0.7003125,1.0,rand,0.03597756,0.03597756
2,total,0.26927653,0.5110488,0.9017816,0.340489,0.38784078,0.7360655,0.5080067,1026984.0,0.616086,1.0,al,0.24177223,0.24177223
2,total,0.26927653,0.38549986,0.4358918,0.33087203,0.4222727,0.6045296,0.49722543,1248486.0,0.6707959,2.0,rand,0.11622333,0.11622333
2,total,0.26927653,0.459282,0.71013266,0.34963927,0.41094896,0.70091903,0.5181221,1130947.0,0.6489246,2.0,al,0.19000548,0.19000548
2,total,0.26927653,0.84004414,2.1227734,0.2908221,0.29751998,0.9281522,0.45059943,345563.0,0.39053956,3.0,al,0.5707676,0.5707676
2,total,0.26927653,0.25383687,0.07328786,0.28823414,0.4610974,0.43465745,0.4474867,1459644.0,0.71097374,3.0,rand,-0.015439674,0.015439674
2,total,0.26927653,0.5261676,0.9590789,0.33840406,0.38223827,0.74689394,0.5056825,996994.0,0.6067989,4.0,rand,0.25689104,0.25689104
2,total,0.26927653,0.08234597,0.6910953,0.11445348,0.43853617,0.1341047,0.20539804,1682202.0,0.720601,4.0,al,-0.18693055,0.18693055
2,total,0.26927653,0.4732924,0.7635435,0.3241246,0.3840526,0.67502654,0.48956767,1079380.0,0.62096965,5.0,al,0.2040159,0.2040159
2,total,0.26927653,0.42756894,0.5897177,0.33401442,0.40807068,0.6479508,0.5007653,1173832.0,0.6521114,5.0,rand,0.15829243,0.15829243
2,total,0.26927653,0.3643455,0.35774577,0.30462798,0.4060696,0.5494323,0.46699545,1264013.0,0.6622774,6.0,al,0.095068954,0.095068954
2,total,0.26927653,0.5111041,0.90525657,0.32451344,0.37408793,0.7100415,0.49001107,1009626.0,0.6020154,6.0,rand,0.24182758,0.24182758
2,total,0.26927653,0.6399139,1.3814801,0.32364503,0.34740087,0.82556885,0.48902047,769516.0,0.53542316,7.0,al,0.3706374,0.3706374
2,total,0.26927653,0.48918435,0.8195623,0.3379379,0.39161733,0.7114347,0.5051619,1064418.0,0.62468547,7.0,rand,0.21990782,0.21990782
2,total,0.26927653,0.23535216,0.12495721,0.28252718,0.4723331,0.41282523,0.44057837,1490624.0,0.7177006,8.0,rand,-0.033924375,0.033924375
2,total,0.26927653,0.30568948,0.13886037,0.331102,0.46785668,0.5311209,0.49748504,1396048.0,0.7110718,8.0,al,0.036412947,0.036412947
2,total,0.26927653,0.41446838,0.53802735,0.33293644,0.41205484,0.63423014,0.4995529,1196948.0,0.65782267,9.0,rand,0.14519183,0.14519183
2,total,0.26927653,0.42398414,0.5772119,0.35190326,0.4256229,0.67015475,0.5206037,1197336.0,0.6676542,9.0,al,0.15470763,0.15470763
2,total,0.26927653,0.363904,0.35480964,0.33362186,0.4352743,0.58823407,0.500324,1290776.0,0.68361574,10.0,al,0.09462746,0.09462746
2,total,0.26927653,0.25669372,0.05096937,0.2770156,0.44448265,0.42371112,0.4338479,1445379.0,0.7022217,10.0,rand,-0.012582822,0.012582822
2,total,0.26927653,0.49355486,0.835804,0.33405253,0.38702163,0.7093676,0.5008082,1052309.0,0.61920166,11.0,rand,0.22427835,0.22427835
2,total,0.26927653,0.3110158,0.1528225,0.30470788,0.435748,0.50328964,0.46708933,1364540.0,0.69075686,11.0,al,0.04173928,0.04173928
2,total,0.26927653,0.35139382,0.30722737,0.30434376,0.41213524,0.5378165,0.46666142,1288156.0,0.6689734,12.0,al,0.08211729,0.08211729
2,total,0.26927653,0.22751524,0.1582737,0.28303096,0.48168343,0.40697882,0.44119063,1506015.0,0.7223889,12.0,rand,-0.041761287,0.041761287
2,total,0.26927653,0.33976093,0.26279062,0.31561446,0.43003064,0.5425916,0.4797973,1319905.0,0.6831779,13.0,rand,0.0704844,0.0704844
2,total,0.26927653,0.23856097,0.11483709,0.29356533,0.48310634,0.42799807,0.4538851,1492779.0,0.72266316,13.0,al,-0.030715553,0.030715553
