,images,gt_confluence,pred_confluence,relative_delta_confluence,iou,precision,recall,f1,true_negative,accuracy,step,method,dAbsConf,dAbsAbsConf
3,total,0.15109126,0.05851464,0.70738715,0.22948863,0.6686225,0.25893977,0.37330705,652360.0,0.86864215,0.0,al,-0.092576616,0.092576616
3,total,0.15109126,0.04906818,0.6392894,0.22855449,0.7588888,0.2464506,0.3720702,658305.0,0.8743146,0.0,rand,-0.10202308,0.10202308
3,total,0.15109126,0.11073912,0.5837378,0.28304648,0.5215988,0.38229132,0.44120955,625946.0,0.85369235,1.0,al,-0.04035214,0.04035214
3,total,0.15109126,0.055848166,0.5229381,0.17451394,0.55056924,0.20350437,0.29716754,647870.0,0.85455704,1.0,rand,-0.09524309,0.09524309
3,total,0.15109126,0.078527816,0.65285736,0.2609737,0.605172,0.31452665,0.41392365,643226.0,0.86542636,2.0,al,-0.07256344,0.07256344
3,total,0.15109126,0.050794967,0.5803664,0.15201098,0.524458,0.17631267,0.26390505,648613.0,0.8513934,2.0,rand,-0.10029629,0.10029629
3,total,0.15109126,0.04639789,0.7552793,0.14486322,0.53858805,0.16538885,0.25306606,650773.0,0.8524895,3.0,al,-0.10469337,0.10469337
3,total,0.15109126,0.13862583,0.5073466,0.33475885,0.52415633,0.48090857,0.5016015,615733.0,0.8556061,3.0,rand,-0.01246543,0.01246543
3,total,0.15109126,0.012293226,0.9419072,0.073021226,0.9045205,0.073588446,0.13610384,666686.0,0.85885364,4.0,al,-0.13879803,0.13879803
3,total,0.15109126,0.11390532,0.28158593,0.277233,0.5049789,0.3806923,0.43411452,623266.0,0.850043,4.0,rand,-0.03718594,0.03718594
3,total,0.15109126,0.050633475,0.73624355,0.17949443,0.6062935,0.20317616,0.30435786,651932.0,0.85967255,5.0,rand,-0.10045778,0.10045778
3,total,0.15109126,0.043754306,0.7233446,0.15383804,0.59374,0.17193641,0.26665413,653630.0,0.85711163,5.0,al,-0.10733695,0.10733695
3,total,0.15109126,0.124605544,0.53474385,0.23433568,0.4200504,0.34641442,0.37969473,610778.0,0.82898456,6.0,rand,-0.026485715,0.026485715
3,total,0.15109126,0.046514876,0.74381584,0.18447408,0.6616457,0.20368952,0.31148654,655232.0,0.86394626,6.0,al,-0.10457638,0.10457638
3,total,0.15109126,0.109593436,0.2312965,0.32043874,0.5772448,0.4186984,0.48535144,631173.0,0.86583966,7.0,al,-0.04149782,0.04149782
3,total,0.15109126,0.0661949,0.52806133,0.21653947,0.58428264,0.2559774,0.35599208,645968.0,0.8600667,7.0,rand,-0.084896356,0.084896356
3,total,0.15109126,0.308329,1.0359457,0.2612739,0.3086618,0.62987804,0.41430116,499974.0,0.7309189,8.0,rand,0.15723774,0.15723774
3,total,0.15109126,0.29779407,1.1832535,0.23753585,0.28932852,0.5702515,0.38388476,501174.0,0.7234357,8.0,al,0.14670281,0.14670281
3,total,0.15109126,0.1313245,0.1221231,0.3356185,0.5403914,0.4696902,0.5025659,620142.0,0.8595174,9.0,rand,-0.019766761,0.019766761
3,total,0.15109126,0.17835462,0.22200273,0.37073112,0.49958292,0.5897259,0.54092413,597419.0,0.84875995,9.0,al,0.02726337,0.02726337
