,images,gt_confluence,pred_confluence,relative_delta_confluence,iou,precision,recall,f1,true_negative,accuracy,step,method,dAbsConf,dAbsAbsConf
2,total,0.26927653,0.21489765,0.19711751,0.19582333,0.3689508,0.2944419,0.32751164,1462550.0,0.67439944,0.0,rand,-0.054378882,0.054378882
2,total,0.26927653,0.0032142976,0.9880494,0.005575427,0.47017854,0.005610677,0.011089004,1791642.0,0.7305318,0.0,al,-0.26606223,0.26606223
2,total,0.26927653,0.41871968,0.5579008,0.33294204,0.4104124,0.6381816,0.4995592,1189115.0,0.6556995,1.0,rand,0.14944313,0.14944313
2,total,0.26927653,0.02643207,0.9026707,0.049076557,0.523377,0.051372524,0.09356128,1764866.0,0.7319592,1.0,al,-0.24284446,0.24284446
2,total,0.26927653,0.42977843,0.5984076,0.34247935,0.4149482,0.66227597,0.5102187,1177882.0,0.6576168,2.0,rand,0.1605019,0.1605019
2,total,0.26927653,0.013541446,0.94927627,0.022994343,0.46948344,0.023607757,0.044954885,1778172.0,0.7298971,2.0,al,-0.25573507,0.25573507
2,total,0.26927653,0.25945452,0.11219685,0.2597745,0.42022136,0.404892,0.41241378,1426140.0,0.68932575,3.0,al,-0.009821998,0.009821998
2,total,0.26927653,0.49158385,0.8301898,0.34298906,0.3952897,0.72162855,0.51078415,1065267.0,0.6277759,3.0,rand,0.22230731,0.22230731
2,total,0.26927653,0.38239154,0.4250483,0.30756715,0.4008617,0.5692502,0.47044134,1232778.0,0.65490437,4.0,rand,0.11311501,0.11311501
2,total,0.26927653,0.49538144,0.8427849,0.33782282,0.38977876,0.71706504,0.50503325,1052914.0,0.6215206,4.0,al,0.22610492,0.22610492
2,total,0.26927653,0.09946592,0.6283498,0.14947125,0.48207164,0.17806683,0.2600692,1669221.0,0.727157,5.0,al,-0.16981061,0.16981061
2,total,0.26927653,0.5578713,1.0782754,0.31130108,0.35198778,0.7292263,0.47479683,907387.0,0.56558025,5.0,rand,0.28859475,0.28859475
2,total,0.26927653,0.4769818,0.77431065,0.34175795,0.39850354,0.705886,0.5094177,1090735.0,0.63389975,6.0,al,0.20770526,0.20770526
2,total,0.26927653,0.6362083,1.3644974,0.3132053,0.33945212,0.8020079,0.47700846,763031.0,0.52644,6.0,rand,0.36693174,0.36693174
2,total,0.26927653,0.71387833,1.6552855,0.31443605,0.32945096,0.8734054,0.47843453,619398.0,0.48722127,7.0,al,0.44460183,0.44460183
2,total,0.26927653,0.6662441,1.4773095,0.32026106,0.3406156,0.84274995,0.48514768,716177.0,0.51834595,7.0,rand,0.39696756,0.39696756
2,total,0.26927653,0.2766567,0.059585784,0.309984,0.4669522,0.47974837,0.4732633,1433402.0,0.71243775,8.0,rand,0.0073801503,0.0073801503
2,total,0.26927653,0.3471657,0.29123926,0.3351953,0.44576836,0.5747068,0.5020913,1322960.0,0.69306886,8.0,al,0.07788918,0.07788918
2,total,0.26927653,0.17972635,0.33471474,0.2512652,0.50167423,0.33483636,0.40161732,1575719.0,0.73132527,9.0,rand,-0.08955019,0.08955019
2,total,0.26927653,0.3741278,0.39102542,0.32396227,0.42080736,0.58466035,0.48938245,1263285.0,0.6714673,9.0,al,0.10485126,0.10485126
2,total,0.26927653,0.44694924,0.6630049,0.35188437,0.41711184,0.69232696,0.52058303,1155570.0,0.65663004,10.0,al,0.17767271,0.17767271
2,total,0.26927653,0.37560403,0.3924092,0.32542855,0.42154977,0.58800286,0.49105358,1261869.0,0.6717912,10.0,rand,0.1063275,0.1063275
2,total,0.26927653,0.39194313,0.45358938,0.30739295,0.39665315,0.57734364,0.47023755,1214660.0,0.6497115,11.0,rand,0.12266661,0.12266661
2,total,0.26927653,0.48599586,0.8054219,0.33002406,0.38561815,0.69597024,0.49626738,1062020.0,0.6195455,11.0,al,0.21671934,0.21671934
2,total,0.26927653,0.28364643,0.07796239,0.30070892,0.4506654,0.47471341,0.46237645,1412892.0,0.70273644,12.0,al,0.014369897,0.014369897
2,total,0.26927653,0.24308246,0.097924456,0.28306684,0.46500903,0.41977322,0.44123426,1476224.0,0.71371216,12.0,rand,-0.026194068,0.026194068
2,total,0.26927653,0.33882627,0.2593002,0.3152984,0.4302273,0.54134643,0.47943202,1321378.0,0.683442,13.0,rand,0.06954975,0.06954975
2,total,0.26927653,0.35082293,0.30346903,0.31931275,0.4278016,0.55735344,0.48405874,1302488.0,0.68006593,13.0,al,0.08154641,0.08154641
