,images,gt_confluence,pred_confluence,relative_delta_confluence,iou,precision,recall,f1,true_negative,accuracy,step,method,dAbsConf,dAbsAbsConf
2,total,0.26927653,0.18179421,0.32089683,0.22538045,0.45636395,0.30809915,0.36785334,1552943.0,0.714858,0.0,rand,-0.08748232,0.08748232
2,total,0.26927653,0.9313523,2.4639997,0.277194,0.27978334,0.96769136,0.43406683,147330.0,0.32052532,0.0,al,0.6620758,0.6620758
2,total,0.26927653,0.58358294,1.1672193,0.3139975,0.34922615,0.75685054,0.47792664,862479.0,0.5547457,1.0,rand,0.3143064,0.3143064
2,total,0.26927653,0.39411274,0.46627107,0.30850664,0.3968597,0.5808418,0.47153956,1211643.0,0.64942586,1.0,al,0.12483621,0.12483621
2,total,0.26927653,0.3999493,0.4907318,0.30696782,0.39300326,0.5837159,0.46973997,1199201.0,0.64513713,2.0,rand,0.1306728,0.1306728
2,total,0.26927653,0.60088396,1.2355407,0.33502638,0.36341104,0.8109415,0.50190187,855756.0,0.5665755,2.0,al,0.33160743,0.33160743
2,total,0.26927653,0.41571796,0.5480743,0.33910838,0.41726455,0.6441852,0.5064684,1200465.0,0.66193444,3.0,al,0.14644143,0.14644143
2,total,0.26927653,0.32427713,0.20882678,0.30927676,0.43237454,0.5206868,0.4724386,1343462.0,0.68686485,3.0,rand,0.055000592,0.055000592
2,total,0.26927653,0.6427879,1.3927532,0.32320982,0.34658828,0.82733685,0.48852348,763623.0,0.5335014,4.0,rand,0.37351134,0.37351134
2,total,0.26927653,0.54471415,1.0263402,0.32057402,0.36275768,0.73381394,0.48550665,942758.0,0.5812081,4.0,al,0.2754376,0.2754376
2,total,0.26927653,0.51967996,0.9322522,0.3432965,0.38798493,0.74877524,0.51112497,1014183.0,0.6142997,5.0,al,0.25040343,0.25040343
2,total,0.26927653,0.54743713,1.0364615,0.3318238,0.37170345,0.7556689,0.4982994,950529.0,0.59025514,5.0,rand,0.27816057,0.27816057
2,total,0.26927653,0.5333457,0.98480564,0.34009227,0.38191321,0.7564395,0.507565,985670.0,0.60476154,6.0,al,0.2640692,0.2640692
2,total,0.26927653,0.4734031,0.76077175,0.341342,0.39922798,0.70186347,0.5089555,1096868.0,0.6353121,6.0,rand,0.20412657,0.20412657
2,total,0.26927653,0.5109507,0.90118605,0.33856338,0.3862277,0.7328635,0.5058603,1025106.0,0.61445963,7.0,al,0.24167417,0.24167417
2,total,0.26927653,0.35091123,0.3066024,0.32520822,0.4337144,0.565199,0.4908027,1307463.0,0.6842029,7.0,rand,0.08163471,0.08163471
2,total,0.26927653,0.4992645,0.858108,0.33828375,0.3891075,0.72144115,0.5055481,1046267.0,0.6199943,8.0,rand,0.22998798,0.22998798
2,total,0.26927653,0.393834,0.46467748,0.34044605,0.42763388,0.6254401,0.5079588,1241842.0,0.67372316,8.0,al,0.12455748,0.12455748
2,total,0.26927653,0.37418842,0.39088354,0.3422749,0.438499,0.6093394,0.50999177,1279468.0,0.6846977,9.0,rand,0.104911886,0.104911886
2,total,0.26927653,0.32899025,0.2233328,0.3124614,0.43293458,0.5289389,0.47614515,1337340.0,0.68659586,9.0,al,0.05971373,0.05971373
2,total,0.26927653,0.4323293,0.60780233,0.33374795,0.40609136,0.65198696,0.5004658,1164804.0,0.64952475,10.0,al,0.16305275,0.16305275
2,total,0.26927653,0.50731874,0.8875947,0.33210167,0.38163468,0.71900076,0.49861264,1024858.0,0.6106258,10.0,rand,0.23804218,0.23804218
2,total,0.26927653,0.34211078,0.27043933,0.3293876,0.4427982,0.56256515,0.49554738,1327348.0,0.6915849,11.0,rand,0.07283425,0.07283425
2,total,0.26927653,0.4968166,0.8483899,0.3355636,0.3874325,0.71481353,0.5025044,1047897.0,0.6188729,11.0,al,0.22754006,0.22754006
2,total,0.26927653,0.33203956,0.23165639,0.31094187,0.42954567,0.52966267,0.47437885,1330325.0,0.68393636,12.0,al,0.06276304,0.06276304
2,total,0.26927653,0.4201487,0.56313694,0.3023172,0.38091725,0.59433883,0.46427536,1156589.0,0.63065875,12.0,rand,0.15087217,0.15087217
2,total,0.26927653,0.259105,0.037300255,0.29124728,0.45996538,0.44258916,0.4511095,1451946.0,0.7099772,13.0,rand,-0.010171526,0.010171526
2,total,0.26927653,0.35840797,0.32938623,0.30934334,0.41376284,0.55071825,0.47251627,1279456.0,0.66890746,13.0,al,0.08913145,0.08913145
