,images,gt_confluence,pred_confluence,relative_delta_confluence,iou,precision,recall,f1,true_negative,accuracy,step,method,dAbsConf,dAbsAbsConf
139,total,0.5766645,0.5931153,0.10331087,0.7815463,0.86521286,0.88989365,0.87737924,17473506.0,0.85656136,0.0,rand,0.01645078,0.01645078
139,total,0.5766645,0.48416048,0.22059035,0.64640206,0.86024415,0.722249,0.78522944,18098380.0,0.7721667,0.0,al,-0.09250406,0.09250406
139,total,0.5766645,0.24233037,0.54155946,0.36733446,0.90794915,0.38154376,0.5372997,20406400.0,0.6210516,10.0,al,-0.33433416,0.33433416
139,total,0.5766645,0.31313244,0.41766924,0.43703046,0.8641906,0.46925935,0.6082406,19377524.0,0.65141445,10.0,rand,-0.2635321,0.2635321
139,total,0.5766645,0.0829311,0.7892051,0.097709484,0.707969,0.10181299,0.17802408,20309132.0,0.45782924,20.0,al,-0.49373344,0.49373344
139,total,0.5766645,0.2778985,0.47403154,0.4099537,0.89410585,0.43087402,0.5815133,20044044.0,0.6423775,20.0,rand,-0.29876605,0.29876605
139,total,0.5766645,0.10085873,0.7844751,0.15785186,0.91582197,0.16017585,0.27266306,21109460.0,0.5072132,30.0,al,-0.4758058,0.4758058
139,total,0.5766645,0.0983585,0.7773648,0.13905847,0.8378416,0.14290458,0.24416363,20729884.0,0.489794,30.0,rand,-0.47830603,0.47830603
139,total,0.5766645,0.4936102,0.15036361,0.65128607,0.855187,0.73201686,0.78882235,17904156.0,0.77398264,40.0,al,-0.08305434,0.08305434
139,total,0.5766645,0.39394826,0.3213065,0.544889,0.8689969,0.59365356,0.7054081,18915380.0,0.7140661,40.0,rand,-0.18271628,0.18271628
139,total,0.5766645,0.07310123,0.8093803,0.073515,0.6087027,0.07716151,0.13696109,20085962.0,0.43922785,50.0,al,-0.5035633,0.5035633
139,total,0.5766645,0.2978147,0.4436544,0.43736112,0.89346725,0.46142384,0.6085608,19927048.0,0.6576953,50.0,rand,-0.27884984,0.27884984
139,total,0.5766645,0.16440627,0.6377484,0.2121831,0.78901625,0.2249461,0.3500839,19776432.0,0.51836705,60.0,al,-0.41225827,0.41225827
139,total,0.5766645,0.30978423,0.44231546,0.45116928,0.88964486,0.47791576,0.6218006,19801908.0,0.66474634,60.0,rand,-0.2668803,0.2668803
139,total,0.5766645,0.4736761,0.23666543,0.61615616,0.8453892,0.6944068,0.76249534,17814888.0,0.75053996,70.0,rand,-0.10298844,0.10298844
139,total,0.5766645,0.6728391,0.4000531,0.6737375,0.7475323,0.8722025,0.805069,12897627.0,0.75643384,70.0,al,0.0961746,0.0961746
139,total,0.5766645,0.35242417,0.35131258,0.4974709,0.87579316,0.53523284,0.6644143,19314064.0,0.6882119,80.0,rand,-0.22424036,0.22424036
139,total,0.5766645,0.30270484,0.5220669,0.42866287,0.8716437,0.45754486,0.60008913,19564388.0,0.64833146,80.0,al,-0.2739597,0.2739597
139,total,0.5766645,0.35199827,0.36779445,0.4710791,0.8448432,0.5156941,0.64045334,18762396.0,0.6661032,90.0,rand,-0.22466627,0.22466627
139,total,0.5766645,0.123737976,0.6987808,0.1525823,0.7493415,0.1607889,0.2647657,19963236.0,0.485041,90.0,al,-0.45292655,0.45292655
139,total,0.5766645,0.2659832,0.5272432,0.37346086,0.8614335,0.39732975,0.5438241,19666044.0,0.61560524,100.0,al,-0.31068134,0.31068134
139,total,0.5766645,0.5729752,0.14527144,0.73820597,0.8521236,0.84667057,0.8493879,17230012.0,0.826851,100.0,rand,-0.003689293,0.003689293
139,total,0.5766645,0.21190344,0.6055869,0.32645333,0.91586566,0.33654603,0.49221948,20634282.0,0.59958136,110.0,rand,-0.36476108,0.36476108
139,total,0.5766645,0.07340122,0.80542207,0.08245223,0.6746102,0.085867144,0.1523432,20326152.0,0.44896832,110.0,al,-0.5032633,0.5032633
139,total,0.5766645,0.3043381,0.41017684,0.4318107,0.87303096,0.46074566,0.6031669,19575204.0,0.65038973,120.0,al,-0.27232644,0.27232644
139,total,0.5766645,0.2764295,0.48323596,0.32342756,0.7542068,0.3615347,0.48877215,18084124.0,0.5638755,120.0,rand,-0.30023503,0.30023503
139,total,0.5766645,0.3436442,0.3826204,0.4846844,0.8742794,0.5209964,0.6529119,19343084.0,0.68057257,130.0,rand,-0.23302035,0.23302035
139,total,0.5766645,0.37144572,0.41223764,0.5312554,0.88556397,0.5704149,0.6938817,19378520.0,0.70976686,130.0,al,-0.20521882,0.20521882
139,total,0.5766645,0.30385247,0.45421177,0.4294856,0.87065226,0.45875713,0.60089487,19541564.0,0.6485819,140.0,rand,-0.27281207,0.27281207
139,total,0.5766645,0.44329798,0.2538223,0.6134275,0.874788,0.6724722,0.76040244,18717040.0,0.75562024,140.0,al,-0.13336655,0.13336655
139,total,0.5766645,0.23727834,0.5392644,0.32112756,0.83381546,0.34308597,0.48614123,19534984.0,0.58174914,150.0,rand,-0.3393862,0.3393862
139,total,0.5766645,0.05917488,0.8532421,0.08633697,0.85398245,0.08763059,0.15895046,21101808.0,0.4652285,150.0,al,-0.5174897,0.5174897
139,total,0.5766645,0.15797754,0.6690829,0.23571692,0.88706285,0.24300976,0.381506,20633612.0,0.54562914,160.0,rand,-0.418687,0.418687
139,total,0.5766645,0.2869527,0.48248312,0.39975673,0.85951847,0.4277015,0.57117987,19490224.0,0.62966436,160.0,al,-0.28971183,0.28971183
139,total,0.5766645,0.47866818,0.19608818,0.6577142,0.8747479,0.7260948,0.7935189,18490704.0,0.7820945,170.0,rand,-0.097996354,0.097996354
139,total,0.5766645,0.22309184,0.5693907,0.30651936,0.8410416,0.32536885,0.4692148,19736980.0,0.575502,170.0,al,-0.3535727,0.3535727
139,total,0.5766645,0.14136846,0.68354267,0.17626052,0.76110727,0.186583,0.29969606,19823000.0,0.4971596,180.0,al,-0.4352961,0.4352961
139,total,0.5766645,0.33796307,0.37863135,0.49479097,0.8958126,0.52500314,0.66201985,19749740.0,0.69087476,180.0,rand,-0.23870145,0.23870145
139,total,0.5766645,0.51611406,0.15102537,0.67999125,0.85700476,0.76701677,0.80951715,17786068.0,0.79184514,190.0,rand,-0.060550455,0.060550455
139,total,0.5766645,0.41932932,0.29646942,0.56509733,0.8575983,0.6236126,0.7221237,18502970.0,0.7232377,190.0,al,-0.1573352,0.1573352
139,total,0.5766645,0.35575807,0.39548978,0.47056657,0.8386778,0.51739883,0.6399795,18621102.0,0.6643095,200.0,al,-0.22090645,0.22090645
139,total,0.5766645,0.47308937,0.20819919,0.67240435,0.8921421,0.73190224,0.8041164,18944996.0,0.7943712,200.0,rand,-0.10357517,0.10357517
139,total,0.5766645,0.23046368,0.55066407,0.32183567,0.8527036,0.34078106,0.4869522,19814112.0,0.5859055,210.0,rand,-0.34620085,0.34620085
139,total,0.5766645,0.22022285,0.55725014,0.28219494,0.7963999,0.30413637,0.4401744,19259930.0,0.5538829,210.0,al,-0.35644168,0.35644168
139,total,0.5766645,0.19909179,0.61375946,0.26068282,0.8057126,0.2781686,0.41355774,19573196.0,0.54506457,220.0,al,-0.37757275,0.37757275
139,total,0.5766645,0.27513695,0.48833373,0.35995084,0.8194275,0.39096206,0.5293582,19013402.0,0.59910744,220.0,rand,-0.3015276,0.3015276
139,total,0.5766645,0.3635494,0.35235897,0.5059725,0.86890817,0.54778844,0.67195404,19116380.0,0.6915674,230.0,al,-0.21311513,0.21311513
139,total,0.5766645,0.22644366,0.5897154,0.35181484,0.92302233,0.36244926,0.52050704,20654496.0,0.6149161,230.0,rand,-0.35022086,0.35022086
139,total,0.5766645,0.64775914,0.17116897,0.76819414,0.82122,0.9224635,0.86890197,15648663.0,0.83948123,240.0,rand,0.07109463,0.07109463
139,total,0.5766645,0.35447088,0.3955298,0.4998583,0.8754467,0.53812826,0.6665402,19294878.0,0.68950456,240.0,al,-0.22219366,0.22219366
139,total,0.5766645,0.5304386,0.17184432,0.70261616,0.86130065,0.79225653,0.82533664,17797788.0,0.8066304,250.0,al,-0.046225913,0.046225913
139,total,0.5766645,0.32789665,0.39366332,0.44733217,0.85263616,0.48481512,0.6181468,19082708.0,0.6545912,250.0,rand,-0.2487679,0.2487679
139,total,0.5766645,0.39581746,0.34669554,0.60196745,0.92322296,0.63369054,0.7515347,19995096.0,0.7583727,260.0,rand,-0.18084708,0.18084708
139,total,0.5766645,1.000001,1.4803905,0.5766645,0.5766645,1.0,0.7314989,0.0,0.5766645,260.0,al,0.42333648,0.42333648
139,total,0.5766645,0.46167004,0.21613222,0.6370292,0.8752035,0.7006749,0.7782742,18609746.0,0.76977515,270.0,rand,-0.1149945,0.1149945
139,total,0.5766645,0.3245157,0.41632688,0.46031514,0.87535757,0.4926025,0.6304321,19483260.0,0.66695356,270.0,al,-0.25214884,0.25214884
139,total,0.5766645,1e-06,0.9999975,0.0,0.0,0.0,0.0,21541476.0,0.42333546,280.0,rand,-0.57666355,0.57666355
139,total,0.5766645,0.3255964,0.43422818,0.4546939,0.8661656,0.48905304,0.6251399,19324112.0,0.66177917,280.0,al,-0.25106815,0.25106815
139,total,0.5766645,0.4956621,0.19590484,0.6907066,0.8838269,0.7596767,0.81706214,18611384.0,0.8038316,290.0,rand,-0.081002444,0.081002444
139,total,0.5766645,0.38890257,0.35707536,0.5794502,0.9108618,0.6142836,0.7337361,19777492.0,0.7429051,290.0,al,-0.18776196,0.18776196
139,total,0.5766645,0.7490666,0.39346886,0.7191237,0.7403409,0.96167505,0.8366161,11644234.0,0.7833977,300.0,al,0.17240207,0.17240207
139,total,0.5766645,0.53513116,0.12220864,0.7241654,0.87261766,0.80976725,0.840018,18072836.0,0.82213336,300.0,rand,-0.04153338,0.04153338
139,total,0.5766645,0.47391504,0.21837528,0.6565423,0.8785958,0.72204703,0.7926654,18613794.0,0.78217924,310.0,rand,-0.10274949,0.10274949
139,total,0.5766645,0.49387574,0.16055016,0.688662,0.8839937,0.7570817,0.81562984,18626136.0,0.80262506,310.0,al,-0.08278878,0.08278878
139,total,0.5766645,0.22135459,0.5661632,0.31547633,0.86458945,0.331874,0.47963777,20016264.0,0.58474183,320.0,al,-0.35530993,0.35530993
139,total,0.5766645,0.28541446,0.44736758,0.39455384,0.8545611,0.42295513,0.5658491,19429224.0,0.6257285,320.0,rand,-0.29125008,0.29125008
139,total,0.5766645,0.5788103,0.11304915,0.751115,0.8562812,0.8594659,0.8578701,17308558.0,0.83577317,330.0,rand,0.002145733,0.002145733
139,total,0.5766645,0.5352637,0.121829,0.73879325,0.8826415,0.819272,0.8497765,18344992.0,0.83296293,330.0,al,-0.04140079,0.04140079
