,images,gt_confluence,pred_confluence,relative_delta_confluence,iou,precision,recall,f1,true_negative,accuracy,step,method,dAbsConf,dAbsAbsConf
3,total,0.15109126,0.029033389,0.75607824,0.12765585,0.7023476,0.13495703,0.22640896,660813.0,0.860658,0.0,al,-0.12205787,0.12205787
3,total,0.15109126,0.03910292,0.8012999,0.1883496,0.7709343,0.19951524,0.31699327,660565.0,0.87009686,0.0,rand,-0.111988336,0.111988336
3,total,0.15109126,0.06554131,0.4413472,0.19329827,0.535417,0.23225302,0.32397267,643663.0,0.8535512,1.0,al,-0.08554994,0.08554994
3,total,0.15109126,0.060221083,0.7030704,0.1483081,0.45319793,0.18063001,0.25830674,641713.0,0.8432719,1.0,rand,-0.09087017,0.09087017
3,total,0.15109126,0.03381575,0.7141414,0.12919033,0.6256158,0.14001498,0.22881909,657653.0,0.85740405,2.0,al,-0.117275506,0.117275506
3,total,0.15109126,0.014359521,0.9146559,0.060985357,0.6623273,0.06294236,0.11495969,663796.0,0.8535703,2.0,rand,-0.13673174,0.13673174
3,total,0.15109126,0.11894199,0.3266146,0.32310298,0.55441046,0.43643907,0.48840138,625929.0,0.861852,3.0,al,-0.03214927,0.03214927
3,total,0.15109126,0.07131168,0.5046764,0.25294784,0.629625,0.29716468,0.40376392,646838.0,0.86739606,3.0,rand,-0.07977958,0.07977958
3,total,0.15109126,0.07694344,0.5302035,0.2888488,0.66420424,0.3382426,0.44822714,647290.0,0.8741773,4.0,al,-0.07414781,0.07414781
3,total,0.15109126,0.09784926,0.4288872,0.23983711,0.49214435,0.31871775,0.3868844,628529.0,0.8473714,4.0,rand,-0.053242,0.053242
3,total,0.15109126,0.12773868,0.48777992,0.29007965,0.49081698,0.41495332,0.44970763,616458.0,0.8465627,5.0,rand,-0.023352576,0.023352576
3,total,0.15109126,0.15864663,0.17336433,0.38936928,0.547153,0.57451,0.5604974,611110.0,0.86386997,5.0,al,0.007555372,0.007555372
3,total,0.15109126,0.06637419,0.59380376,0.19519047,0.535078,0.2350555,0.32662612,643341.0,0.8535652,6.0,rand,-0.084717065,0.084717065
3,total,0.15109126,0.16224262,0.718605,0.33198017,0.4813468,0.5168696,0.49847564,601433.0,0.8428561,6.0,al,0.01115136,0.01115136
3,total,0.15109126,0.12503025,0.31481254,0.35882658,0.5831867,0.48259175,0.5281413,626625.0,0.86971027,7.0,al,-0.026061011,0.026061011
3,total,0.15109126,0.07383574,0.6256576,0.24582878,0.6011091,0.29374784,0.39464253,644447.0,0.86383945,7.0,rand,-0.07725552,0.07725552
3,total,0.15109126,0.32548115,0.96158695,0.2747126,0.31555116,0.67975897,0.43101844,492412.0,0.7288399,8.0,rand,0.17438988,0.17438988
3,total,0.15109126,0.2992068,0.86227673,0.27449274,0.3241325,0.6418791,0.43074775,508574.0,0.7436676,8.0,al,0.14811552,0.14811552
3,total,0.15109126,0.38138554,1.1936383,0.23751713,0.2679665,0.676401,0.38386035,448048.0,0.6719208,9.0,rand,0.23029427,0.23029427
3,total,0.15109126,0.11726988,0.26388648,0.306469,0.53681254,0.41664493,0.46915567,624892.0,0.8575427,9.0,al,-0.033821378,0.033821378
