,images,gt_confluence,pred_confluence,relative_delta_confluence,iou,precision,recall,f1,true_negative,accuracy,step,method,dAbsConf,dAbsAbsConf
139,total,0.5766645,0.51233643,0.15955816,0.73430216,0.89996064,0.7995666,0.8467979,18933424.0,0.83316344,0.0,al,-0.06432812,0.06432812
139,total,0.5766645,0.3305498,0.42139974,0.42753002,0.82196856,0.47115907,0.5989782,18546984.0,0.6361881,0.0,rand,-0.24611472,0.24611472
139,total,0.5766645,0.29108414,0.44516605,0.42947978,0.8956557,0.45210043,0.60088915,19995948.0,0.6536729,10.0,rand,-0.2855804,0.2855804
139,total,0.5766645,0.4568299,0.20509669,0.6587463,0.89844686,0.71174216,0.7942696,19180792.0,0.7873795,10.0,al,-0.11983464,0.11983464
139,total,0.5766645,0.22200479,0.54832244,0.32792774,0.8884025,0.34201637,0.49389353,20280794.0,0.59578913,20.0,rand,-0.35465977,0.35465977
139,total,0.5766645,0.19342563,0.6101065,0.29122636,0.89796114,0.3011938,0.45108452,20537164.0,0.5772864,20.0,al,-0.3832389,0.3832389
139,total,0.5766645,0.45204088,0.19740425,0.66184705,0.90631765,0.7104507,0.7965193,19386584.0,0.79067904,30.0,rand,-0.12462366,0.12462366
139,total,0.5766645,0.08364942,0.784057,0.09439395,0.68086743,0.09876364,0.1725043,20183100.0,0.45359403,30.0,al,-0.4930151,0.4930151
139,total,0.5766645,0.13969623,0.6990146,0.19471562,0.8357683,0.20246232,0.32596114,20374050.0,0.51714593,40.0,rand,-0.43696833,0.43696833
139,total,0.5766645,0.11013078,0.7365842,0.15041384,0.8153717,0.1557174,0.2614949,20506824.0,0.4927991,40.0,al,-0.46653375,0.46653375
139,total,0.5766645,0.36616123,0.3824786,0.46609536,0.8186012,0.5197809,0.6358318,18161634.0,0.65665364,50.0,rand,-0.21050331,0.21050331
139,total,0.5766645,0.15941939,0.671995,0.21438754,0.8151369,0.22534385,0.35307893,20041862.0,0.5238127,50.0,al,-0.41724515,0.41724515
139,total,0.5766645,0.35148755,0.40452898,0.549603,0.9365665,0.5708527,0.70934635,20406940.0,0.73023,60.0,rand,-0.22517699,0.22517699
139,total,0.5766645,0.1099103,0.7362538,0.11851514,0.6618884,0.12615253,0.21191485,19650504.0,0.45892155,60.0,al,-0.46675423,0.46675423
139,total,0.5766645,0.44254783,0.23821938,0.6286307,0.88895136,0.68220353,0.771974,19040766.0,0.7675938,70.0,rand,-0.13411671,0.13411671
139,total,0.5766645,0.8928348,1.034234,0.5900417,0.61076295,0.9456274,0.7421709,3857675.0,0.6211212,70.0,al,0.31617028,0.31617028
139,total,0.5766645,0.1625195,0.6393937,0.21748143,0.81247324,0.22897528,0.35726413,19990672.0,0.5249008,80.0,rand,-0.41414505,0.41414505
139,total,0.5766645,0.3769184,0.37162957,0.4932798,0.83572614,0.5462443,0.6606658,18390788.0,0.6764175,80.0,al,-0.19974612,0.19974612
139,total,0.5766645,0.29373187,0.4185474,0.39790756,0.8434721,0.42963246,0.5692898,19201928.0,0.6251122,90.0,al,-0.28293267,0.28293267
139,total,0.5766645,0.24077435,0.5135468,0.34531057,0.8714323,0.36384705,0.513354,19966292.0,0.60219747,90.0,rand,-0.33589017,0.33589017
139,total,0.5766645,0.2686368,0.5186166,0.3884051,0.88027,0.4100686,0.5594978,19904820.0,0.6276437,100.0,al,-0.30802774,0.30802774
139,total,0.5766645,0.15933147,0.664716,0.227352,0.8556687,0.23641838,0.37047526,20371304.0,0.5366732,100.0,rand,-0.41733307,0.41733307
139,total,0.5766645,0.13360214,0.69222397,0.17507109,0.79206526,0.18350498,0.297975,20127872.0,0.501376,110.0,rand,-0.4430624,0.4430624
139,total,0.5766645,0.24405327,0.5277584,0.34497076,0.8625414,0.36503923,0.51297843,19834428.0,0.6002935,110.0,al,-0.33261126,0.33261126
139,total,0.5766645,0.41475293,0.34625575,0.57486683,0.8725516,0.6275615,0.73005086,18851716.0,0.73236847,120.0,rand,-0.16191162,0.16191162
139,total,0.5766645,0.2276763,0.5412696,0.3159801,0.84826994,0.33490896,0.48021978,19783640.0,0.5819204,120.0,al,-0.34898823,0.34898823
139,total,0.5766645,0.42973715,0.27297235,0.60966396,0.88700145,0.66100234,0.75750417,19070516.0,0.7559525,130.0,rand,-0.14692737,0.14692737
139,total,0.5766645,0.40095586,0.3125273,0.5753896,0.89052963,0.61918527,0.7304723,19307992.0,0.736505,130.0,al,-0.17570868,0.17570868
139,total,0.5766645,0.46938545,0.22886856,0.6097994,0.8441868,0.687138,0.75760865,17819926.0,0.74644727,140.0,al,-0.107279085,0.107279085
139,total,0.5766645,0.15662582,0.6834685,0.24538085,0.9224722,0.25054783,0.39406523,20923588.0,0.55567473,140.0,rand,-0.4200387,0.4200387
139,total,0.5766645,0.4780391,0.20291127,0.6667214,0.8825695,0.7316244,0.80003893,18684976.0,0.78910106,150.0,rand,-0.09862544,0.09862544
139,total,0.5766645,0.32574576,0.44491786,0.4647913,0.87903947,0.49654952,0.6346173,19536488.0,0.6702757,150.0,al,-0.25091878,0.25091878
139,total,0.5766645,0.2432362,0.5281327,0.33123314,0.8387142,0.35376686,0.49763313,19545232.0,0.5881099,160.0,al,-0.33342835,0.33342835
139,total,0.5766645,0.38763422,0.3182122,0.53930837,0.87156886,0.5858676,0.7007147,19008202.0,0.71140033,160.0,rand,-0.18903032,0.18903032
139,total,0.5766645,0.58948904,0.0958218,0.7679554,0.8593005,0.8784091,0.86874926,17321030.0,0.8469422,170.0,rand,0.012824513,0.012824513
139,total,0.5766645,0.2231408,0.6002231,0.3299207,0.8891817,0.34406805,0.49615052,20283190.0,0.5970193,170.0,al,-0.35352373,0.35352373
139,total,0.5766645,0.37042698,0.35325408,0.56030697,0.9181339,0.5897721,0.7182005,19998368.0,0.7331108,180.0,rand,-0.20623754,0.20623754
139,total,0.5766645,0.1862906,0.60221577,0.24178053,0.7974185,0.25760347,0.38940907,19621132.0,0.5341474,180.0,al,-0.39037392,0.39037392
139,total,0.5766645,0.1816701,0.6429411,0.24407491,0.8189471,0.2579964,0.3923794,19867776.0,0.5392211,190.0,al,-0.39499444,0.39499444
139,total,0.5766645,0.16401844,0.66069305,0.20748076,0.77596,0.22070193,0.34365857,19671628.0,0.51386,190.0,rand,-0.41264609,0.41264609
139,total,0.5766645,0.46108088,0.23238209,0.641728,0.8797596,0.7034236,0.7817709,18720384.0,0.7735345,200.0,rand,-0.11558365,0.11558365
139,total,0.5766645,0.4377876,0.2497811,0.62999666,0.89561266,0.6799225,0.77300316,19216056.0,0.7697233,200.0,al,-0.13887694,0.13887694
139,total,0.5766645,0.44869965,0.23765251,0.6265666,0.88027495,0.6849358,0.77041566,18807904.0,0.7645932,210.0,rand,-0.12796488,0.12796488
139,total,0.5766645,0.50780284,0.20906541,0.7018949,0.8807672,0.77558994,0.82483876,18460554.0,0.81004405,210.0,al,-0.068861686,0.068861686
139,total,0.5766645,0.33922017,0.38106206,0.49973834,0.89967805,0.52922976,0.6664336,19809798.0,0.6944924,220.0,al,-0.23744437,0.23744437
139,total,0.5766645,0.48711455,0.17081583,0.6773017,0.8818441,0.74490136,0.8076082,18612764.0,0.79533833,220.0,rand,-0.08954997,0.08954997
139,total,0.5766645,0.4337916,0.270721,0.5732439,0.848751,0.63846517,0.7287408,18202884.0,0.7259053,230.0,al,-0.14287293,0.14287293
139,total,0.5766645,0.2746131,0.4874405,0.37093952,0.8387564,0.3994223,0.541146,19288312.0,0.60938865,230.0,rand,-0.30205142,0.30205142
139,total,0.5766645,0.27759564,0.49371013,0.39864993,0.8771245,0.42222998,0.57004917,19805806.0,0.63271093,240.0,rand,-0.2990689,0.2990689
139,total,0.5766645,0.30230573,0.45476642,0.41767547,0.8566253,0.4490685,0.5892394,19335970.0,0.6389545,240.0,al,-0.2743588,0.2743588
139,total,0.5766645,0.59132737,0.15861972,0.70906496,0.8194825,0.840318,0.82976896,16109756.0,0.8011723,250.0,al,0.01466283,0.01466283
139,total,0.5766645,0.48656622,0.1893011,0.64345866,0.855555,0.7218812,0.78305376,17965172.0,0.7693368,250.0,rand,-0.09009833,0.09009833
139,total,0.5766645,0.49894416,0.15828034,0.63510054,0.83733815,0.7244838,0.7768332,17411688.0,0.75996053,260.0,al,-0.07772038,0.07772038
139,total,0.5766645,0.3846039,0.32042804,0.54306537,0.87962884,0.58666307,0.70387816,19185744.0,0.7153482,260.0,rand,-0.19206065,0.19206065
139,total,0.5766645,0.21155831,0.5678462,0.2856412,0.8277925,0.30368707,0.4443556,19687642.0,0.5620293,270.0,al,-0.36510623,0.36510623
139,total,0.5766645,0.29551834,0.44210228,0.42631522,0.88214386,0.45206317,0.597785,19769222.0,0.64919573,270.0,rand,-0.2811462,0.2811462
139,total,0.5766645,0.4944489,0.16274147,0.6922239,0.8861419,0.7598023,0.8181228,18676802.0,0.8051896,280.0,al,-0.08221563,0.08221563
139,total,0.5766645,0.18906869,0.5961371,0.26890752,0.8582871,0.28140166,0.4238406,20178094.0,0.5588165,280.0,rand,-0.38759583,0.38759583
139,total,0.5766645,0.5955717,0.13835263,0.7616544,0.8509787,0.87887836,0.864703,17025282.0,0.8414007,290.0,al,0.018907174,0.018907174
139,total,0.5766645,0.3659376,0.35183802,0.51384085,0.87432027,0.5548213,0.67885673,19201228.0,0.6972904,290.0,rand,-0.21072695,0.21072695
139,total,0.5766645,0.6301612,0.10114032,0.76518667,0.8301756,0.9071889,0.86697483,16095924.0,0.8394625,300.0,al,0.05349672,0.05349672
139,total,0.5766645,0.3227459,0.41376653,0.45109984,0.8663102,0.48485243,0.6217346,19345900.0,0.659785,300.0,rand,-0.25391865,0.25391865
139,total,0.5766645,0.62617916,0.12686387,0.7560551,0.8270395,0.8980508,0.8610831,16030409.0,0.8329054,310.0,rand,0.04951461,0.04951461
139,total,0.5766645,0.29282004,0.48612747,0.41480437,0.8705806,0.4420639,0.58637655,19613110.0,0.6403616,310.0,al,-0.2838445,0.2838445
139,total,0.5766645,0.36580598,0.3755243,0.52997506,0.89246005,0.5661287,0.69278866,19539724.0,0.71046317,320.0,rand,-0.21085855,0.21085855
139,total,0.5766645,0.18526727,0.6308912,0.26927766,0.8724948,0.2803083,0.42430025,20339448.0,0.5613569,320.0,al,-0.39139727,0.39139727
139,total,0.5766645,0.3521279,0.35919455,0.48626992,0.862976,0.5269564,0.65434897,19086276.0,0.6789627,330.0,rand,-0.22453663,0.22453663
139,total,0.5766645,0.57851785,0.081413075,0.7464647,0.8534609,0.85620236,0.85482895,17227672.0,0.8323017,330.0,al,0.0018533294,0.0018533294
