,images,gt_confluence,pred_confluence,relative_delta_confluence,iou,precision,recall,f1,true_negative,accuracy,step,method,dAbsConf,dAbsAbsConf
2,total,0.26927653,0.46877664,0.7459246,0.3504181,0.40854537,0.7112247,0.5189767,1114433.0,0.6449801,0.0,rand,0.1995001,0.1995001
2,total,0.26927653,0.41036436,0.5270417,0.3487776,0.42827085,0.6526624,0.5171754,1219232.0,0.6718534,0.0,al,0.14108783,0.14108783
2,total,0.26927653,0.56345516,1.0962772,0.34529924,0.37933484,0.7937483,0.5133415,936363.0,0.59474486,1.0,rand,0.29417866,0.29417866
2,total,0.26927653,0.60922015,1.2656077,0.32427764,0.35310513,0.79887545,0.48974225,827284.0,0.5517411,1.0,al,0.33994362,0.33994362
2,total,0.26927653,0.49074277,0.8243113,0.32239702,0.37757236,0.688105,0.48759446,1045149.0,0.61056274,2.0,rand,0.22146624,0.22146624
2,total,0.26927653,0.4008449,0.49328452,0.32323632,0.4083761,0.60790694,0.4885537,1213009.0,0.6572697,2.0,al,0.13156839,0.13156839
2,total,0.26927653,0.23838967,0.14441349,0.25563136,0.43355456,0.3838229,0.4071753,1463966.0,0.6990438,3.0,al,-0.030886859,0.030886859
2,total,0.26927653,0.4668182,0.73763317,0.3475601,0.40669426,0.7050443,0.5158357,1115156.0,0.64361,3.0,rand,0.19754168,0.19754168
2,total,0.26927653,0.53105974,0.9761282,0.33885145,0.38142255,0.75222963,0.50618184,988502.0,0.60478026,4.0,rand,0.2617832,0.2617832
2,total,0.26927653,0.43759418,0.62880087,0.32705227,0.39810532,0.64694893,0.4928999,1148531.0,0.6415466,4.0,al,0.16831765,0.16831765
2,total,0.26927653,0.63544005,1.3646648,0.3263679,0.35033345,0.82671726,0.49212232,781271.0,0.54051554,5.0,al,0.36616352,0.36616352
2,total,0.26927653,0.51498675,0.91561997,0.34027997,0.38664016,0.7394413,0.507774,1019540.0,0.61396605,5.0,rand,0.24571022,0.24571022
2,total,0.26927653,0.48037454,0.7878459,0.343205,0.39874095,0.7113305,0.5110236,1086000.0,0.6334391,6.0,al,0.211098,0.211098
2,total,0.26927653,0.4972117,0.847833,0.32311046,0.3764605,0.6951225,0.48840997,1033895.0,0.60787314,6.0,rand,0.22793517,0.22793517
2,total,0.26927653,0.5889642,1.1915572,0.32109246,0.35417455,0.77465266,0.486101,861035.0,0.5589518,7.0,al,0.3196877,0.3196877
2,total,0.26927653,0.18567157,0.31019935,0.21843302,0.43927294,0.3028859,0.35854694,1539964.0,0.70817304,7.0,rand,-0.083604954,0.083604954
2,total,0.26927653,0.3008616,0.11917512,0.31683493,0.45594844,0.50942767,0.48120627,1393557.0,0.7042167,8.0,rand,0.031585068,0.031585068
2,total,0.26927653,0.40068623,0.49239618,0.34220856,0.4263022,0.6343404,0.50991815,1230892.0,0.67166424,8.0,al,0.13140969,0.13140969
2,total,0.26927653,0.35158587,0.30695692,0.31829736,0.42636752,0.5566931,0.4828911,1300176.0,0.6789473,9.0,rand,0.08230935,0.08230935
2,total,0.26927653,0.41782042,0.55494964,0.34292367,0.41992807,0.6515759,0.5107116,1200189.0,0.6638123,9.0,al,0.1485439,0.1485439
2,total,0.26927653,0.4847365,0.8047369,0.3416013,0.39606777,0.7129775,0.5092437,1076370.0,0.6299642,10.0,al,0.21545999,0.21545999
2,total,0.26927653,0.31645527,0.17342952,0.30826515,0.4361298,0.5125405,0.47125742,1357294.0,0.69029945,10.0,rand,0.047178734,0.047178734
2,total,0.26927653,0.48603413,0.80555385,0.3299742,0.38556352,0.6959264,0.496211,1061897.0,0.61948365,11.0,rand,0.2167576,0.2167576
2,total,0.26927653,0.49347675,0.8338248,0.32376692,0.3780408,0.69279695,0.48915955,1041535.0,0.6103556,11.0,al,0.22420022,0.22420022
2,total,0.26927653,0.19565977,0.27241737,0.2524306,0.47894046,0.3480025,0.40310463,1545274.0,0.7224825,12.0,al,-0.07361676,0.07361676
2,total,0.26927653,0.31125996,0.15404133,0.32127562,0.4535146,0.52422124,0.4863108,1377792.0,0.7017855,12.0,rand,0.041983422,0.041983422
2,total,0.26927653,0.3509731,0.30404007,0.31920394,0.42761165,0.5573444,0.4839337,1302113.0,0.6799109,13.0,rand,0.081696555,0.081696555
2,total,0.26927653,0.23824155,0.1160338,0.29347566,0.4833356,0.42762786,0.4537779,1493319.0,0.7227832,13.0,al,-0.03103497,0.03103497
