,images,gt_confluence,pred_confluence,relative_delta_confluence,iou,precision,recall,f1,true_negative,accuracy,step,method,dAbsConf,dAbsAbsConf
3,total,0.15109126,0.18605904,0.7681823,0.27237433,0.38790476,0.47767687,0.42813507,578046.0,0.8071963,0.0,al,0.034967788,0.034967788
3,total,0.15109126,0.12790017,0.7230979,0.284276,0.4828402,0.4087256,0.44270188,615591.0,0.8445193,0.0,rand,-0.023191087,0.023191087
3,total,0.15109126,0.073948905,0.4848592,0.27026212,0.64747655,0.31689152,0.42552137,647108.0,0.8707199,1.0,al,-0.07714235,0.07714235
3,total,0.15109126,0.07286808,0.65884,0.22171971,0.5577873,0.26900515,0.36296287,642268.0,0.8573303,1.0,rand,-0.078223184,0.078223184
3,total,0.15109126,0.023029055,0.87416285,0.12872063,0.86228603,0.13142237,0.22808212,665115.0,0.8655942,2.0,al,-0.1280622,0.1280622
3,total,0.15109126,0.07673237,0.51941955,0.24785486,0.5897355,0.29949588,0.39724904,642852.0,0.8626798,2.0,rand,-0.074358895,0.074358895
3,total,0.15109126,0.13986433,0.4800984,0.30880636,0.49083123,0.4543565,0.4718896,611604.0,0.846344,3.0,al,-0.011226926,0.011226926
3,total,0.15109126,0.0991755,0.41749594,0.2967768,0.57751876,0.37907645,0.45771405,634658.0,0.8642845,3.0,rand,-0.051915757,0.051915757
3,total,0.15109126,0.1586568,0.4602165,0.37547362,0.5329401,0.5596223,0.5459549,609333.0,0.859361,4.0,al,0.0075655445,0.0075655445
3,total,0.15109126,0.04843621,0.7259571,0.154017,0.54978865,0.17624535,0.26692292,650460.0,0.8537318,4.0,rand,-0.102655046,0.102655046
3,total,0.15109126,0.053142276,0.70309514,0.22051582,0.69436735,0.24422039,0.36134818,654836.0,0.8695666,5.0,rand,-0.09794898,0.09794898
3,total,0.15109126,0.017844882,0.8699921,0.06879047,0.60934937,0.07196418,0.12872565,662127.0,0.85281116,5.0,al,-0.13324638,0.13324638
3,total,0.15109126,0.07260232,0.5476947,0.25366294,0.6234237,0.29956323,0.40467444,646108.0,0.86683017,6.0,rand,-0.07848894,0.07848894
3,total,0.15109126,0.09785561,0.525696,0.2688205,0.53899634,0.34908226,0.4237324,632132.0,0.8565407,6.0,al,-0.053235643,0.053235643
3,total,0.15109126,0.08771233,0.565766,0.28565463,0.60492325,0.35116938,0.4443718,640357.0,0.86731464,7.0,al,-0.06337892,0.06337892
3,total,0.15109126,0.05294518,0.594336,0.16386689,0.5425943,0.19013155,0.28159004,648564.0,0.853419,7.0,rand,-0.09814607,0.09814607
3,total,0.15109126,0.4112419,1.4684031,0.24745001,0.2712445,0.7382746,0.39672896,431920.0,0.66076154,8.0,rand,0.26015064,0.26015064
3,total,0.15109126,0.19438271,0.7131109,0.29919234,0.4092943,0.5265647,0.46058157,577309.0,0.81364566,8.0,al,0.043291457,0.043291457
3,total,0.15109126,0.34171015,1.0271661,0.24780336,0.28640163,0.64772815,0.39718294,475843.0,0.7029317,9.0,rand,0.19061887,0.19061887
3,total,0.15109126,0.19500451,0.4106289,0.3158518,0.426019,0.5498346,0.4800715,579585.0,0.82005566,9.0,al,0.043913253,0.043913253
