,images,gt_confluence,pred_confluence,relative_delta_confluence,iou,precision,recall,f1,true_negative,accuracy,step,method,dAbsConf,dAbsAbsConf
2,total,0.35496256,0.019061465,0.94613725,0.04530097,0.8504152,0.045664843,0.08667537,1578237.0,0.6583956,0.0,al,-0.3359011,0.3359011
2,total,0.35496256,0.10185566,0.7127695,0.2336494,0.8494435,0.24374337,0.3787935,1547557.0,0.71622235,0.0,rand,-0.25310692,0.25310692
2,total,0.35496256,0.43811867,0.23446147,0.60922635,0.6853113,0.84585536,0.75716627,1246413.0,0.80741376,1.0,al,0.08315611,0.08315611
2,total,0.35496256,0.57322246,0.61588967,0.56311584,0.5833353,0.94201565,0.72050387,998268.0,0.74057657,1.0,rand,0.21825987,0.21825987
2,total,0.35496256,0.37202492,0.07547255,0.49604937,0.6479395,0.6790829,0.66314524,1263360.0,0.7551115,2.0,al,0.01706236,0.01706236
2,total,0.35496256,0.07523212,0.78916645,0.1540365,0.76325667,0.16176538,0.26695228,1541473.0,0.6846476,2.0,rand,-0.27973044,0.27973044
2,total,0.35496256,0.7458282,1.1024776,0.4587065,0.46412304,0.97518903,0.6289218,603011.0,0.5915214,3.0,rand,0.39086565,0.39086565
2,total,0.35496256,0.5978908,0.6841928,0.52832294,0.5509203,0.92795604,0.69137555,925378.0,0.7059269,3.0,al,0.24292825,0.24292825
2,total,0.35496256,0.5510244,0.55191785,0.55175704,0.5846226,0.9075343,0.71113795,1022742.0,0.7382955,4.0,al,0.19606179,0.19606179
2,total,0.35496256,0.3260337,0.08356296,0.42340866,0.62131673,0.5706787,0.59492165,1281821.0,0.72414386,4.0,rand,-0.02892885,0.02892885
2,total,0.35496256,0.4101593,0.15548564,0.5565181,0.66696596,0.7706773,0.71508026,1249544.0,0.7820024,5.0,al,0.05519672,0.05519672
2,total,0.35496256,0.6806972,0.9177904,0.45504442,0.47581804,0.91245544,0.62547106,708351.0,0.6121163,5.0,rand,0.32573465,0.32573465
2,total,0.35496256,0.47613463,0.33875716,0.4229388,0.5188165,0.6959212,0.5944577,1022189.0,0.6629557,6.0,rand,0.12117206,0.12117206
2,total,0.35496256,0.6734637,0.89890766,0.50017893,0.5091451,0.9659898,0.6668253,772829.0,0.6573551,6.0,al,0.31850117,0.31850117
2,total,0.35496256,0.596852,0.67991334,0.44281957,0.48944145,0.8229702,0.61382484,836346.0,0.63243365,7.0,rand,0.24188943,0.24188943
2,total,0.35496256,0.5718866,0.61098504,0.49772266,0.5385865,0.8677249,0.6646388,936743.0,0.68917155,7.0,al,0.21692401,0.21692401
2,total,0.35496256,0.29959044,0.15475684,0.50233525,0.7305408,0.6165786,0.6687387,1386849.0,0.7831726,8.0,rand,-0.055372126,0.055372126
2,total,0.35496256,0.65022725,0.83301526,0.51317686,0.5242767,0.9603786,0.67827696,825040.0,0.6766081,8.0,al,0.29526466,0.29526466
2,total,0.35496256,0.4547996,0.2849587,0.5745213,0.64967394,0.83239985,0.7297722,1193680.0,0.78118044,9.0,rand,0.09983702,0.09983702
2,total,0.35496256,0.26691303,0.24488465,0.47674942,0.75217354,0.56559247,0.64567363,1422679.0,0.7796537,9.0,al,-0.08804954,0.08804954
2,total,0.35496256,0.54232806,0.52904135,0.5323565,0.5747965,0.8781988,0.6948202,1018523.0,0.7261658,10.0,al,0.1873655,0.1873655
2,total,0.35496256,0.67297506,0.89783126,0.48614717,0.4996593,0.9473048,0.6542378,757730.0,0.6445789,10.0,rand,0.31801248,0.31801248
2,total,0.35496256,0.48731464,0.3751167,0.5513413,0.6142698,0.84330595,0.7107926,1123285.0,0.75640786,11.0,al,0.13235207,0.13235207
2,total,0.35496256,0.4863637,0.37252742,0.46882468,0.5521336,0.7565226,0.63836664,1049916.0,0.6957491,11.0,rand,0.13140115,0.13140115
2,total,0.35496256,0.15347145,0.5671637,0.32701752,0.8164006,0.35297632,0.49286047,1515996.0,0.7421537,12.0,al,-0.2014911,0.2014911
2,total,0.35496256,0.094506614,0.7321828,0.21192536,0.8316649,0.22142336,0.34973302,1546147.0,0.7077258,12.0,rand,-0.26045594,0.26045594
2,total,0.35496256,0.2962685,0.16627292,0.5251409,0.75686127,0.63171,0.68864524,1408213.0,0.79723674,13.0,al,-0.05869407,0.05869407
2,total,0.35496256,0.3980202,0.1221303,0.5664665,0.684122,0.7671054,0.7232407,1276261.0,0.79160565,13.0,rand,0.04305764,0.04305764
